436 4551 401 5 35 30 5
797 3741 400 13 397 384 3
933 7143 928 1 5 4 4
1289 8228 518 11 771 760 0
1523 2925 1513 3 10 7 3
2361 3166 2346 3 15 12 6
3048 7648 3025 6 23 17 1
3615 4124 1311 8 2304 2296 1
4357 129 1576 14 2781 2767 4
4645 9957 4640 2 5 3 3
4842 5146 4836 2 6 4 4
5320 6424 5285 3 35 32 0
5540 965 1903 10 3637 3627 5
5850 4990 5747 6 103 97 0
6386 9469 6331 3 55 52 4
6911 8602 6870 3 41 38 4
8589 8202 2425 14 6164 6150 0
8841 3808 8840 1 1 0 0
9070 8876 2599 7 6471 6464 6
9922 849 2973 9 6949 6940 2
10441 9356 10429 3 12 9 2
10555 2073 10553 1 2 1 1
10575 4553 10570 1 5 4 4
10731 1990 10679 6 52 46 3
11181 7135 3185 11 7996 7985 5
11532 1731 11529 1 3 2 2
11939 6997 11888 5 51 46 5
12349 8793 12329 5 20 15 3
12434 3260 3489 8 8945 8937 2
13395 5437 13274 6 121 115 3
13544 9849 13542 2 2 0 0
13802 8967 3732 12 10070 10058 1
14613 4175 3912 9 10701 10692 7
14701 7787 14679 5 22 17 5
14719 389 4005 13 10714 10701 0
14900 6140 14811 6 89 83 2
16405 4589 16384 5 21 16 2
16429 911 16426 1 3 2 2
17586 3403 17578 2 8 6 6
17757 8942 17746 4 11 7 3
17849 8203 17833 3 16 13 2
17998 8521 17967 4 31 27 3
18464 7604 5115 59 13349 13290 2
18644 892 5299 10 13345 13335 2
18920 2356 18888 4 32 28 3
19702 7935 19687 4 15 11 2
20082 8697 20062 6 20 14 2
20119 857 5795 7 14324 14317 0
20240 9948 20236 2 4 2 2
21116 1503 5833 28 15283 15255 8
21149 2345 5873 8 15276 15268 7
21202 5203 5906 28 15296 15268 2
21303 6129 21281 6 22 16 2
22310 1330 6004 14 16306 16292 0
22332 2518 6008 11 16324 16313 4
22372 4837 6029 14 16343 16329 1
23726 503 23723 1 3 2 2
24395 1040 24381 5 14 9 2
24902 4065 24896 2 6 4 4
24914 6156 24889 4 25 21 0
24973 2429 24945 3 28 25 7
25282 9280 25279 1 3 2 2
25901 1723 25899 1 2 1 1
26076 7916 26025 6 51 45 6
26342 3946 26336 2 6 4 4
26377 5286 26375 2 2 0 0
26509 8554 26455 4 54 50 2
27160 7757 6901 7 20259 20252 3
27405 5269 27347 6 58 52 3
27417 3960 27370 5 47 42 1
27632 1489 27556 4 76 72 3
27941 2403 27939 2 2 0 0
28394 5405 28351 4 43 39 4
28429 1568 28402 4 27 23 1
29223 2463 7352 11 21871 21860 7
29654 981 29607 5 47 42 5
29883 5470 29872 4 11 7 3
29902 7656 29882 5 20 15 2
30278 9316 7629 11 22649 22638 4
30410 5297 7657 11 22753 22742 1
30432 1036 7674 9 22758 22749 3
30634 213 30628 2 6 4 4
30675 7649 30650 3 25 22 0
31268 3063 31261 2 7 5 5
32507 429 32491 4 16 12 2
33017 4285 32994 3 23 20 4
33255 7573 33250 2 5 3 3
33575 5679 33573 2 2 0 0
33906 8546 33869 4 37 33 3
34007 3745 33979 6 28 22 2
34196 1869 34173 3 23 20 3
34495 9700 34493 1 2 1 1
35149 7312 35107 3 42 39 2
35160 3455 35155 2 5 3 3
35428 9888 35424 1 4 3 3
35577 607 35571 1 6 5 5
35628 6113 9024 7 26604 26597 6
35643 3815 9039 11 26604 26593 0
35904 6581 35826 4 78 74 3
36100 8378 36025 3 75 72 4
36482 8483 36451 6 31 25 4
36706 3298 36642 6 64 58 2
36780 6283 9115 7 27665 27658 5
37391 62 9362 12 28029 28017 6
37443 5986 37417 6 26 20 2
37495 3589 37490 2 5 3 3
38228 6088 38219 2 9 7 7
38865 1100 38855 2 10 8 8
39046 1906 39044 2 2 0 0
39100 2690 9790 13 29310 29297 0
39163 2650 9791 10 29372 29362 2
39500 7805 39496 2 4 2 2
39832 4078 39817 6 15 9 2
39980 1375 10031 9 29949 29940 7
40038 4458 40023 6 15 9 3
40122 6709 40083 3 39 36 3
40342 2019 10130 7 30212 30205 4
40921 30 40915 1 6 5 5
41198 823 41194 1 4 3 3
41223 4643 10353 12 30870 30858 4
41880 305 41842 5 38 33 4
42302 9501 10635 8 31667 31659 4
42612 6551 42595 3 17 14 0
42912 5518 42886 5 26 21 0
43032 7837 43001 21 31 10 4
43631 573 43628 1 3 2 2
43634 1113 43582 4 52 48 4
43791 9431 43788 2 3 1 1
44547 9047 11240 11 33307 33296 1
44846 8345 44820 5 26 21 10
45052 3664 45051 1 1 0 0
46039 3479 11811 7 34228 34221 5
46627 1311 46593 6 34 28 0
47068 4729 47053 6 15 9 3
47085 1422 12073 10 35012 35002 4
47582 310 47573 1 9 8 8
47603 2321 47576 6 27 21 10
47957 3563 12487 8 35470 35462 5
48193 5519 48109 3 84 81 1
48740 1287 12660 13 36080 36067 3
49014 6697 12835 12 36179 36167 0
50315 767 50278 3 37 34 2
50386 5719 50383 2 3 1 1
50509 541 50488 3 21 18 5
50996 806 13253 47 37743 37696 0
51089 1413 51083 2 6 4 4
51165 3565 51109 6 56 50 3
51667 717 13477 9 38190 38181 0
51864 1490 51846 5 18 13 4
52184 3016 52180 2 4 2 2
52966 4198 52961 2 5 3 3
53035 8850 13719 39 39316 39277 1
53412 409 53408 2 4 2 2
53457 9120 53415 5 42 37 1
53488 8191 53437 6 51 45 6
53983 2754 53954 3 29 26 1
54198 3860 14152 7 40046 40039 2
54298 3656 14175 24 40123 40099 4
54638 9001 54571 3 67 64 4
54679 1184 54673 1 6 5 5
55963 7766 55938 4 25 21 2
55976 2888 55962 7 14 7 2
56567 2559 56540 4 27 23 8
56646 8359 56636 2 10 8 8
56726 2417 56709 4 17 13 2
56837 556 56834 1 3 2 2
56956 8543 56945 3 11 8 4
57576 3139 57558 5 18 13 7
57652 2327 57639 2 13 11 11
58543 8326 58542 1 1 0 0
58704 4682 58700 1 4 3 3
59133 6683 15128 59 44005 43946 0
59428 9592 59416 3 12 9 2
60159 1448 60122 3 37 34 2
60168 8930 60131 5 37 32 4
60958 1122 60943 5 15 10 4
61025 8282 15907 11 45118 45107 4
61052 9571 61037 5 15 10 1
61065 5963 15931 11 45134 45123 0
61996 9672 61989 1 7 6 6
62067 4238 61987 5 80 75 5
62135 5 62062 12 73 61 0
63066 3375 16546 7 46520 46513 3
63458 5530 63407 6 51 45 3
63743 5590 16650 13 47093 47080 4
64018 9641 64015 1 3 2 2
64025 8018 64004 3 21 18 0
64481 5626 64465 3 16 13 4
65409 1922 65406 1 3 2 2
65840 6077 65823 3 17 14 7
65863 5942 65861 1 2 1 1
67233 9807 67229 1 4 3 3
67871 1960 17687 8 50184 50176 4
68184 6050 68117 3 67 64 0
68681 9837 68624 3 57 54 3
69068 6798 69055 5 13 8 2
69136 569 17958 11 51178 51167 4
69144 3467 17923 51 51221 51170 0
70466 4033 70436 6 30 24 7
70546 6416 18551 10 51995 51985 1
71147 5165 18724 8 52423 52415 0
71392 3292 71350 5 42 37 4
71692 7761 71667 5 25 20 4
71864 2720 18772 37 53092 53055 7
71975 5044 71974 1 1 0 0
72307 1357 72295 5 12 7 1
72411 8374 72399 2 12 10 10
72989 2557 72934 6 55 49 2
73027 4579 19122 7 53905 53898 6
73166 4811 73164 1 2 1 1
73444 3414 73388 51 56 5 1
73489 4043 19194 8 54295 54287 3
73744 6787 73738 1 6 5 5
74311 5038 74269 5 42 37 6
77085 7874 77063 4 22 18 9
77304 2086 77284 6 20 14 5
78411 83 78376 4 35 31 1
78509 4387 78506 1 3 2 2
78832 622 78814 4 18 14 5
79348 8620 79339 1 9 8 8
79979 4099 20832 11 59147 59136 4
80594 6267 21150 7 59444 59437 0
81889 4571 81878 3 11 8 4
81896 4988 21381 7 60515 60508 5
81898 6319 21382 7 60516 60509 7
82101 7380 21475 8 60626 60618 3
82209 5462 82199 3 10 7 1
82394 6312 82318 4 76 72 2
82425 998 82383 3 42 39 1
82439 8575 82421 5 18 13 0
82541 997 82506 10 35 25 4
82925 5296 82906 3 19 16 6
83042 9618 83028 6 14 8 2
83217 2566 21775 8 61442 61434 2
83243 2408 21787 14 61456 61442 3
83438 5480 83399 15 39 24 1
83561 7892 21904 10 61657 61647 3
83718 1392 21993 11 61725 61714 4
84400 6594 22108 11 62292 62281 1
84478 8253 22187 7 62291 62284 2
85149 575 85143 1 6 5 5
85355 8119 85344 6 11 5 1
85570 4145 22402 12 63168 63156 2
85641 9526 85609 6 32 26 0
85723 6412 85711 4 12 8 2
85861 3892 22500 13 63361 63348 1
86100 6059 22622 39 63478 63439 3
87280 4931 87242 22 38 16 4
87296 884 22903 7 64393 64386 2
87828 3791 87825 1 3 2 2
88659 9699 23199 12 65460 65448 5
88919 1151 88880 3 39 36 7
89281 7345 89276 1 5 4 4
89788 7875 23341 8 66447 66439 1
90044 7323 90038 1 6 5 5
90378 6307 90332 36 46 10 3
90688 7818 90671 3 17 14 7
90924 7020 23625 37 67299 67262 2
90936 9100 23676 8 67260 67252 1
90987 390 90957 3 30 27 3
91111 9406 91063 27 48 21 4
91129 1928 91114 3 15 12 3
91550 2502 91540 3 10 7 1
91999 217 23942 57 68057 68000 4
92214 1887 24029 8 68185 68177 7
92722 6769 92717 1 5 4 4
93074 3899 24237 11 68837 68826 4
93239 3304 93208 3 31 28 0
93582 838 93564 4 18 14 5
93689 3561 93600 44 89 45 6
93933 9968 24480 12 69453 69441 3
93986 7102 24514 11 69472 69461 1
94325 3531 94293 3 32 29 4
94491 3533 94464 6 27 21 2
94603 2236 94598 2 5 3 3
95138 2706 95110 6 28 22 0
95256 2999 95251 2 5 3 3
95345 9681 24832 14 70513 70499 4
95354 832 24832 14 70522 70508 7
95743 79 25000 7 70743 70736 4
95854 8072 25089 8 70765 70757 5
95974 328 95951 3 23 20 4
96142 9228 96139 2 3 1 1
96458 3512 96444 3 14 11 7
96533 411 96511 4 22 18 2
97213 272 97208 1 5 4 4
97401 2135 97396 2 5 3 3
97690 5052 25470 10 72220 72210 6
97802 2517 25496 14 72306 72292 3
98112 3182 25573 9 72539 72530 3
98164 7740 25668 7 72496 72489 6
98422 5899 25787 11 72635 72624 2
98464 5314 25828 8 72636 72628 7
98532 4222 98522 2 10 8 8
98542 4278 98521 6 21 15 6
98547 2804 25844 7 72703 72696 3
99034 8750 99031 1 3 2 2
99382 5713 99359 5 23 18 5
99936 2041 99916 3 20 17 8
