63 8289 45 17 18 1 0
84 3268 3 78 81 3 0
123 4060 5 114 118 4 0
142 792 64 65 78 13 0
231 3137 109 76 122 46 0
231 8489 26 155 205 50 0
297 3987 235 40 62 22 2
309 8488 156 59 153 94 0
368 4898 310 31 58 27 0
412 4551 401 5 11 6 3
420 3741 400 13 20 7 1
498 6494 369 57 129 72 0
534 8228 518 11 16 5 0
535 7666 496 25 39 14 2
575 3523 475 90 100 10 2
629 8771 462 62 167 105 4
640 137 458 75 182 107 5
663 8438 621 28 42 14 5
713 81 682 15 31 16 9
789 6757 686 40 103 63 8
811 6702 751 37 60 23 0
857 4786 166 109 691 582 3
888 3243 159 128 729 601 0
905 1578 73 227 832 605 0
906 1480 239 93 667 574 1
920 1940 275 60 645 585 2
933 7143 928 1 5 4 4
1006 7172 942 25 64 39 1
1070 860 1025 23 45 22 2
1172 755 1129 18 43 25 4
1336 4124 1311 8 25 17 5
1369 4666 1096 36 273 237 1
1430 3386 1383 34 47 13 0
1442 887 1409 20 33 13 0
1454 5678 1142 33 312 279 4
1484 6686 1169 48 315 267 3
1510 2232 1148 85 362 277 0
1520 2925 1513 3 7 4 2
1578 6381 1523 30 55 25 2
1598 129 1576 14 22 8 1
1621 456 1564 24 57 33 0
1638 8122 1580 25 58 33 0
1645 8821 1580 44 65 21 0
1668 2571 1615 33 53 20 4
1694 4085 1246 61 448 387 0
1758 8013 1295 35 463 428 1
1790 2700 1374 42 416 374 1
1862 6799 1404 31 458 427 2
1936 965 1903 10 33 23 0
2318 9251 2288 22 30 8 2
2355 3166 2346 3 9 6 4
2453 8202 2425 14 28 14 1
2471 5989 2431 15 40 25 0
2481 954 2457 15 24 9 2
2499 4125 1725 39 774 735 1
2560 4367 1809 38 751 713 0
2596 2652 1800 96 796 700 3
2610 8385 1917 35 693 658 3
2612 8876 2599 7 13 6 1
2656 3306 1972 37 684 647 5
2658 5978 1908 85 750 665 8
2670 3552 2004 34 666 632 5
2673 852 2001 38 672 634 5
2677 269 2637 20 40 20 10
2697 9565 2041 45 656 611 2
2698 3943 2052 31 646 615 0
2857 4996 2233 45 624 579 1
2958 5813 2251 44 707 663 3
2987 849 2973 9 14 5 0
3033 7648 3025 6 8 2 0
3094 8938 2444 47 650 603 4
3112 2189 2502 44 610 566 4
3178 661 2504 79 674 595 5
3210 7135 3185 11 25 14 0
3247 9107 3190 30 57 27 1
3257 1860 2636 37 621 584 10
3295 216 2843 33 452 419 0
3339 5850 2857 72 482 410 1
3365 3574 2861 76 504 428 0
3480 5787 2961 78 519 441 0
3482 4142 3436 27 46 19 1
3504 3260 3489 8 15 7 2
3543 424 3120 35 423 388 0
3608 3353 3156 47 452 405 0
3653 1499 3219 44 434 390 1
3732 2289 3652 29 80 51 2
3760 8967 3732 12 28 16 1
3804 4787 3246 42 558 516 2
3819 1017 3308 43 511 468 1
3892 8800 3825 29 67 38 0
3915 3799 3342 48 573 525 4
3924 3036 3343 48 581 533 6
3928 4175 3912 9 16 7 1
3952 1968 3341 77 611 534 2
3987 3961 3506 43 481 438 0
3995 2416 3527 37 468 431 3
4029 389 4005 13 24 11 0
4032 864 3565 48 467 419 1
4033 2193 3547 65 486 421 0
4253 9706 3651 65 602 537 2
4328 1372 4289 19 39 20 5
4332 770 3746 35 586 551 2
4348 211 3809 41 539 498 2
4363 9735 3814 49 549 500 0
4486 9981 4451 20 35 15 1
4611 4227 4538 45 73 28 1
4644 9957 4640 2 4 2 2
4714 4797 4266 85 448 363 7
4812 9595 4712 22 100 78 1
4838 5146 4836 2 2 0 0
4941 7591 4894 26 47 21 5
4956 4357 4310 72 646 574 3
5019 6341 4970 24 49 25 1
5067 8704 4376 48 691 643 1
5078 9574 5000 52 78 26 1
5190 7604 5115 59 75 16 0
5235 3761 4383 84 852 768 2
5237 4396 4423 67 814 747 4
5290 6424 5285 3 5 2 0
5319 892 5299 10 20 10 2
5340 8635 4620 50 720 670 2
5368 1269 4693 49 675 626 4
5372 1997 4667 93 705 612 1
5385 6200 4710 57 675 618 1
5406 8931 5355 31 51 20 6
5435 5461 5388 28 47 19 2
5483 7169 5399 63 84 21 2
5492 9658 4763 37 729 692 0
5552 2284 4786 40 766 726 2
5576 9858 4838 44 738 694 1
5755 4990 5747 6 8 2 1
5810 857 5795 7 15 8 4
5817 7183 5727 18 90 72 1
5825 6376 5763 19 62 43 0
5869 1503 5833 28 36 8 1
5888 2345 5873 8 15 7 0
5945 5203 5906 28 39 11 4
6013 8707 5953 16 60 44 1
6022 2518 6008 11 14 3 0
6024 1330 6004 14 20 6 2
6050 4837 6029 14 21 7 1
6104 7317 6061 26 43 17 5
6153 9615 5006 36 1147 1111 1
6212 175 5000 107 1212 1105 0
6213 6728 5054 43 1159 1116 3
6343 9469 6331 3 12 9 1
6541 8470 6486 28 55 27 0
6701 9210 5423 49 1278 1229 0
6718 9480 5441 81 1277 1196 6
6745 4632 5450 93 1295 1202 3
6798 3249 6737 20 61 41 2
6841 5167 5517 70 1324 1254 1
6878 8602 6870 3 8 5 4
6919 7757 6901 7 18 11 3
7139 2431 7109 18 30 12 5
7203 1539 5773 45 1430 1385 1
7220 8712 5706 109 1514 1405 0
7303 7235 5832 36 1471 1435 2
7387 2463 7352 11 35 24 8
7502 9427 7395 61 107 46 1
7503 9143 7440 23 63 40 0
7620 2879 7515 42 105 63 6
7658 9316 7629 11 29 18 5
7678 5297 7657 11 21 10 0
7688 1036 7674 9 14 5 0
7773 262 7662 63 111 48 2
7868 8824 5873 50 1995 1945 1
7905 9517 5911 32 1994 1962 2
7933 4189 5924 61 2009 1948 3
8010 4382 5958 72 2052 1980 2
8025 4135 6016 50 2009 1959 0
8031 1450 5963 84 2068 1984 0
8038 8567 7991 35 47 12 4
8158 6064 8113 32 45 13 1
8198 3804 8158 21 40 19 1
8303 1167 6242 71 2061 1990 0
8333 4052 6256 31 2077 2046 1
8492 372 8443 23 49 26 1
8503 2078 8462 24 41 17 1
8588 5990 6456 41 2132 2091 0
8643 5029 6507 40 2136 2096 0
8732 542 6608 39 2124 2085 6
8735 2918 6608 44 2127 2083 6
8740 484 6622 37 2118 2081 0
8846 3808 8840 1 6 5 5
8891 2523 8771 65 120 55 0
8936 6292 8853 26 83 57 2
8992 1690 6728 79 2264 2185 6
9004 2386 6789 32 2215 2183 3
9041 6113 9024 7 17 10 4
9061 3815 9039 11 22 11 0
9128 6283 9115 7 13 6 0
9165 8686 9128 22 37 15 1
9236 2396 6931 50 2305 2255 6
9313 4095 6987 45 2326 2281 2
9357 777 6968 78 2389 2311 0
9360 8644 9311 27 49 22 1
9380 62 9362 12 18 6 1
9402 9876 7065 61 2337 2276 0
9413 8261 7056 60 2357 2297 0
9421 3354 7059 71 2362 2291 0
9442 1440 7121 57 2321 2264 0
9463 7229 7108 110 2355 2245 3
9585 8472 7301 50 2284 2234 3
9637 813 7346 68 2291 2223 8
9706 5535 9668 29 38 9 1
9777 1795 9714 26 63 37 5
9807 2650 9791 10 16 6 1
9809 2690 9790 13 19 6 2
9870 8889 7496 41 2374 2333 2
9983 3541 7516 55 2467 2412 6
9988 9060 7519 69 2469 2400 4
10056 1375 10031 9 25 16 1
10085 875 10043 16 42 26 0
10145 2019 10130 7 15 8 1
10183 6155 10153 16 30 14 1
10256 7406 10186 30 70 40 0
10316 7657 7639 43 2677 2634 1
10371 4643 10353 12 18 6 1
10438 9356 10429 3 9 6 4
10476 4177 10432 22 44 22 4
10490 1939 7677 92 2813 2721 0
10523 8834 7719 67 2804 2737 0
10556 2073 10553 1 3 2 2
10571 4553 10570 1 1 0 0
10608 7691 10563 21 45 24 0
10629 6232 10571 28 58 30 1
10649 9501 10635 8 14 6 1
10688 1990 10679 6 9 3 0
10854 7450 10776 23 78 55 1
10872 8496 10799 27 73 46 1
10986 1862 7811 44 3175 3131 0
11008 9831 7820 31 3188 3157 1
11049 5417 7877 57 3172 3115 1
11144 2961 7899 49 3245 3196 1
11265 9047 11240 11 25 14 0
11324 1059 11281 18 43 25 1
11354 1700 11245 76 109 33 4
11360 7032 8013 97 3347 3250 3
11393 9311 8097 68 3296 3228 0
11416 7070 8103 103 3313 3210 2
11473 4037 11440 15 33 18 3
11526 315 11477 30 49 19 0
11533 1731 11529 1 4 3 3
11534 6556 11491 29 43 14 3
11557 2354 11499 24 58 34 0
11589 4329 11531 33 58 25 3
11595 6012 11554 19 41 22 0
11752 6970 11705 19 47 28 3
11825 3479 11811 7 14 7 2
11904 6997 11888 5 16 11 5
11933 1066 11874 24 59 35 0
11935 4261 11889 15 46 31 6
11974 9630 8421 50 3553 3503 1
12017 9303 11989 16 28 12 0
12097 1422 12073 10 24 14 0
12136 3717 12075 29 61 32 1
12327 7991 8538 44 3789 3745 1
12338 8793 12329 5 9 4 0
12386 7163 8630 39 3756 3717 0
12419 9472 8683 46 3736 3690 0
12507 3563 12487 8 20 12 3
12526 2446 8843 51 3683 3632 4
12597 4259 8858 50 3739 3689 0
12633 7508 8894 44 3739 3695 1
12680 1287 12660 13 20 7 0
12693 1710 8912 56 3781 3725 0
12702 654 8961 33 3741 3708 2
12775 9629 8986 131 3789 3658 0
12811 8230 9105 45 3706 3661 2
12821 6228 9130 41 3691 3650 2
12853 6697 12835 12 18 6 1
12857 9512 9133 41 3724 3683 2
12937 6368 12877 21 60 39 1
12947 3198 12883 23 64 41 1
13014 6714 9224 50 3790 3740 7
13028 7879 12995 18 33 15 2
13276 4166 13191 20 85 65 3
13289 5437 13274 6 15 9 3
13318 806 13253 47 65 18 0
13469 2626 13307 39 162 123 1
13499 717 13477 9 22 13 8
13517 2753 13410 23 107 84 3
13531 5919 13482 15 49 34 6
13544 9849 13542 2 2 0 0
13659 3629 13621 19 38 19 0
13664 4935 9475 34 4189 4155 3
13767 8850 13719 39 48 9 1
13784 8305 13732 28 52 24 2
13889 1135 9695 40 4194 4154 8
13955 2360 9700 36 4255 4219 4
13996 406 9708 78 4288 4210 1
14027 3331 9810 42 4217 4175 0
14028 4878 9733 85 4295 4210 0
14155 3021 9908 40 4247 4207 0
14167 3860 14152 7 15 8 4
14198 3592 10009 36 4189 4153 0
14206 3656 14175 24 31 7 3
14290 1867 14226 17 64 47 0
14342 6863 14293 22 49 27 2
14380 8903 10029 48 4351 4303 0
14392 5528 10025 59 4367 4308 1
14405 5800 10016 78 4389 4311 4
14532 9388 14432 31 100 69 1
14693 7787 14679 5 14 9 5
14823 6140 14811 6 12 6 2
14932 3508 14822 21 110 89 1
15026 5987 14891 21 135 114 0
15117 4547 15029 15 88 73 7
15199 6683 15128 59 71 12 4
15314 3958 15198 34 116 82 1
15387 2316 15300 30 87 57 3
15412 4826 10271 76 5141 5065 2
15435 6770 10317 48 5118 5070 1
15470 636 10330 95 5140 5045 2
15483 6690 10409 40 5074 5034 2
15545 1093 15513 17 32 15 4
15551 4233 10503 66 5048 4982 2
15577 6420 10476 115 5101 4986 1
15598 5401 10516 86 5082 4996 6
15619 6496 15595 15 24 9 4
15628 583 10608 60 5020 4960 2
15637 7638 10631 45 5006 4961 0
15764 2983 15672 68 92 24 1
15797 5545 15743 30 54 24 6
15862 6170 10695 45 5167 5122 2
15901 3622 10687 119 5214 5095 0
15916 454 10722 75 5194 5119 2
15917 1449 10744 46 5173 5127 1
15928 8282 15907 11 21 10 4
15950 5963 15931 11 19 8 1
15981 2044 15903 59 78 19 1
15993 1196 15945 25 48 23 0
16008 447 15928 65 80 15 1
16036 3005 15969 33 67 34 3
16051 5911 10764 88 5287 5199 1
16148 5923 10925 61 5223 5162 1
16203 111 16160 28 43 15 3
16246 8838 11100 74 5146 5072 1
16293 3007 11219 45 5074 5029 1
16305 748 11231 47 5074 5027 0
16320 4896 11250 59 5070 5011 1
16323 5088 11229 78 5094 5016 1
16369 5561 16335 19 34 15 2
16394 4589 16384 5 10 5 3
16397 9800 16366 16 31 15 2
16399 5886 11274 48 5125 5077 1
16427 911 16426 1 1 0 0
16528 1174 11453 42 5075 5033 0
16564 3375 16546 7 18 11 5
16669 5590 16650 13 19 6 0
16680 8000 11511 49 5169 5120 5
16707 8766 11642 32 5065 5033 0
16717 5099 11616 64 5101 5037 0
16797 8914 11627 82 5170 5088 1
16844 6015 11745 42 5099 5057 0
16921 3092 11816 66 5105 5039 0
17017 4171 16979 19 38 19 2
17108 4431 11887 31 5221 5190 6
17163 3724 17119 25 44 19 1
17176 5378 11931 59 5245 5186 3
17236 3484 12002 67 5234 5167 1
17252 4105 17227 15 25 10 0
17331 9869 17282 21 49 28 1
17465 2679 17400 40 65 25 0
17571 6518 12084 76 5487 5411 0
17585 4923 12080 72 5505 5433 0
17586 3403 17578 2 8 6 6
17608 7207 12188 31 5420 5389 0
17706 1103 17673 22 33 11 0
17707 1960 17687 8 20 12 5
17716 5332 12255 67 5461 5394 3
17746 6311 12315 62 5431 5369 0
17754 8942 17746 4 8 4 0
17844 8203 17833 3 11 8 2
17963 5954 12526 50 5437 5387 1
17976 8521 17967 4 9 5 2
17981 569 17958 11 23 12 0
17983 3467 17923 51 60 9 0
18074 3614 12641 36 5433 5397 8
18086 5366 12599 72 5487 5415 0
18131 6538 12749 50 5382 5332 1
18181 5237 12803 38 5378 5340 2
18259 2738 12873 43 5386 5343 2
18278 3056 18245 22 33 11 1
18313 1897 18257 42 56 14 1
18423 3882 12996 46 5427 5381 1
18439 1800 13027 45 5412 5367 2
18467 2996 18402 55 65 10 6
18515 6209 13035 104 5480 5376 4
18568 6416 18551 10 17 7 1
18688 2005 13190 108 5498 5390 1
18713 263 13228 32 5485 5453 0
18718 6883 13229 33 5489 5456 2
18744 5165 18724 8 20 12 0
18749 9808 13237 64 5512 5448 1
18818 2720 18772 37 46 9 0
18822 6625 18771 15 51 36 0
18842 500 18795 19 47 28 1
18896 2356 18888 4 8 4 0
18911 2206 13240 100 5671 5571 1
18915 3751 18883 16 32 16 2
18949 2331 13307 41 5642 5601 1
18956 4432 18895 48 61 13 1
18986 6019 13298 68 5688 5620 1
19008 6971 13367 42 5641 5599 0
19032 1501 13372 49 5660 5611 3
19146 4579 19122 7 24 17 3
19200 8104 19140 20 60 40 2
19211 4043 19194 8 17 9 0
19274 2852 13484 69 5790 5721 4
19308 8286 13571 43 5737 5694 2
19399 966 13708 40 5691 5651 0
19430 4678 19400 16 30 14 0
19463 103 13722 66 5741 5675 0
19489 6828 13764 38 5725 5687 0
19532 8076 13862 37 5670 5633 0
19569 9071 13908 49 5661 5612 0
19695 7935 19687 4 8 4 0
19789 1810 19704 27 85 58 4
19790 8708 19736 16 54 38 0
19820 5705 13989 85 5831 5746 2
19936 6610 19889 23 47 24 0
19982 1878 14197 34 5785 5751 0
20018 1730 19984 26 34 8 1
20072 8697 20062 6 10 4 0
20099 7639 14217 35 5882 5847 0
20101 1500 20069 15 32 17 4
20103 3763 14148 126 5955 5829 8
20111 7272 14136 135 5975 5840 0
20128 4739 14257 26 5871 5845 1
20241 9948 20236 2 5 3 3
20402 1141 20309 22 93 71 1
20678 2037 20536 16 142 126 4
20725 2477 20623 28 102 74 1
20776 3532 20729 18 47 29 2
20792 7213 14338 54 6454 6400 4
20854 4099 20832 11 22 11 3
20883 7088 20784 25 99 74 1
20941 3241 20840 20 101 81 0
21099 8283 14464 45 6635 6590 2
21109 596 14498 38 6611 6573 0
21127 6657 14456 81 6671 6590 4
21165 9098 14518 74 6647 6573 1
21167 6267 21150 7 17 10 1
21179 4111 14547 39 6632 6593 2
21180 2519 14571 35 6609 6574 1
21182 6941 14569 41 6613 6572 0
21197 9403 14630 48 6567 6519 1
21224 9749 14677 82 6547 6465 7
21288 6129 21281 6 7 1 0
21309 3372 14758 31 6551 6520 0
21314 3421 21231 66 83 17 10
21342 7520 14761 87 6581 6494 0
21400 4988 21381 7 19 12 0
21402 6319 21382 7 20 13 2
21432 5540 21371 20 61 41 1
21455 1780 14801 36 6654 6618 1
21466 4715 14815 35 6651 6616 1
21467 3748 14826 32 6641 6609 0
21495 7380 21475 8 20 12 1
21539 5918 21470 27 69 42 0
21552 7998 21502 26 50 24 11
21616 4016 14855 40 6761 6721 1
21673 3409 21602 44 71 27 1
21692 8004 14879 35 6813 6778 0
21802 2566 21775 8 27 19 1
21811 2408 21787 14 24 10 1
21896 360 21753 22 143 121 0
21918 7892 21904 10 14 4 1
21979 594 21861 27 118 91 1
22015 1392 21993 11 22 11 4
22127 6594 22108 11 19 8 1
22175 7900 22099 15 76 61 1
22181 9373 22087 28 94 66 0
22183 7966 22109 18 74 56 2
22217 8253 22187 7 30 23 7
22269 996 14990 46 7279 7233 4
22270 8962 14989 49 7281 7232 4
22299 728 14973 102 7326 7224 1
22376 4508 15105 36 7271 7235 3
22380 1550 15033 84 7347 7263 7
22418 4145 22402 12 16 4 1
22456 6920 15113 32 7343 7311 0
22520 3892 22500 13 20 7 4
22546 4132 15167 50 7379 7329 1
22575 1991 15167 34 7408 7374 1
22677 6059 22622 39 55 16 6
22733 2507 22689 26 44 18 2
22804 2490 22704 78 100 22 3
22870 991 15396 46 7474 7428 0
22938 884 22903 7 35 28 4
22957 6011 22920 15 37 22 3
23222 9699 23199 12 23 11 4
23359 7875 23341 8 18 10 5
23367 2213 23248 27 119 92 4
23503 8294 23456 32 47 15 3
23530 9582 15594 46 7936 7890 2
23548 9725 15612 39 7936 7897 2
23677 7020 23625 37 52 15 4
23689 9100 23676 8 13 5 1
23726 503 23723 1 3 2 2
23826 9000 23743 65 83 18 2
23902 2912 15694 53 8208 8155 0
23946 8461 23910 25 36 11 3
23970 4347 15760 50 8210 8160 1
24021 217 23942 57 79 22 0
24053 1887 24029 8 24 16 4
24068 8177 15756 102 8312 8210 2
24074 7205 24043 19 31 12 0
24146 9253 15814 84 8332 8248 2
24187 6278 15942 52 8245 8193 0
24200 7206 15933 66 8267 8201 2
24260 3899 24237 11 23 12 3
24278 2328 24184 52 94 42 0
24281 7367 24243 16 38 22 0
24390 1040 24381 5 9 4 3
24392 6868 24330 31 62 31 0
24398 2422 24357 21 41 20 3
24456 6150 16369 75 8087 8012 1
24466 3738 16406 39 8060 8021 4
24501 9968 24480 12 21 9 3
24530 7102 24514 11 16 5 0
24692 1471 24623 24 69 45 0
24761 692 16632 36 8129 8093 7
24832 8486 24801 15 31 16 2
24850 9681 24832 14 18 4 0
24859 832 24832 14 27 13 1
24898 4065 24896 2 2 0 0
24901 6156 24889 4 12 8 3
24956 2429 24945 3 11 8 6
25002 3866 16787 103 8215 8112 0
25015 79 25000 7 15 8 2
25015 4867 24956 49 59 10 1
25019 6943 24952 53 67 14 0
25069 4186 16943 40 8126 8086 2
25102 8072 25089 8 13 5 0
25108 8883 25049 16 59 43 0
25186 5490 16989 33 8197 8164 3
25222 7006 17001 31 8221 8190 1
25257 4254 16987 83 8270 8187 2
25282 9280 25279 1 3 2 2
25336 7214 25290 29 46 17 2
25486 5052 25470 10 16 6 3
25521 2517 25496 14 25 11 0
25537 5666 25495 26 42 16 1
25580 5136 25505 22 75 53 2
25588 3182 25573 9 15 6 0
25621 3112 25540 28 81 53 1
25640 3870 25582 30 58 28 1
25684 7740 25668 7 16 9 1
25696 2632 17257 41 8439 8398 8
25704 4933 17219 95 8485 8390 2
25726 9714 17322 42 8404 8362 1
25742 7882 17326 59 8416 8357 0
25808 2727 17349 86 8459 8373 3
25811 5899 25787 11 24 13 1
25857 5314 25828 8 29 21 1
25861 2804 25844 7 17 10 0
25880 1424 25825 23 55 32 2
25900 1723 25899 1 1 0 0
25924 634 25876 32 48 16 5
26029 818 17405 125 8624 8499 1
26033 7916 26025 6 8 2 0
26066 8598 26015 19 51 32 2
26113 466 26077 17 36 19 1
26122 3185 17451 79 8671 8592 0
26171 9394 26087 64 84 20 3
26276 1989 17586 88 8690 8602 0
26296 367 17652 49 8644 8595 0
26331 8878 26284 18 47 29 13
26339 3946 26336 2 3 1 1
26377 2558 26341 25 36 11 0
26380 5286 26375 2 5 3 3
26402 2267 17785 48 8617 8569 0
26471 8554 26455 4 16 12 0
26568 7572 26496 29 72 43 7
26581 4399 26560 11 21 10 2
26633 8988 26618 8 15 7 0
26766 6598 17819 45 8947 8902 0
26832 948 17868 48 8964 8916 3
27015 7319 18007 32 9008 8976 2
27030 7086 26992 18 38 20 0
27131 4749 27109 11 22 11 1
27162 866 18160 31 9002 8971 11
27356 2988 27269 29 87 58 3
27359 5269 27347 6 12 6 0
27380 3960 27370 5 10 5 1
27383 2980 27302 58 81 23 0
27502 6360 27430 37 72 35 1
27568 1489 27556 4 12 8 0
27724 270 27616 27 108 81 0
27770 4723 27700 31 70 39 8
27811 3049 18364 44 9447 9403 1
27909 4090 27843 54 66 12 2
27943 2403 27939 2 4 2 2
27953 1288 18622 45 9331 9286 1
27976 417 18694 47 9282 9235 1
28036 4861 28004 16 32 16 3
28057 6789 27995 52 62 10 2
28342 1915 28269 22 73 51 9
28362 5405 28351 4 11 7 1
28409 1568 28402 4 7 3 0
28430 5205 18907 31 9523 9492 0
28431 8677 18836 72 9595 9523 0
28480 6651 28419 19 61 42 3
28508 7562 28466 16 42 26 1
28510 7137 28499 7 11 4 0
28565 3731 28467 69 98 29 0
28575 1275 28532 16 43 27 0
28588 4843 18972 36 9616 9580 0
28637 2908 28609 19 28 9 2
28647 9006 19135 31 9512 9481 1
28654 6685 19153 36 9501 9465 3
28685 434 19236 37 9449 9412 0
28752 3978 19265 98 9487 9389 10
28779 3597 28753 17 26 9 0
28855 3230 19396 61 9459 9398 0
28920 5065 28901 11 19 8 3
28922 7499 28863 29 59 30 10
28966 2709 19459 81 9507 9426 2
28991 1845 28960 19 31 12 3
29012 751 28977 27 35 8 1
29114 1418 29062 28 52 24 1
29175 3734 19690 33 9485 9452 0
29180 256 19660 68 9520 9452 0
29221 7416 29186 24 35 11 3
29253 6958 19712 85 9541 9456 1
29269 5183 29242 8 27 19 3
29322 3743 29307 8 15 7 0
29374 3547 29296 30 78 48 1
29439 8049 19764 96 9675 9579 0
29443 6841 29404 28 39 11 1
29453 1640 29397 35 56 21 0
29495 2443 19868 32 9627 9595 1
29559 5076 29523 27 36 9 0
29618 981 29607 5 11 6 0
29700 4712 20029 37 9671 9634 0
29731 9983 20179 37 9552 9515 1
29738 8444 20194 33 9544 9511 1
29785 241 20251 73 9534 9461 0
29838 5408 20300 45 9538 9493 0
29879 5470 29872 4 7 3 0
29889 7656 29882 5 7 2 0
29995 6037 20422 40 9573 9533 3
30008 2630 20411 67 9597 9530 1
30047 3805 30012 26 35 9 3
30090 1302 20426 89 9664 9575 2
30119 1064 20458 64 9661 9597 1
30249 7282 20502 49 9747 9698 3
30366 7343 20567 50 9799 9749 1
30376 9978 20453 125 9923 9798 3
30394 2692 20591 52 9803 9751 5
30431 7238 20669 45 9762 9717 4
30482 1553 20685 93 9797 9704 2
30547 6902 30510 27 37 10 1
30563 3965 20807 60 9756 9696 1
30564 2387 20828 48 9736 9688 0
30599 34 30521 48 78 30 1
30614 1879 20834 73 9780 9707 3
30632 213 30628 2 4 2 2
30660 7649 30650 3 10 7 2
30663 9196 20857 65 9806 9741 0
30738 3890 30716 11 22 11 0
30766 9578 20939 41 9827 9786 1
30778 1310 20900 74 9878 9804 0
30835 6511 20916 71 9919 9848 0
30963 9570 30922 27 41 14 5
30978 6323 21024 76 9954 9878 5
31038 2613 21190 53 9848 9795 6
31126 7112 31108 9 18 9 0
31238 3244 31210 14 28 14 0
31251 2562 31199 30 52 22 3
31266 3063 31261 2 5 3 3
31299 7901 31227 46 72 26 1
31405 7346 21345 71 10060 9989 3
31512 4873 31484 14 28 14 2
31586 3994 31538 25 48 23 7
31677 5491 21543 43 10134 10091 8
31963 3080 31912 28 51 23 1
32029 4962 31994 20 35 15 2
32050 4958 21679 38 10371 10333 1
32108 7725 32093 9 15 6 1
32125 3426 21711 46 10414 10368 4
32147 3739 32116 14 31 17 1
32382 6898 21748 47 10634 10587 0
32466 7225 32411 19 55 36 4
32497 429 32491 4 6 2 0
32523 7113 21864 41 10659 10618 1
32615 5839 32564 29 51 22 4
32664 4383 32624 29 40 11 0
32685 7291 32664 13 21 8 1
32746 3434 32707 26 39 13 4
32776 6325 22081 44 10695 10651 0
32873 8123 32803 59 70 11 4
32900 9390 32870 14 30 16 7
32939 2734 22203 44 10736 10692 2
32960 9312 22267 44 10693 10649 3
33000 4285 32994 3 6 3 1
33021 9159 32980 25 41 16 0
33036 9456 22371 38 10665 10627 2
33047 4516 22337 48 10710 10662 3
33252 7573 33250 2 2 0 0
33355 2372 33336 13 19 6 0
33374 24 22422 63 10952 10889 2
33377 3109 22415 67 10962 10895 0
33428 6024 22420 126 11008 10882 1
33516 8711 33411 62 105 43 4
33573 43 22585 71 10988 10917 2
33575 5679 33573 2 2 0 0
33594 1528 22628 48 10966 10918 2
33603 8777 22669 35 10934 10899 1
33666 1566 33615 33 51 18 1
33680 1138 33613 36 67 31 0
33787 5853 33751 22 36 14 2
33876 8546 33869 4 7 3 0
33880 8390 33863 9 17 8 0
33896 630 33863 24 33 9 0
33896 8983 22944 31 10952 10921 0
33949 3 23003 52 10946 10894 1
33954 4742 23006 49 10948 10899 1
33995 3745 33979 6 16 10 2
34023 4777 23040 31 10983 10952 2
34094 1246 23077 40 11017 10977 1
34130 3271 34101 11 29 18 8
34142 9917 34097 25 45 20 9
34174 870 23113 41 11061 11020 0
34189 1869 34173 3 16 13 5
34197 5367 34172 11 25 14 3
34259 697 34242 10 17 7 0
34315 2914 23182 38 11133 11095 0
34350 8977 34324 15 26 11 0
34358 4252 23156 73 11202 11129 3
34395 8941 34375 14 20 6 0
34497 9700 34493 1 4 3 3
34541 6642 34454 24 87 63 1
34603 8912 34496 20 107 87 2
34620 4402 34541 17 79 62 1
34659 439 34571 28 88 60 0
34696 2056 34647 19 49 30 0
34712 5870 34694 7 18 11 3
34828 655 34740 52 88 36 2
34868 7263 34787 63 81 18 1
35024 6393 34936 49 88 39 0
35036 9190 34972 27 64 37 1
35050 9099 34993 24 57 33 0
35063 2593 23368 72 11695 11623 0
35075 4901 35034 29 41 12 3
35115 7312 35107 3 8 5 0
35141 7850 35093 24 48 24 2
35158 3455 35155 2 3 1 1
35173 1463 23481 65 11692 11627 1
35249 9004 23510 48 11739 11691 1
35255 2796 23516 49 11739 11690 0
35291 6831 35276 8 15 7 3
35300 240 23575 42 11725 11683 1
35358 8994 23605 37 11753 11716 2
35367 5191 23674 38 11693 11655 0
35402 8403 23693 86 11709 11623 0
35407 4698 23735 32 11672 11640 0
35420 5934 35385 26 35 9 3
35425 9888 35424 1 1 0 0
35430 3274 23762 39 11668 11629 0
35433 9645 23760 43 11673 11630 0
35449 3778 23774 103 11675 11572 0
35502 687 23859 86 11643 11557 0
35575 607 35571 1 4 3 3
35609 7849 35565 17 44 27 1
35628 8220 23968 86 11660 11574 0
35672 5898 24131 37 11541 11504 8
35678 4968 24104 46 11574 11528 2
35681 693 24185 32 11496 11464 2
35835 6581 35826 4 9 5 1
35848 6668 35827 13 21 8 0
35981 1864 35872 31 109 78 5
36038 8378 36025 3 13 10 1
36139 4229 36071 27 68 41 2
36145 445 36127 11 18 7 2
36164 9741 36075 53 89 36 1
36324 7232 36263 30 61 31 1
36333 5123 36287 16 46 30 0
36372 5280 36358 8 14 6 0
36392 3780 36312 15 80 65 1
36412 5428 36330 16 82 66 3
36460 8483 36451 6 9 3 0
36499 2311 36452 30 47 17 2
36547 8626 24433 73 12114 12041 1
36609 8738 36586 10 23 13 6
36654 3298 36642 6 12 6 0
36654 3715 36551 27 103 76 0
36698 9704 36678 10 20 10 0
36716 5669 36689 20 27 7 2
36830 9500 24572 43 12258 12215 4
36887 6930 36787 68 100 32 2
36935 2952 36858 35 77 42 5
36976 2621 36907 57 69 12 0
37031 5457 24655 79 12376 12297 0
37040 5707 37017 16 23 7 0
37042 7765 24756 49 12286 12237 1
37047 8584 24802 36 12245 12209 2
37055 8171 24797 82 12258 12176 0
37064 3227 24858 37 12206 12169 2
37078 2309 24871 47 12207 12160 1
37118 2872 37088 15 30 15 0
37138 2803 24950 44 12188 12144 2
37176 9748 24992 36 12184 12148 1
37275 2609 25017 78 12258 12180 0
37303 8045 37265 23 38 15 0
37339 5483 25095 33 12244 12211 2
37384 2251 25077 110 12307 12197 5
37423 7938 25225 43 12198 12155 0
37424 4973 25193 49 12231 12182 0
37428 5986 37417 6 11 5 3
37449 4328 37397 42 52 10 2
37495 3589 37490 2 5 3 3
37564 7631 37447 101 117 16 3
37581 2110 25275 67 12306 12239 0
37589 955 25289 48 12300 12252 0
37604 4570 37583 9 21 12 1
37709 3084 37684 13 25 12 0
37715 5875 37596 53 119 66 2
37721 9643 37641 20 80 60 6
37741 5795 37718 13 23 10 4
37827 4501 37727 66 100 34 0
37833 6160 37785 19 48 29 0
37846 1582 37803 23 43 20 0
37858 1115 25390 41 12468 12427 1
37888 6281 25445 39 12443 12404 1
37923 3821 25488 64 12435 12371 2
37935 5726 25487 50 12448 12398 0
38039 1616 25631 64 12408 12344 2
38101 8814 38047 29 54 25 2
38194 1441 38179 9 15 6 1
38223 6088 38219 2 4 2 2
38240 3816 25841 43 12399 12356 2
38276 5980 38219 36 57 21 0
38341 5783 25890 58 12451 12393 0
38345 9841 38317 17 28 11 1
38357 8443 38322 20 35 15 1
38378 8195 38347 16 31 15 0
38481 4118 26018 88 12463 12375 0
38502 9848 26025 95 12477 12382 1
38535 609 26100 40 12435 12395 0
38662 3003 26131 58 12531 12473 2
38699 464 38671 14 28 14 4
38699 6952 26201 50 12498 12448 2
38759 5835 38694 27 65 38 6
38846 4340 38725 27 121 94 1
38860 1100 38855 2 5 3 3
38882 9161 38762 33 120 87 5
38894 9903 38778 16 116 100 5
38919 7809 38827 20 92 72 3
38922 8634 38810 27 112 85 3
38933 8055 38885 43 48 5 1
38946 2199 38854 19 92 73 2
39052 1906 39044 2 8 6 6
39102 2504 26176 94 12926 12832 0
39116 9382 26192 92 12924 12832 2
39177 342 26309 44 12868 12824 2
39182 3747 26328 33 12854 12821 1
39221 7779 39203 7 18 11 2
39275 7870 26344 75 12931 12856 0
39348 3572 26413 42 12935 12893 2
39361 3204 26426 41 12935 12894 3
39430 9299 26476 40 12954 12914 8
39501 7805 39496 2 5 3 3
39555 2522 39459 42 96 54 0
39605 7565 39562 24 43 19 1
39607 4741 39566 19 41 22 0
39680 2555 26673 34 13007 12973 0
39715 1240 39695 10 20 10 0
39722 6578 39656 58 66 8 0
39743 8987 26706 87 13037 12950 4
39823 1274 39782 24 41 17 0
39826 4078 39817 6 9 3 2
39856 5246 26891 39 12965 12926 2
39874 8406 26873 67 13001 12934 0
39993 5651 26970 32 13023 12991 2
40002 2398 26946 47 13056 13009 0
40008 1771 26970 44 13038 12994 2
40030 4458 40023 6 7 1 0
40032 5792 40012 7 20 13 1
40073 7878 27045 52 13028 12976 0
40090 6709 40083 3 7 4 1
40185 9777 40142 16 43 27 2
40261 6007 40222 15 39 24 1
40286 1402 27203 46 13083 13037 0
40299 6585 27221 42 13078 13036 1
40346 7937 27215 107 13131 13024 0
40386 9422 40373 10 13 3 0
40405 6659 27287 61 13118 13057 3
40407 544 27286 68 13121 13053 1
40504 165 40477 13 27 14 0
40565 4603 27452 82 13113 13031 1
40591 6772 40526 49 65 16 1
40691 6700 27543 35 13148 13113 1
40916 30 40915 1 1 0 0
40951 8322 40931 14 20 6 0
41055 1024 27648 42 13407 13365 5
41197 823 41194 1 3 2 2
41217 7008 41168 30 49 19 8
41237 3350 27813 48 13424 13376 0
41346 7844 27945 48 13401 13353 4
41448 6383 41402 30 46 16 1
41537 3618 28137 43 13400 13357 0
41542 5352 28097 77 13445 13368 8
41624 285 41605 10 19 9 0
41645 3954 28148 72 13497 13425 2
41661 9572 28199 49 13462 13413 0
41740 5643 41713 10 27 17 1
41821 8580 41740 26 81 55 1
41826 5743 41743 18 83 65 1
41835 4753 41740 27 95 68 3
41840 6188 41770 18 70 52 2
41864 305 41842 5 22 17 1
41946 6795 28265 67 13681 13614 12
41984 5604 41941 29 43 14 0
41986 7355 41962 7 24 17 2
42063 6692 28370 55 13693 13638 2
42163 6995 42135 18 28 10 3
42180 2896 42113 44 67 23 5
42189 9847 42158 15 31 16 1
42192 4002 42179 7 13 6 0
42227 1089 28529 33 13698 13665 0
42248 5580 28550 69 13698 13629 2
42253 5372 28586 46 13667 13621 1
42289 7745 42261 16 28 12 0
42324 1427 42304 7 20 13 3
42352 9537 28706 88 13646 13558 0
42404 100 42366 13 38 25 1
42416 9260 42339 22 77 55 6
42505 6434 42358 76 147 71 2
42525 9486 42436 28 89 61 2
42585 9951 28764 75 13821 13746 1
42600 6551 42595 3 5 2 0
42621 9122 28762 81 13859 13778 0
42626 4093 42588 26 38 12 4
42648 3103 28833 84 13815 13731 2
42675 851 42640 23 35 12 4
42818 1003 42804 8 14 6 0
42894 5518 42886 5 8 3 0
42924 2913 42880 27 44 17 3
42927 9333 28948 34 13979 13945 3
42941 8628 28975 43 13966 13923 3
42959 1507 29057 34 13902 13868 3
42962 8010 29028 49 13934 13885 0
42985 3242 29122 36 13863 13827 2
42986 7091 42971 9 15 6 2
43003 5235 29127 107 13876 13769 0
43014 8299 42987 21 27 6 0
43025 3685 29219 50 13806 13756 3
43027 7837 43001 21 26 5 3
43037 3518 29236 56 13801 13745 0
43053 9792 29293 33 13760 13727 1
43144 4617 29465 73 13679 13606 10
43185 6975 29604 44 13581 13537 0
43286 4783 29582 67 13704 13637 2
43291 1781 43270 10 21 11 0
43330 1134 29607 46 13723 13677 0
43338 699 29601 64 13737 13673 0
43344 7389 43300 27 44 17 1
43361 8334 29661 50 13700 13650 2
43528 6074 43468 20 60 40 1
43590 1113 43582 4 8 4 1
43629 573 43628 1 1 0 0
43706 6099 43683 18 23 5 0
43724 1381 43655 49 69 20 4
43795 9431 43788 2 7 5 5
43821 5025 43801 7 20 13 3
43838 796 29932 103 13906 13803 2
43857 517 43813 29 44 15 1
43861 1023 43798 44 63 19 3
43884 2667 43843 23 41 18 5
43910 9594 43876 25 34 9 0
43945 8313 30115 74 13830 13756 5
44028 4240 43966 15 62 47 3
44117 9264 30219 40 13898 13858 3
44209 8654 30291 41 13918 13877 2
44217 2450 30277 68 13940 13872 0
44357 2840 30454 48 13903 13855 0
44385 2497 30480 61 13905 13844 2
44411 7459 30593 56 13818 13762 0
44423 8163 30620 32 13803 13771 2
44431 6766 44391 21 40 19 2
44515 7546 30720 43 13795 13752 5
44610 4441 44583 16 27 11 6
44708 2322 30895 39 13813 13774 3
44713 47 44684 18 29 11 1
44775 804 31026 36 13749 13713 5
44802 7270 31060 34 13742 13708 0
44830 1281 44780 30 50 20 4
44835 8345 44820 5 15 10 4
44883 1545 44844 29 39 10 3
44928 2508 44885 30 43 13 1
44931 6361 31236 38 13695 13657 1
45009 7212 31258 48 13751 13703 3
45053 3664 45051 1 2 1 1
45144 4195 45062 30 82 52 0
45154 637 45133 14 21 7 2
45184 343 31290 68 13894 13826 0
45270 8923 31324 146 13946 13800 4
45296 5122 45256 27 40 13 2
45296 1889 45271 16 25 9 0
45312 277 31463 33 13849 13816 3
45500 2598 31705 36 13795 13759 7
45530 6330 31735 62 13795 13733 0
45610 3497 45578 21 32 11 2
45693 3131 31946 33 13747 13714 1
45721 5803 31956 63 13765 13702 2
45724 7685 31952 63 13772 13709 0
45753 8002 45702 30 51 21 7
45810 6736 45795 9 15 6 3
45839 9860 32037 35 13802 13767 2
45871 5284 32047 50 13824 13774 1
45927 8355 32105 33 13822 13789 0
45980 5102 32179 42 13801 13759 0
46030 4418 32191 48 13839 13791 0
46038 2324 32217 36 13821 13785 1
46060 3706 32233 50 13827 13777 4
46114 4151 46091 12 23 11 5
46115 2660 32280 73 13835 13762 0
46136 4366 32244 86 13892 13806 3
46234 8669 46180 41 54 13 0
46349 5409 46298 19 51 32 1
46352 6621 46317 18 35 17 0
46413 3454 32563 64 13850 13786 2
46440 2445 32630 37 13810 13773 3
46442 8287 32611 39 13831 13792 5
46466 1110 46447 8 19 11 1
46604 1311 46593 6 11 5 3
46657 448 32680 67 13977 13910 4
46718 8133 46681 17 37 20 5
46738 5006 46701 29 37 8 0
46764 7079 32906 87 13858 13771 2
46770 7525 32898 99 13872 13773 1
46789 9494 32977 60 13812 13752 0
46883 5944 46856 11 27 16 4
46968 387 46885 21 83 62 1
46968 3441 46909 16 59 43 0
47013 5128 33070 60 13943 13883 1
47064 4729 47053 6 11 5 1
47114 5073 47035 54 79 25 5
47191 7646 47156 13 35 22 2
47227 5673 47142 50 85 35 1
47267 8611 33177 41 14090 14049 4
47295 5225 33225 34 14070 14036 0
47303 4912 33210 47 14093 14046 3
47314 6447 47294 14 20 6 2
47341 3165 33214 60 14127 14067 0
47346 9315 33240 43 14106 14063 1
47347 5983 47307 30 40 10 0
47354 7348 47292 41 62 21 3
47404 2864 33343 44 14061 14017 4
47444 214 33329 84 14115 14031 5
47466 1752 47428 15 38 23 10
47527 3366 33449 33 14078 14045 1
47549 2288 33457 50 14092 14042 0
47575 310 47573 1 2 1 1
47590 2321 47576 6 14 8 2
47660 163 47616 25 44 19 0
47707 8826 47666 21 41 20 3
47765 9784 33806 40 13959 13919 0
47766 3926 47733 19 33 14 0
47786 6217 33829 49 13957 13908 1
47910 8279 33975 49 13935 13886 3
47937 8607 47920 9 17 8 3
47972 3558 34146 45 13826 13781 2
48003 124 47917 67 86 19 3
48035 8918 47937 58 98 40 1
48060 9158 48004 27 56 29 0
48115 5519 48109 3 6 3 1
48161 3116 48136 13 25 12 3
48194 7227 48085 25 109 84 3
48250 3224 48168 30 82 52 3
48284 5772 34109 85 14175 14090 0
48357 189 34123 96 14234 14138 0
48459 183 34233 31 14226 14195 0
48499 6595 48473 14 26 12 4
48526 4597 34236 78 14290 14212 3
48564 7093 34277 103 14287 14184 0
48582 5020 48533 19 49 30 0
48617 5922 48567 21 50 29 0
48625 6459 34326 57 14299 14242 1
48627 9203 48586 24 41 17 2
48634 9426 34320 86 14314 14228 1
48690 4497 34397 79 14293 14214 4
48739 3200 34453 35 14286 14251 1
48752 4940 34418 96 14334 14238 2
48755 4545 34456 45 14299 14254 1
48795 1576 48778 9 17 8 1
48840 5774 34643 39 14197 14158 1
48864 3067 34694 61 14170 14109 1
49009 8354 34806 49 14203 14154 2
49156 378 49092 29 64 35 1
49222 7260 49142 45 80 35 1
49255 3945 34925 36 14330 14294 0
49290 7463 49264 14 26 12 3
49362 3806 49345 9 17 8 0
49421 3065 34976 71 14445 14374 0
49491 8369 34989 89 14502 14413 4
49502 349 35000 84 14502 14418 1
49566 6401 35078 95 14488 14393 0
49574 9774 35173 42 14401 14359 2
49645 1498 49629 10 16 6 0
49651 8058 49600 25 51 26 1
49672 5074 49588 56 84 28 3
49731 7130 49715 10 16 6 1
49733 6597 49719 7 14 7 0
49852 261 49755 56 97 41 4
49919 858 35334 69 14585 14516 1
49952 7124 35478 44 14474 14430 10
49963 3346 35481 88 14482 14394 10
50018 7374 35685 46 14333 14287 0
50039 5773 49991 35 48 13 0
50062 5893 50007 34 55 21 1
50065 1363 35709 63 14356 14293 1
50096 1465 35706 94 14390 14296 0
50140 7110 50081 28 59 31 2
50178 5250 50155 7 23 16 3
50241 1974 50147 30 94 64 0
50285 767 50278 3 7 4 2
50387 5719 50383 2 4 2 2
50443 2516 50421 11 22 11 0
50501 541 50488 3 13 10 7
50521 2665 50491 18 30 12 5
50523 7404 50492 17 31 14 6
50526 5281 50496 18 30 12 3
50529 766 35846 43 14683 14640 1
50563 7979 35812 131 14751 14620 1
50563 7989 35887 37 14676 14639 3
50660 4289 36017 49 14643 14594 0
50872 3321 36136 35 14736 14701 1
50912 580 36193 44 14719 14675 1
50926 4938 50903 17 23 6 0
50931 5310 50903 18 28 10 1
51015 3101 50964 30 51 21 0
51038 6208 36315 36 14723 14687 1
51040 3013 36336 32 14704 14672 1
51072 3106 51044 13 28 15 0
51073 4618 51051 8 22 14 1
51085 1413 51083 2 2 0 0
51122 3565 51109 6 13 7 4
51134 8827 36336 32 14798 14766 3
51136 6469 36339 33 14797 14764 1
51152 1337 36398 45 14754 14709 2
51187 8011 51168 12 19 7 2
51288 5049 36464 60 14824 14764 1
51394 2742 51353 27 41 14 2
51428 6976 36520 50 14908 14858 0
51577 1061 51499 58 78 20 0
51712 7356 51669 28 43 15 7
51792 107 36934 62 14858 14796 2
51853 1490 51846 5 7 2 1
51902 9002 51873 12 29 17 4
51914 8808 51889 9 25 16 5
51958 6881 37130 46 14828 14782 2
51982 2964 37137 90 14845 14755 2
51990 9944 37229 34 14761 14727 2
52040 6947 52008 9 32 23 15
52045 4353 52011 10 34 24 13
52049 8125 52029 10 20 10 0
52110 8819 52091 13 19 6 0
52143 9013 52118 11 25 14 1
52183 6032 52135 25 48 23 1
52184 3016 52180 2 4 2 2
52324 8085 52276 23 48 25 2
52433 8963 37275 47 15158 15111 1
52434 8646 52350 69 84 15 0
52481 344 37303 68 15178 15110 0
52618 7664 37480 81 15138 15057 4
52735 2940 37595 59 15140 15081 0
52967 4198 52961 2 6 4 4
52988 7579 52924 24 64 40 0
52998 2849 52938 24 60 36 8
53014 3692 53004 7 10 3 0
53030 7095 37755 72 15275 15203 4
53094 1070 37762 114 15332 15218 0
53110 9833 53088 11 22 11 4
53135 4850 53031 76 104 28 0
53185 6482 53155 8 30 22 0
53229 2807 37892 54 15337 15283 6
53263 6825 37964 60 15299 15239 6
53312 2496 38012 41 15300 15259 4
53318 5695 38026 37 15292 15255 3
53403 3673 53354 26 49 23 0
53414 409 53408 2 6 4 4
53422 9120 53415 5 7 2 0
53448 8191 53437 6 11 5 3
53452 8144 53428 11 24 13 1
53512 7647 53470 30 42 12 3
53530 250 53505 13 25 12 7
53531 1663 53514 12 17 5 0
53692 4210 38206 83 15486 15403 2
53748 5228 53638 86 110 24 0
53784 9336 38314 68 15470 15402 1
53878 1891 38495 50 15383 15333 3
53881 4246 38523 37 15358 15321 0
53884 5718 38466 96 15418 15322 5
53889 3031 38533 37 15356 15319 1
53893 5913 53861 23 32 9 0
53899 5072 38527 68 15372 15304 4
53948 6212 38603 34 15345 15311 6
53960 2754 53954 3 6 3 2
54005 5728 38621 76 15384 15308 0
54016 9652 38599 56 15417 15361 9
54060 9871 54029 21 31 10 3
54073 4638 38745 36 15328 15292 0
54233 4176 54177 49 56 7 0
54242 3261 38875 94 15367 15273 0
54294 7326 54255 17 39 22 5
54377 1435 39010 49 15367 15318 2
54485 4084 38975 79 15510 15431 3
54498 5148 39010 39 15488 15449 4
54559 2329 54534 13 25 12 1
54586 9001 54571 3 15 12 3
54617 7547 54512 17 105 88 0
54676 1184 54673 1 3 2 2
54718 7030 54654 22 64 42 0
54720 4421 54657 17 63 46 0
54764 9861 54738 10 26 16 2
54862 2944 39107 54 15755 15701 4
54906 8614 54873 11 33 22 1
54988 6867 39168 49 15820 15771 2
55160 3120 55072 16 88 72 0
55165 7342 55031 43 134 91 0
55178 1491 55073 20 105 85 0
55184 2491 55076 24 108 84 0
55232 8970 39274 31 15958 15927 2
55283 2965 55256 12 27 15 1
55315 9396 55263 17 52 35 0
55379 6489 39281 42 16098 16056 1
55491 4363 39460 70 16031 15961 1
55527 8989 55511 12 16 4 1
55538 1123 55499 28 39 11 3
55705 1020 55678 8 27 19 9
55781 8246 55688 66 93 27 3
55789 8578 55706 63 83 20 0
55841 7905 55823 9 18 9 4
55931 3795 55847 42 84 42 0
55944 7766 55938 4 6 2 1
55954 7995 55859 64 95 31 0
55974 2888 55962 7 12 5 3
56029 1963 40091 50 15938 15888 0
56053 8185 56020 12 33 21 7
56180 2554 56089 24 91 67 3
56250 931 56224 14 26 12 4
56310 140 40130 67 16180 16113 3
56406 3755 40220 41 16186 16145 3
56485 7764 40290 108 16195 16087 1
56498 6260 56475 12 23 11 1
56543 1757 56514 12 29 17 5
56545 8572 56532 7 13 6 2
56548 2559 56540 4 8 4 2
56569 244 40342 64 16227 16163 5
56596 6731 40390 92 16206 16114 4
56608 9290 40436 40 16172 16132 3
56609 4029 40428 42 16181 16139 1
56626 1325 40470 49 16156 16107 4
56628 7968 40491 63 16137 16074 3
56644 7588 40551 47 16093 16046 2
56645 8359 56636 2 9 7 7
56716 2417 56709 4 7 3 1
56835 556 56834 1 1 0 0
56889 1650 56848 22 41 19 0
56910 2827 40784 41 16126 16085 0
56912 1881 40786 41 16126 16085 4
56950 8543 56945 3 5 2 1
57066 8038 57049 13 17 4 1
57124 1444 57091 19 33 14 3
57144 908 57060 69 84 15 1
57166 8579 40915 43 16251 16208 0
57212 665 57168 23 44 21 3
57215 1462 57197 12 18 6 0
57237 9293 40909 102 16328 16226 3
57254 5042 40955 64 16299 16235 7
57476 2028 57381 26 95 69 0
57559 2183 57535 8 24 16 1
57570 3139 57558 5 12 7 2
57646 2327 57639 2 7 5 5
57666 6239 57637 13 29 16 3
57784 7424 57717 45 67 22 3
57917 4115 57871 17 46 29 0
57950 9317 57876 54 74 20 4
58071 2971 58023 29 48 19 0
58290 1612 41783 40 16507 16467 1
58372 225 58322 29 50 21 1
58543 8326 58542 1 1 0 0
58549 8663 58475 24 74 50 2
58613 4606 58590 14 23 9 0
58621 9488 58536 21 85 64 0
58669 1176 58612 36 57 21 1
58670 2542 42053 44 16617 16573 11
58703 4682 58700 1 3 2 2
58722 6435 58684 23 38 15 4
58752 5865 58731 12 21 9 6
58799 2524 58743 30 56 26 0
58957 5277 58930 20 27 7 0
58989 9295 42352 45 16637 16592 1
59018 3319 42403 41 16615 16574 2
59021 7441 42437 31 16584 16553 4
59028 3495 42437 39 16591 16552 3
59030 8409 42449 35 16581 16546 0
59068 6356 42551 83 16517 16434 6
59231 6528 59158 23 73 50 0
59397 9275 42729 47 16668 16621 1
59423 9592 59416 3 7 4 2
59434 5958 42796 50 16638 16588 5
59477 8346 42870 47 16607 16560 3
59478 4500 42878 48 16600 16552 3
59586 167 42995 76 16591 16515 1
59606 2013 59544 48 62 14 2
59628 4069 43145 50 16483 16433 0
59640 7027 43172 49 16468 16419 1
59660 4380 59587 45 73 28 0
59698 8617 43197 31 16501 16470 6
59702 7315 43184 35 16518 16483 2
59713 5920 43219 35 16494 16459 1
59860 8464 59813 17 47 30 6
59908 4086 43217 77 16691 16614 0
60081 6746 60060 12 21 9 2
60083 3094 43373 51 16710 16659 4
60133 1448 60122 3 11 8 6
60137 8930 60131 5 6 1 0
60189 3790 43414 49 16775 16726 1
60197 4279 43362 90 16835 16745 0
60257 4275 60201 20 56 36 0
60282 703 60264 7 18 11 4
60304 4108 60229 20 75 55 4
60323 3250 60271 22 52 30 0
60328 1290 60295 18 33 15 0
60331 1912 60303 13 28 15 2
60405 9274 43439 40 16966 16926 3
60438 2319 60374 33 64 31 0
60505 3996 60453 18 52 34 2
60525 4022 60468 30 57 27 1
60711 5152 43656 44 17055 17011 6
60868 4626 43808 39 17060 17021 1
60877 3104 43852 38 17025 16987 0
60885 4232 43856 46 17029 16983 2
60926 4817 43999 47 16927 16880 1
60935 2170 60915 7 20 13 8
60957 1122 60943 5 14 9 0
60970 2246 44043 80 16927 16847 4
61048 9571 61037 5 11 6 4
61120 209 44302 67 16818 16751 0
61193 7452 61168 14 25 11 0
61195 2018 61177 14 18 4 0
61259 3447 61213 18 46 28 0
61260 3700 44370 34 16890 16856 3
61283 3369 44425 78 16858 16780 3
61285 2813 61242 21 43 22 9
61339 5612 61276 53 63 10 2
61415 1236 61378 21 37 16 3
61486 1692 61410 60 76 16 1
61600 8961 61566 21 34 13 1
61673 5708 61652 11 21 10 0
61747 6681 44946 42 16801 16759 6
61751 5988 44934 48 16817 16769 1
61765 8257 45000 32 16765 16733 4
61793 5878 45027 35 16766 16731 0
61818 6999 61805 8 13 5 0
61864 576 45075 39 16789 16750 0
61878 2400 61857 8 21 13 1
61879 4734 61796 68 83 15 1
61881 9437 61868 8 13 5 0
61929 1264 45137 66 16792 16726 1
61993 9672 61989 1 4 3 3
61996 4238 61987 5 9 4 3
62006 1575 61940 22 66 44 0
62075 5 62062 12 13 1 0
62088 5997 62025 16 63 47 2
62114 9527 62083 17 31 14 0
62156 5502 45191 45 16965 16920 1
62198 8685 45189 63 17009 16946 2
62337 3710 45262 38 17075 17037 3
62364 753 62347 10 17 7 1
62367 7405 62280 70 87 17 3
62376 6691 62337 17 39 22 0
62394 9397 62365 21 29 8 0
62507 4112 45360 86 17147 17061 0
62585 5509 45429 84 17156 17072 4
62622 4493 62578 22 44 22 8
62646 9550 62629 9 17 8 2
62679 4306 62660 10 19 9 2
62754 752 62725 21 29 8 1
62821 8460 45590 35 17231 17196 1
62905 3028 62866 23 39 16 5
62925 4106 45740 65 17185 17120 11
62966 4174 62928 14 38 24 2
62967 5596 62954 9 13 4 0
62980 5753 62915 17 65 48 3
62980 4806 62906 23 74 51 1
63165 5890 45921 34 17244 17210 0
63178 1475 63135 26 43 17 4
63251 2844 63225 13 26 13 2
63394 7166 63343 23 51 28 1
63396 5302 63343 20 53 33 2
63420 5530 63407 6 13 7 3
63476 9575 63463 7 13 6 0
63484 6816 46035 34 17449 17415 2
63636 8347 46148 32 17488 17456 2
63651 8086 63628 15 23 8 3
63658 547 46132 98 17526 17428 6
63661 7055 46179 55 17482 17427 1
63668 1142 46191 69 17477 17408 1
63727 440 63689 23 38 15 5
63747 5051 46302 49 17445 17396 0
63764 8507 46332 70 17432 17362 0
63795 1527 46485 36 17310 17274 1
63810 3253 46488 42 17322 17280 4
63828 2634 46521 66 17307 17241 1
63846 9043 46514 82 17332 17250 0
63875 9076 46570 39 17305 17266 0
63970 5955 63948 11 22 11 2
63996 3865 63935 19 61 42 1
63998 2050 63960 30 38 8 1
64004 720 63974 19 30 11 0
64011 8018 64004 3 7 4 1
64022 9641 64015 1 7 6 6
64149 394 64129 12 20 8 2
64153 5445 64120 17 33 16 4
64178 289 46883 40 17295 17255 1
64238 5977 46923 40 17315 17275 0
64281 9022 64232 29 49 20 7
64348 5538 64295 30 53 23 0
64356 2851 64339 10 17 7 1
64445 9286 46920 79 17525 17446 0
64452 7951 64390 50 62 12 2
64477 5626 64465 3 12 9 0
64490 9750 64470 8 20 12 3
64540 5131 64487 22 53 31 1
64654 9596 64628 11 26 15 0
64659 7753 64630 13 29 16 1
64687 8716 64666 9 21 12 0
64827 1235 64777 17 50 33 0
64828 1259 64787 16 41 25 1
64874 5674 64832 21 42 21 5
64883 3234 64815 54 68 14 7
64889 7797 64873 11 16 5 2
64931 5379 64885 29 46 17 2
64941 534 64906 25 35 10 1
65109 8103 65084 7 25 18 1
65310 8755 65284 10 26 16 1
65408 1922 65406 1 2 1 1
65463 1215 65412 24 51 27 0
65542 8924 65467 15 75 60 0
65544 6158 65471 15 73 58 2
65573 2103 65554 14 19 5 0
65596 4803 65562 23 34 11 0
65615 5834 47315 64 18300 18236 0
65788 1224 47522 36 18266 18230 0
65794 1335 47521 47 18273 18226 0
65798 7703 65784 9 14 5 1
65825 8095 47608 41 18217 18176 4
65828 6077 65823 3 5 2 0
65831 3812 47489 129 18342 18213 1
65865 5942 65861 1 4 3 3
65923 9497 47765 96 18158 18062 0
65970 3630 47843 64 18127 18063 4
66119 9679 66084 21 35 14 3
66218 6384 66162 25 56 31 4
66268 737 66192 55 76 21 0
66346 768 48080 36 18266 18230 1
66496 3871 48241 49 18255 18206 6
66506 5384 66478 13 28 15 1
66526 8136 66492 19 34 15 5
66536 883 48289 38 18247 18209 1
66588 5201 66542 23 46 23 4
66614 5901 48409 64 18205 18141 1
66648 8779 66525 112 123 11 1
66657 4463 66628 12 29 17 4
66721 2663 66661 26 60 34 1
66722 2177 66662 26 60 34 1
66771 3977 48475 120 18296 18176 5
66826 8145 66720 19 106 87 2
67096 8861 48530 50 18566 18516 0
67100 7139 48545 47 18555 18508 2
67112 1933 48587 84 18525 18441 3
67120 174 67099 8 21 13 2
67123 5882 48655 36 18468 18432 4
67200 4534 67164 13 36 23 4
67230 9807 67229 1 1 0 0
67279 9184 67234 15 45 30 3
67384 8710 48890 32 18494 18462 2
67387 1706 48902 34 18485 18451 0
67426 9806 67401 12 25 13 2
67528 3047 67483 22 45 23 0
67534 545 49069 62 18465 18403 2
67558 4134 49134 32 18424 18392 1
67618 1590 67584 21 34 13 7
67635 639 49171 68 18464 18396 0
67688 4917 49264 45 18424 18379 6
67837 8868 49317 39 18520 18481 0
67858 2498 49314 103 18544 18441 3
67896 9148 49418 47 18478 18431 7
67907 8092 67888 11 19 8 3
67924 7598 67892 21 32 11 2
67955 4927 49591 69 18364 18295 2
67971 3898 49608 77 18363 18286 1
68028 4758 67959 17 69 52 6
68072 6190 68059 7 13 6 1
68087 8474 68020 25 67 42 0
68112 5158 68086 10 26 16 2
68123 6050 68117 3 6 3 2
68168 4911 68088 28 80 52 1
68335 7698 49729 32 18606 18574 2
68355 9131 49747 32 18608 18576 4
68356 7417 49745 32 18611 18579 5
68384 5166 68360 11 24 13 6
68419 7004 49841 33 18578 18545 5
68439 6477 49816 73 18623 18550 2
68536 8746 68488 20 48 28 1
68632 9837 68624 3 8 5 0
68637 3121 68561 29 76 47 2
68668 7446 68621 30 47 17 0
68686 3141 68650 19 36 17 2
68706 8776 49960 61 18746 18685 4
68764 3500 50090 47 18674 18627 1
68791 582 50105 74 18686 18612 3
68941 1218 68868 18 73 55 2
69030 6632 68998 22 32 10 3
69069 4386 50197 60 18872 18812 0
69069 9212 50195 56 18874 18818 1
69070 6798 69055 5 15 10 5
69070 785 50202 95 18868 18773 1
69113 8925 69080 17 33 16 1
69113 690 69073 23 40 17 0
69130 9899 50322 31 18808 18777 1
69151 1378 50345 45 18806 18761 0
69172 1681 50334 80 18838 18758 0
69301 8480 50499 100 18802 18702 1
69381 5432 69352 21 29 8 1
69418 6132 50685 74 18733 18659 3
69423 3246 50742 34 18681 18647 0
69436 6956 50745 45 18691 18646 0
69469 8553 50797 70 18672 18602 7
69487 6273 69460 16 27 11 0
69496 5979 50906 34 18590 18556 0
69547 9226 50987 76 18560 18484 3
69577 7327 69532 21 45 24 0
69601 3522 69543 25 58 33 2
69678 4602 69606 23 72 49 1
69699 3326 51048 25 18651 18626 1
69745 6314 69722 9 23 14 2
69810 6097 69794 8 16 8 1
69930 7335 51148 50 18782 18732 0
69946 5305 69914 19 32 13 4
69975 9282 51162 82 18813 18731 1
70003 5711 69938 54 65 11 0
70024 7774 51261 70 18763 18693 1
70073 7019 70035 18 38 20 5
70171 9061 70141 13 30 17 0
70246 4241 51298 64 18948 18884 4
70296 3759 51450 32 18846 18814 3
70301 8933 51420 38 18881 18843 0
70304 6767 51455 40 18849 18809 4
70305 7407 51530 31 18775 18744 1
70317 8722 51627 39 18690 18651 2
70337 2295 51517 105 18820 18715 1
70344 4876 51609 77 18735 18658 10
70416 2010 70378 30 38 8 1
70431 9569 51673 55 18758 18703 4
70445 4033 70436 6 9 3 1
70451 1790 70413 20 38 18 2
70476 2465 51748 32 18728 18696 0
70535 4830 51783 73 18752 18679 0
70632 8056 70565 15 67 52 6
70665 7261 51879 32 18786 18754 0
70676 9623 51901 42 18775 18733 0
70895 2370 70835 27 60 33 1
71006 2636 51943 86 19063 18977 6
71013 74 70931 58 82 24 6
71026 5926 51999 42 19027 18985 1
71058 7120 52039 103 19019 18916 0
71099 3264 52099 61 19000 18939 3
71110 5421 52062 114 19048 18934 2
71138 4709 52145 36 18993 18957 0
71324 4906 71204 27 120 93 1
71359 3292 71350 5 9 4 0
71368 6295 71271 19 97 78 5
71409 882 71350 29 59 30 3
71427 815 52136 70 19291 19221 1
71470 7155 52198 32 19272 19240 4
71537 9300 71473 27 64 37 0
71616 2296 52214 74 19402 19328 5
71652 2605 52294 49 19358 19309 4
71675 7761 71667 5 8 3 2
71705 1401 52302 42 19403 19361 1
71713 9355 52317 37 19396 19359 3
71718 8007 52338 32 19380 19348 2
71731 3625 52319 57 19412 19355 3
71731 4216 52337 47 19394 19347 3
71758 2850 52345 31 19413 19382 0
71772 8768 71730 24 42 18 2
71890 4921 52496 49 19394 19345 4
71908 6184 52605 55 19303 19248 0
71980 5044 71974 1 6 5 5
71981 2752 71932 27 49 22 1
72018 6070 52631 62 19387 19325 2
72042 2625 52680 58 19362 19304 1
72050 3674 52659 77 19391 19314 5
72179 6698 72122 24 57 33 0
72222 1784 52814 40 19408 19368 0
72236 4393 52848 31 19388 19357 2
72278 3872 52842 77 19436 19359 6
72303 1357 72295 5 8 3 1
72328 6963 72292 26 36 10 3
72349 2696 52964 54 19385 19331 2
72401 8374 72399 2 2 0 0
72451 2278 72391 17 60 43 1
72514 5900 72500 10 14 4 0
72533 7816 72495 15 38 23 0
72658 6279 53180 31 19478 19447 0
72680 2793 53169 75 19511 19436 3
72878 3043 72751 51 127 76 1
72946 2557 72934 6 12 6 2
72980 5847 72874 54 106 52 1
73005 364 53278 45 19727 19682 2
73005 7347 53289 35 19716 19681 0
73054 8591 73012 22 42 20 2
73156 1779 73130 13 26 13 5
73167 4811 73164 1 3 2 2
73194 7363 73107 22 87 65 0
73299 4126 73123 153 176 23 0
73304 2219 53377 71 19927 19856 0
73319 5817 53398 48 19921 19873 6
73343 7704 53449 50 19894 19844 0
73368 5630 73308 36 60 24 0
73411 351 73362 26 49 23 1
73442 3023 53511 43 19931 19888 2
73445 3414 73388 51 57 6 0
73487 2243 53538 48 19949 19901 5
73534 9751 73503 22 31 9 0
73561 2959 53591 38 19970 19932 2
73599 2411 73555 16 44 28 0
73635 563 73602 21 33 12 2
73741 6787 73738 1 3 2 2
73792 7628 73754 22 38 16 2
73820 6992 73781 25 39 14 0
73857 9200 53697 105 20160 20055 0
73873 3310 53794 45 20079 20034 1
73889 1896 53886 46 20003 19957 4
74035 4185 54013 42 20022 19980 2
74140 9476 74123 10 17 7 1
74147 6682 74062 45 85 40 0
74160 6509 74143 11 17 6 0
74215 5443 54094 57 20121 20064 2
74250 6487 74227 16 23 7 1
74266 4212 54199 65 20067 20002 1
74281 5038 74269 5 12 7 3
74336 3006 54280 59 20056 19997 5
74347 9655 74330 8 17 9 2
74519 8427 74445 56 74 18 1
74533 3008 54358 72 20175 20103 4
74547 283 74530 11 17 6 1
74550 1041 54393 45 20157 20112 0
74592 5693 74538 27 54 27 1
74692 653 74667 10 25 15 1
74711 3881 54446 54 20265 20211 6
74760 8689 74738 10 22 12 0
74858 4242 74821 25 37 12 2
74932 2638 74909 13 23 10 2
74944 7468 74862 17 82 65 0
75027 7630 54555 39 20472 20433 0
75043 2184 75020 13 23 10 1
75102 2887 54605 34 20497 20463 1
75119 7713 75040 60 79 19 0
75133 9089 54565 84 20568 20484 0
75150 7877 54678 37 20472 20435 4
75152 6505 54684 51 20468 20417 1
75178 5720 54730 38 20448 20410 7
75207 1077 75176 19 31 12 0
75330 8259 75308 13 22 9 1
75366 300 54884 63 20482 20419 1
75368 4992 75331 23 37 14 0
75412 3026 75397 8 15 7 0
75512 9710 75455 18 57 39 2
75654 2631 75631 11 23 12 1
75656 7746 54951 77 20705 20628 1
75678 6673 55022 41 20656 20615 3
75706 5966 75686 13 20 7 1
75715 7049 55020 58 20695 20637 4
75787 4326 55033 49 20754 20705 3
75853 9738 55045 73 20808 20735 2
76013 2096 75998 8 15 7 2
76109 8181 55193 48 20916 20868 5
76156 8256 55271 65 20885 20820 3
76221 1406 55346 37 20875 20838 2
76368 3645 76294 20 74 54 2
76425 2229 76401 12 24 12 4
76439 3439 76370 16 69 53 1
76506 643 55438 36 21068 21032 0
76527 4409 55452 95 21075 20980 5
76666 2192 55611 31 21055 21024 5
76699 1306 55574 98 21125 21027 0
76703 8258 55684 49 21019 20970 4
76707 1716 55690 34 21017 20983 3
76782 8446 76742 16 40 24 0
76793 2179 55675 67 21118 21051 9
76804 5807 55785 34 21019 20985 2
76805 1884 55726 41 21079 21038 0
76844 6321 76803 29 41 12 2
76987 1157 76942 24 45 21 2
77007 9088 55883 77 21124 21047 13
77040 194 55919 73 21121 21048 3
77074 7874 77063 4 11 7 1
77094 416 77061 25 33 8 3
77116 6364 77078 21 38 17 2
77135 126 56069 74 21066 20992 0
77158 3478 56099 40 21059 21019 2
77193 8140 56106 83 21087 21004 3
77280 3777 77226 23 54 31 4
77301 2086 77284 6 17 11 2
77338 8449 56253 38 21085 21047 0
77424 5552 77389 15 35 20 3
77509 7535 77460 16 49 33 2
77667 255 77572 16 95 79 2
77770 5976 56511 32 21259 21227 6
77794 4694 56555 50 21239 21189 4
77852 8904 77788 55 64 9 2
77890 6604 77792 69 98 29 1
77925 6248 56559 77 21366 21289 3
77926 1324 56558 121 21368 21247 3
77944 6931 56636 47 21308 21261 9
77957 7927 77924 23 33 10 0
78011 1822 56759 83 21252 21169 2
78388 83 78376 4 12 8 3
78440 3580 78397 30 43 13 2
78507 4387 78506 1 1 0 0
78531 7484 57123 50 21408 21358 1
78612 9910 57270 37 21342 21305 2
78662 9119 57264 70 21398 21328 5
78723 346 78684 25 39 14 3
78724 7280 57304 90 21420 21330 3
78746 8729 57321 91 21425 21334 0
78788 3048 78757 14 31 17 0
78825 622 78814 4 11 7 3
78844 1627 57403 44 21441 21397 1
78898 6067 78864 10 34 24 7
78914 7889 57417 43 21497 21454 0
79011 1702 78931 19 80 61 1
79150 203 57454 92 21696 21604 6
79232 6304 79168 22 64 42 0
79272 4298 79201 16 71 55 0
79314 5274 57614 40 21700 21660 5
79341 8620 79339 1 2 1 1
79511 3677 57841 81 21670 21589 2
79526 8379 57863 75 21663 21588 2
79539 8239 79500 23 39 16 5
79578 8471 79557 8 21 13 0
79659 356 58001 43 21658 21615 5
79666 3385 79577 69 89 20 1
79744 5982 58069 70 21675 21605 2
79750 598 58110 32 21640 21608 0
79757 2751 79733 14 24 10 3
79801 42 58138 39 21663 21624 1
79854 9626 79816 27 38 11 2
79855 2256 58186 42 21669 21627 2
79870 7949 58212 44 21658 21614 7
79966 8640 58300 86 21666 21580 0
79993 8247 58402 37 21591 21554 4
79996 9880 58446 31 21550 21519 0
80026 496 58516 35 21510 21475 0
80029 427 58512 39 21517 21478 3
80030 4975 58519 34 21511 21477 0
80033 5321 58493 51 21540 21489 3
80059 2182 58571 62 21488 21426 2
80101 5505 80049 22 52 30 2
80126 2208 58583 47 21543 21496 1
80128 3927 58667 31 21461 21430 3
80157 4829 58690 51 21467 21416 1
80179 4470 58737 67 21442 21375 3
80185 9836 58765 35 21420 21385 0
80225 8022 58789 38 21436 21398 1
80343 138 58843 95 21500 21405 0
80437 7358 59041 47 21396 21349 4
80461 2903 59082 49 21379 21330 1
80567 5932 59148 38 21419 21381 1
80627 7822 59201 58 21426 21368 4
80642 4615 80606 18 36 18 2
80649 7351 59245 31 21404 21373 0
80766 4120 80741 13 25 12 6
80825 9181 80766 21 59 38 1
80863 3529 59281 58 21582 21524 1
80933 685 80922 7 11 4 0
81079 4312 81001 59 78 19 0
81138 847 81096 16 42 26 3
81192 7119 59485 47 21707 21660 6
81196 9697 59486 32 21710 21678 8
81211 1819 59506 43 21705 21662 4
81389 5929 81335 27 54 27 4
81485 6328 81463 11 22 11 0
81536 6818 81485 16 51 35 1
81607 6191 59732 37 21875 21838 0
81757 6654 81661 47 96 49 1
81815 5096 81771 28 44 16 1
81826 923 81802 14 24 10 5
81847 8084 59812 32 22035 22003 5
81854 14 59788 66 22066 22000 0
81862 2349 81849 7 13 6 2
81886 4571 81878 3 8 5 2
81962 7415 81926 18 36 18 3
81973 7081 59884 48 22089 22041 5
82001 6049 81934 26 67 41 0
82027 560 59918 34 22109 22075 4
82033 9606 81959 66 74 8 1
82034 4609 59934 33 22100 22067 6
82048 9358 59920 74 22128 22054 8
82094 8154 60023 43 22071 22028 0
82124 2440 60047 79 22077 21998 0
82136 4286 60081 39 22055 22016 1
82156 6336 60099 42 22057 22015 0
82162 9879 82135 15 27 12 2
82174 4076 60175 33 21999 21966 14
82196 538 60212 42 21984 21942 1
82196 7184 60210 49 21986 21937 3
82204 5462 82199 3 5 2 0
82273 178 60289 70 21984 21914 3
82327 6312 82318 4 9 5 2
82384 9216 82294 24 90 66 0
82387 9769 82248 56 139 83 8
82389 998 82383 3 6 3 1
82428 8575 82421 5 7 2 0
82454 9729 60233 115 22221 22106 0
82456 9962 60318 32 22138 22106 3
82462 2483 60273 88 22189 22101 1
82468 208 60354 38 22114 22076 1
82475 2717 60358 42 22117 22075 0
82492 1396 60434 31 22058 22027 0
82523 997 82506 10 17 7 5
82610 5229 82575 31 35 4 1
82652 9838 82593 34 59 25 2
82667 4364 82621 26 46 20 0
82710 9814 60547 32 22163 22131 0
82718 5887 60581 36 22137 22101 1
82754 1431 82732 7 22 15 3
82840 6653 82781 28 59 31 5
82900 1267 60709 45 22191 22146 3
82909 9384 60756 38 22153 22115 1
82911 5296 82906 3 5 2 0
82914 7729 60720 51 22194 22143 3
82927 5400 60801 42 22126 22084 0
82934 9586 60822 42 22112 22070 2
82958 258 60985 85 21973 21888 2
83007 5943 61031 99 21976 21877 8
83037 3767 61175 46 21862 21816 1
83038 9618 83028 6 10 4 2
83070 8565 61179 79 21891 21812 0
83088 2119 61242 66 21846 21780 6
83132 7871 61325 32 21807 21775 5
83156 3041 83081 65 75 10 4
83193 3524 61378 93 21815 21722 0
83217 9788 61440 32 21777 21745 0
83219 1853 83170 33 49 16 7
83221 1647 61448 31 21773 21742 0
83250 6616 61483 43 21767 21724 2
83288 190 83254 21 34 13 0
83333 3740 61558 81 21775 21694 2
83338 2294 61595 32 21743 21711 4
83372 481 61649 50 21723 21673 0
83423 5480 83399 15 24 9 2
83429 8520 61703 77 21726 21649 2
83467 5796 83442 10 25 15 7
83469 9805 83429 35 40 5 0
83522 9381 61855 42 21667 21625 0
83573 9238 61925 45 21648 21603 1
83639 3762 83602 26 37 11 0
83854 9191 83823 16 31 15 0
83862 7957 62149 48 21713 21665 4
83939 5883 83892 25 47 22 1
83993 6564 83948 34 45 11 3
84069 7971 84033 18 36 18 4
84090 9663 62377 79 21713 21634 0
84101 1751 62389 103 21712 21609 6
84129 6040 62441 64 21688 21624 0
84150 5377 84131 7 19 12 2
84212 4412 62453 83 21759 21676 4
84222 423 62517 47 21705 21658 1
84300 8526 84195 70 105 35 1
84403 9553 62616 76 21787 21711 0
84407 3341 62608 85 21799 21714 3
84446 8141 84408 32 38 6 0
84453 3923 62713 35 21740 21705 2
84457 1006 62679 45 21778 21733 1
84494 6343 62819 48 21675 21627 1
84578 5648 84531 19 47 28 3
84613 9331 84585 14 28 14 1
84753 9840 84735 10 18 8 1
84781 1849 84762 10 19 9 0
84798 5013 84746 28 52 24 0
84922 8455 84791 73 131 58 2
84936 8680 84847 26 89 63 3
84976 8411 84952 11 24 13 4
85100 8189 62920 77 22180 22103 2
85145 575 85143 1 2 1 1
85210 4743 85123 40 87 47 4
85351 9291 63025 57 22326 22269 0
85354 8119 85344 6 10 4 3
85401 8232 63124 45 22277 22232 0
85458 765 63240 36 22218 22182 1
85534 4697 85502 18 32 14 5
85570 3132 63340 38 22230 22192 2
85580 561 63350 39 22230 22191 3
85582 1999 63359 51 22223 22172 0
85618 9526 85609 6 9 3 0
85619 7576 85584 21 35 14 0
85647 4816 63353 99 22294 22195 0
85691 4822 85584 66 107 41 3
85723 6412 85711 4 12 8 7
85790 4903 63518 50 22272 22222 4
85819 7777 63529 40 22290 22250 1
85854 5874 85815 23 39 16 1
85935 4046 85920 10 15 5 2
85984 3272 63697 34 22287 22253 0
86027 7820 86008 13 19 6 0
86055 5768 63850 31 22205 22174 1
86092 1855 86056 17 36 19 0
86281 8684 86250 18 31 13 3
86330 9732 86291 23 39 16 0
86341 1717 86312 21 29 8 2
86400 1697 63923 134 22477 22343 3
86416 2153 64038 31 22378 22347 0
86420 6235 64028 47 22392 22345 1
86456 7221 86423 8 33 25 6
86523 1843 86450 30 73 43 1
86533 143 86479 24 54 30 7
86547 2138 64067 35 22480 22445 0
86737 8090 86639 34 98 64 1
86798 6543 86693 54 105 51 3
86874 4616 86837 19 37 18 2
86902 1494 64274 46 22628 22582 0
86999 260 86933 25 66 41 2
87074 7111 64347 31 22727 22696 2
87075 3213 64258 107 22817 22710 2
87117 3924 87093 14 24 10 2
87130 3055 87074 29 56 27 1
87133 6229 64368 36 22765 22729 0
87138 1455 64358 50 22780 22730 0
87140 564 64390 35 22750 22715 1
87159 9824 64360 62 22799 22737 0
87206 2146 87173 19 33 14 1
87264 6202 64434 42 22830 22788 0
87267 4931 87242 22 25 3 0
87294 2617 64498 40 22796 22756 1
87303 729 64503 54 22800 22746 2
87311 1942 64560 37 22751 22714 2
87331 8586 87308 10 23 13 0
87412 9949 64602 58 22810 22752 0
87433 9135 87400 18 33 15 1
87448 5868 87410 23 38 15 2
87480 2136 64610 40 22870 22830 0
87535 5064 64643 44 22892 22848 0
87541 9828 64606 72 22935 22863 2
87559 7503 64697 68 22862 22794 0
87575 6745 64727 43 22848 22805 2
87581 5251 64709 70 22872 22802 1
87595 4003 64774 68 22821 22753 0
87632 8396 87605 14 27 13 2
87701 6014 64884 39 22817 22778 0
87715 9220 87686 25 29 4 0
87749 5135 87729 7 20 13 4
87772 4440 64981 39 22791 22752 0
87787 7236 64987 38 22800 22762 2
87802 668 87786 8 16 8 2
87830 3791 87825 1 5 4 4
87891 4450 87768 99 123 24 0
87981 2063 65097 36 22884 22848 1
88021 967 87996 12 25 13 0
88036 8649 87980 22 56 34 2
88040 7421 87976 27 64 37 5
88052 2410 65067 86 22985 22899 1
88092 4713 88072 11 20 9 1
88102 7921 65180 39 22922 22883 0
88107 3964 65140 75 22967 22892 3
88110 3413 65133 74 22977 22903 1
88273 8418 88254 10 19 9 3
88354 6463 65318 43 23036 22993 3
88419 3197 65266 90 23153 23063 9
88420 8169 88354 51 66 15 1
88446 2619 65321 61 23125 23064 3
88534 4361 88512 16 22 6 1
88604 5252 88559 29 45 16 7
88707 9053 88692 10 15 5 0
88711 5356 88676 21 35 14 6
88713 6003 65559 48 23154 23106 1
88752 3915 88716 13 36 23 9
88760 1758 65603 61 23157 23096 3
88794 2249 65636 41 23158 23117 1
88811 8576 88771 18 40 22 4
88861 756 88826 18 35 17 1
88891 1151 88880 3 11 8 3
89022 2769 88967 25 55 30 0
89087 2202 89042 29 45 16 1
89095 5622 89056 27 39 12 2
89111 3538 89040 34 71 37 2
89124 5701 89084 31 40 9 1
89134 5609 89089 22 45 23 0
89185 2210 65660 31 23525 23494 0
89208 1994 65615 106 23593 23487 1
89278 7345 89276 1 2 1 1
89279 2655 89230 28 49 21 4
89305 3950 65713 72 23592 23520 0
89313 6495 89286 17 27 10 1
89317 5950 89212 79 105 26 0
89331 5249 65849 35 23482 23447 0
89333 2733 65761 45 23572 23527 2
89367 2434 89342 10 25 15 1
89370 9839 89333 14 37 23 4
89489 2304 89430 19 59 40 0
89555 7464 65904 68 23651 23583 2
89560 4415 65925 63 23635 23572 1
89562 7585 65933 55 23629 23574 1
89591 8395 89524 42 67 25 1
89662 791 89640 7 22 15 6
89791 2240 65977 34 23814 23780 3
89797 1172 65998 38 23799 23761 1
89976 7000 66063 87 23913 23826 0
90000 5634 89921 56 79 23 0
90016 6704 89967 21 49 28 0
90039 7323 90038 1 1 0 0
90065 8241 90002 25 63 38 2
90082 1379 90026 30 56 26 0
90187 8997 66138 45 24049 24004 1
90223 8388 90174 30 49 19 0
90241 6452 90215 16 26 10 4
90271 9136 66216 35 24055 24020 3
90281 2218 66137 68 24144 24076 1
90343 6481 66198 103 24145 24042 3
90369 2298 90345 18 24 6 2
90374 6307 90332 36 42 6 4
90385 8523 66245 77 24140 24063 2
90558 1947 90519 23 39 16 0
90677 7818 90671 3 6 3 0
90869 1029 66748 39 24121 24082 0
90875 772 66706 86 24169 24083 0
90936 5568 90882 29 54 25 9
90949 3446 66894 34 24055 24021 0
90951 4838 90870 63 81 18 0
90966 390 90957 3 9 6 3
91014 8083 90967 15 47 32 3
91053 9418 66912 78 24141 24063 8
91057 7768 91038 9 19 10 3
91061 5149 66925 35 24136 24101 1
91097 9406 91063 27 34 7 0
91118 1928 91114 3 4 1 0
91137 3553 66956 48 24181 24133 0
91172 9532 66973 49 24199 24150 3
91181 7564 67046 31 24135 24104 1
91184 2092 67042 63 24142 24079 2
91192 8039 67009 50 24183 24133 0
91221 3344 67216 41 24005 23964 1
91221 7395 67183 74 24038 23964 1
91225 3032 91192 17 33 16 1
91236 2786 67235 35 24001 23966 5
91265 8676 91229 23 36 13 0
91270 681 67268 34 24002 23968 0
91286 5714 91243 26 43 17 0
91417 4276 91372 22 45 23 0
91417 2854 91387 20 30 10 5
91495 8188 91468 10 27 17 4
91540 5968 91524 9 16 7 2
91550 2502 91540 3 10 7 1
91574 7444 91560 9 14 5 0
91591 1958 67488 53 24103 24050 1
91661 3889 67551 42 24110 24068 2
91679 5682 67642 33 24037 24004 3
91866 3196 67698 62 24168 24106 6
91874 7392 67741 43 24133 24090 3
91874 1558 67715 49 24159 24110 0
91889 7254 67736 69 24153 24084 1
91916 9873 91861 23 55 32 4
91978 5607 67787 31 24191 24160 0
91986 1051 67785 46 24201 24155 0
92006 2484 67790 72 24216 24144 0
92091 9812 92033 30 58 28 0
92101 9891 92044 28 57 29 0
92211 2550 92159 26 52 26 1
92230 9332 68021 37 24209 24172 1
92364 3070 92340 12 24 12 1
92375 3825 92291 30 84 54 9
92400 8159 92366 8 34 26 4
92569 769 92525 37 44 7 0
92571 4390 68100 76 24471 24395 0
92588 3520 92573 8 15 7 2
92592 8377 92545 22 47 25 10
92606 9460 68119 58 24487 24429 3
92620 7253 68137 52 24483 24431 0
92694 9979 92673 13 21 8 0
92709 4796 92624 61 85 24 4
92719 6769 92717 1 2 1 1
92733 3527 92659 66 74 8 0
92764 8100 68194 61 24570 24509 3
92808 6280 68219 89 24589 24500 1
92828 9149 68313 52 24515 24463 0
92836 4546 68341 25 24495 24470 3
92891 1466 92860 22 31 9 2
92903 2544 68410 47 24493 24446 0
92984 3302 68498 50 24486 24436 0
93019 9743 68495 88 24524 24436 2
93068 7311 93038 17 30 13 2
93085 3228 68540 48 24545 24497 7
93113 5240 68583 40 24530 24490 1
93150 1479 93076 63 74 11 0
93191 8387 93159 19 32 13 0
93215 3304 93208 3 7 4 0
93378 5387 68750 71 24628 24557 0
93387 7043 93340 29 47 18 1
93410 8730 68703 107 24707 24600 7
93524 5724 93464 44 60 16 1
93550 3020 93502 24 48 24 4
93575 838 93564 4 11 7 5
93647 3561 93600 44 47 3 1
93715 5798 93661 22 54 32 0
93735 4883 93672 25 63 38 4
93834 1517 93776 26 58 32 6
93944 161 93904 29 40 11 0
94015 6951 69222 35 24793 24758 1
94032 497 69246 71 24786 24715 3
94069 8672 69337 42 24732 24690 2
94200 9142 94184 12 16 4 0
94297 3531 94293 3 4 1 0
94363 2894 69563 49 24800 24751 0
94391 9911 94366 8 25 17 2
94424 7170 69596 39 24828 24789 3
94447 3392 69644 35 24803 24768 1
94465 6163 94446 12 19 7 2
94478 3533 94464 6 14 8 2
94514 1201 69648 90 24866 24776 0
94531 6510 94507 14 24 10 2
94540 4014 94480 21 60 39 5
94600 2236 94598 2 2 0 0
94653 9350 69719 41 24934 24893 4
94711 9414 94664 18 47 29 0
94865 8001 69756 78 25109 25031 4
94868 3051 69816 46 25052 25006 0
94944 4999 69783 81 25161 25080 0
95023 696 94943 18 80 62 2
95121 2706 95110 6 11 5 2
95123 8270 95094 18 29 11 0
95136 5838 95103 15 33 18 1
95256 2999 95251 2 5 3 3
95260 1546 95229 17 31 14 5
95289 4192 70077 78 25212 25134 1
95363 660 70106 66 25257 25191 1
95376 4180 70195 32 25181 25149 0
95415 7695 95398 9 17 8 1
95458 9449 70192 116 25266 25150 0
95479 1666 70299 83 25180 25097 2
95596 7495 95522 63 74 11 1
95622 8633 70340 84 25282 25198 0
95673 9503 70449 77 25224 25147 3
95762 5227 70527 75 25235 25160 6
95793 8479 70557 67 25236 25169 1
95798 8421 70599 52 25199 25147 5
95861 5738 70692 39 25169 25130 4
95926 5652 95888 24 38 14 1
95958 328 95951 3 7 4 0
96001 5303 70737 68 25264 25196 1
96009 888 70741 38 25268 25230 0
96115 5969 70755 35 25360 25325 3
96117 5513 96048 57 69 12 2
96142 9228 96139 2 3 1 1
96196 7003 70847 50 25349 25299 0
96224 433 70898 47 25326 25279 1
96351 6355 96271 22 80 58 0
96357 8610 96331 19 26 7 0
96383 8204 96362 11 21 10 1
96387 2211 70870 91 25517 25426 0
96408 7289 70931 49 25477 25428 3
96413 2748 70943 49 25470 25421 2
96433 1004 70970 86 25463 25377 1
96457 3512 96444 3 13 10 3
96464 8538 71071 45 25393 25348 5
96497 1753 71101 72 25396 25324 5
96513 6529 71135 47 25378 25331 3
96513 2777 96480 21 33 12 2
96525 411 96511 4 14 10 3
96525 2957 96498 16 27 11 0
96643 7014 71208 34 25435 25401 0
96667 2203 71215 44 25452 25408 1
96755 7318 96727 13 28 15 2
96766 2948 96750 12 16 4 0
96771 757 96750 10 21 11 3
96815 5994 96723 30 92 62 3
96861 9867 96819 24 42 18 0
96919 9908 96881 26 38 12 4
97018 9086 71294 44 25724 25680 5
97032 2088 71350 38 25682 25644 0
97100 3765 71475 57 25625 25568 0
97210 272 97208 1 2 1 1
97224 632 71646 35 25578 25543 1
97269 3820 97220 20 49 29 0
97303 9835 97241 39 62 23 1
97314 204 97301 7 13 6 3
97398 2135 97396 2 2 0 0
97499 6559 97405 27 94 67 0
97590 2393 97554 24 36 12 4
97677 7994 97608 30 69 39 5
97714 2515 71834 57 25880 25823 2
97798 6031 71810 81 25988 25907 7
97847 5189 97802 13 45 32 5
97873 8134 71958 61 25915 25854 3
97909 7044 72019 62 25890 25828 0
97921 2708 72020 34 25901 25867 2
97947 7738 97908 30 39 9 1
98029 7028 72083 33 25946 25913 2
98070 2125 72133 67 25937 25870 0
98121 1119 72172 70 25949 25879 2
98171 319 98128 20 43 23 0
98196 732 72306 116 25890 25774 1
98220 45 98175 19 45 26 1
98278 3585 72403 77 25875 25798 0
98356 8174 98296 54 60 6 1
98387 2142 72520 35 25867 25832 0
98417 7290 72544 38 25873 25835 5
98457 2870 98388 56 69 13 0
98491 9466 72562 109 25929 25820 0
98492 1685 72686 48 25806 25758 2
98528 4222 98522 2 6 4 4
98533 4278 98521 6 12 6 2
98552 2455 72719 58 25833 25775 0
98572 438 72745 69 25827 25758 1
98582 6358 72764 50 25818 25768 0
98605 2165 98569 22 36 14 3
98612 3844 98571 17 41 24 2
98723 404 98677 24 46 22 0
98738 9109 98682 28 56 28 0
98877 3726 98854 13 23 10 1
98919 7168 72820 106 26099 25993 6
98948 2290 72901 84 26047 25963 0
99033 8750 99031 1 2 1 1
99091 6258 99039 30 52 22 6
99221 2405 99201 13 20 7 1
99221 5270 73037 101 26184 26083 4
99242 878 73096 45 26146 26101 2
99247 2875 73052 74 26195 26121 1
99252 7330 73123 38 26129 26091 0
99261 3885 73110 71 26151 26080 0
99272 1659 73129 54 26143 26089 3
99300 8934 73153 79 26147 26068 4
99359 3623 99322 20 37 17 0
99370 5713 99359 5 11 6 1
99379 8527 73227 47 26152 26105 2
99444 5668 99358 60 86 26 1
99509 3602 73286 73 26223 26150 3
99611 7923 99572 22 39 17 0
99632 6557 73375 38 26257 26219 0
99665 2828 99609 42 56 14 3
99707 1951 99657 26 50 24 2
99724 7099 99692 17 32 15 0
99800 7911 99775 14 25 11 0
99869 1567 99823 19 46 27 3
99890 5046 99853 17 37 20 2
99922 2041 99916 3 6 3 0
99946 1736 73642 32 26304 26272 2
99993 2480 99961 20 32 12 1
