73 8289 45 17 28 11 0
115 3268 3 78 112 34 0
414 4551 401 5 13 8 2
442 3741 400 13 42 29 1
561 8228 518 11 43 32 4
918 7666 496 25 422 397 4
934 7143 928 1 6 5 5
1326 4124 1311 8 15 7 1
1346 3523 475 90 871 781 1
1485 8438 621 28 864 836 1
1527 2925 1513 3 14 11 8
1634 129 1576 14 58 44 3
1693 81 682 15 1011 996 8
1970 965 1903 10 67 57 4
2354 3166 2346 3 8 5 1
2472 8202 2425 14 47 33 2
2592 7172 942 25 1650 1625 1
2628 8876 2599 7 29 22 11
2748 860 1025 23 1723 1700 1
2944 755 1129 18 1815 1797 0
3005 849 2973 9 32 23 4
3037 7648 3025 6 12 6 1
3237 7135 3185 11 52 41 3
3473 3386 1383 34 2090 2056 2
3502 887 1409 20 2093 2073 0
3511 3260 3489 8 22 14 0
3793 8967 3732 12 61 49 0
3935 4175 3912 9 23 14 1
3957 6381 1523 30 2434 2404 1
3985 456 1564 24 2421 2397 2
4019 8122 1580 25 2439 2414 7
4035 389 4005 13 30 17 1
4060 8821 1580 44 2480 2436 5
4117 2571 1615 33 2502 2469 0
4649 9957 4640 2 9 7 7
4838 5146 4836 2 2 0 0
5194 7604 5115 59 79 20 4
5295 6424 5285 3 10 7 0
5335 892 5299 10 36 26 2
5758 4990 5747 6 11 5 1
5898 857 5795 7 103 96 6
5950 1503 5833 28 117 89 4
5980 2345 5873 8 107 99 5
6026 5203 5906 28 120 92 2
6120 1330 6004 14 116 102 2
6124 2518 6008 11 116 105 1
6153 4837 6029 14 124 110 0
6339 9469 6331 3 8 5 1
6886 8602 6870 3 16 13 4
6957 7757 6901 7 56 49 1
7198 9251 2288 22 4910 4888 3
7403 2463 7352 11 51 40 5
7750 9316 7629 11 121 110 3
7775 5297 7657 11 118 107 1
7788 1036 7674 9 114 105 0
8013 5989 2431 15 5582 5567 0
8036 954 2457 15 5579 5564 3
8261 269 2637 20 5624 5604 12
8843 3808 8840 1 3 2 2
9054 6113 9024 7 30 23 5
9060 3815 9039 11 21 10 2
9157 6283 9115 7 42 35 2
9394 62 9362 12 32 20 13
9457 9107 3190 30 6267 6237 0
9838 2690 9790 13 48 35 4
9846 2650 9791 10 55 45 6
10026 4142 3436 27 6590 6563 0
10080 1375 10031 9 49 40 2
10159 2019 10130 7 29 22 7
10380 4643 10353 12 27 15 2
10445 9356 10429 3 16 13 6
10554 2073 10553 1 1 0 0
10572 4553 10570 1 2 1 1
10693 1990 10679 6 14 8 1
10713 9501 10635 8 78 70 4
11311 9047 11240 11 71 60 2
11451 2289 3652 29 7799 7770 1
11530 1731 11529 1 1 0 0
11849 3479 11811 7 38 31 0
11899 6997 11888 5 11 6 4
12129 1422 12073 10 56 46 4
12342 8793 12329 5 13 8 2
12451 8800 3825 29 8626 8597 2
12510 3563 12487 8 23 15 2
12689 1287 12660 13 29 16 0
12853 6697 12835 12 18 6 0
13288 5437 13274 6 14 8 5
13435 806 13253 47 182 135 1
13544 9849 13542 2 2 0 0
13608 717 13477 9 131 122 3
13792 8850 13719 39 73 34 4
14062 1372 4289 19 9773 9754 1
14172 3860 14152 7 20 13 7
14234 3656 14175 24 59 35 3
14687 7787 14679 5 8 3 2
14728 9981 4451 20 10277 10257 5
14833 6140 14811 6 22 16 0
15327 6683 15128 59 199 140 0
15553 4227 4538 45 11015 10970 9
15910 9595 4712 22 11198 11176 0
15936 8282 15907 11 29 18 4
15970 5963 15931 11 39 28 0
16236 7591 4894 26 11342 11316 5
16349 6341 4970 24 11379 11355 2
16392 4589 16384 5 8 3 1
16431 911 16426 1 5 4 4
16489 9574 5000 52 11489 11437 3
16565 3375 16546 7 19 12 4
16671 5590 16650 13 21 8 2
17175 8931 5355 31 11820 11789 13
17229 5461 5388 28 11841 11813 0
17569 7169 5399 63 12170 12107 6
17589 3403 17578 2 11 9 9
17728 1960 17687 8 41 33 2
17763 8942 17746 4 17 13 2
17842 8203 17833 3 9 6 4
17981 8521 17967 4 14 10 3
17991 569 17958 11 33 22 0
17993 3467 17923 51 70 19 3
18197 7183 5727 18 12470 12452 3
18243 6376 5763 19 12480 12461 2
18604 6416 18551 10 53 43 1
18713 8707 5953 16 12760 12744 2
18745 5165 18724 8 21 13 6
18859 2720 18772 37 87 50 2
18901 2356 18888 4 13 9 2
19109 7317 6061 26 13048 13022 3
19188 4579 19122 7 66 59 5
19230 4043 19194 8 36 28 2
19697 7935 19687 4 10 6 5
20077 8697 20062 6 15 9 7
20239 9948 20236 2 3 1 1
20965 4099 20832 11 133 122 8
21153 8470 6486 28 14667 14639 8
21170 6267 21150 7 20 13 4
21294 6129 21281 6 13 7 3
21438 4988 21381 7 57 50 3
21440 6319 21382 7 58 51 3
21508 7380 21475 8 33 25 3
21929 2566 21775 8 154 146 1
21958 2408 21787 14 171 157 0
22051 7892 21904 10 147 137 0
22142 1392 21993 11 149 138 1
22258 6594 22108 11 150 139 1
22274 8253 22187 7 87 80 0
22336 3249 6737 20 15599 15579 1
22467 4145 22402 12 65 53 0
22536 3892 22500 13 36 23 6
22687 6059 22622 39 65 26 5
22956 884 22903 7 53 46 3
23364 9699 23199 12 165 153 5
23498 7875 23341 8 157 149 2
23699 7020 23625 37 74 37 4
23702 9100 23676 8 26 18 2
23730 503 23723 1 7 6 6
24012 217 23942 57 70 13 6
24070 1887 24029 8 41 33 3
24274 3899 24237 11 37 26 2
24297 2431 7109 18 17188 17170 16
24391 1040 24381 5 10 5 4
24519 9968 24480 12 39 27 3
24550 7102 24514 11 36 25 1
24882 9681 24832 14 50 36 3
24894 832 24832 14 62 48 5
24898 4065 24896 2 2 0 0
24900 6156 24889 4 11 7 4
24956 2429 24945 3 11 8 2
25030 79 25000 7 30 23 3
25159 8072 25089 8 70 62 4
25280 9280 25279 1 1 0 0
25488 5052 25470 10 18 8 1
25584 2517 25496 14 88 74 3
25651 3182 25573 9 78 69 2
25673 9427 7395 61 18278 18217 0
25684 7740 25668 7 16 9 2
25688 9143 7440 23 18248 18225 0
25811 5899 25787 11 24 13 0
25896 5314 25828 8 68 60 0
25903 1723 25899 1 4 3 3
25917 2804 25844 7 73 66 0
26042 7916 26025 6 17 11 0
26293 2879 7515 42 18778 18736 0
26339 3946 26336 2 3 1 1
26383 5286 26375 2 8 6 6
26465 8554 26455 4 10 6 2
26616 4399 26560 11 56 45 1
26694 8988 26618 8 76 68 0
27140 4749 27109 11 31 20 0
27204 262 7662 63 19542 19479 1
27364 5269 27347 6 17 11 5
27380 3960 27370 5 10 5 4
27566 1489 27556 4 10 6 2
27941 2403 27939 2 2 0 0
28361 5405 28351 4 10 6 2
28416 1568 28402 4 14 10 1
28557 7137 28499 7 58 51 4
28768 8567 7991 35 20777 20742 0
28930 5065 28901 11 29 18 3
29112 6064 8113 32 20999 20967 1
29180 3804 8158 21 21022 21001 2
29330 5183 29242 8 88 80 3
29375 3743 29307 8 68 60 1
29630 981 29607 5 23 18 1
29787 372 8443 23 21344 21321 1
29823 2078 8462 24 21361 21337 0
29891 5470 29872 4 19 15 1
29896 7656 29882 5 14 9 4
30437 2523 8771 65 21666 21601 0
30591 6292 8853 26 21738 21712 2
30631 213 30628 2 3 1 1
30658 7649 30650 3 8 5 1
30737 3890 30716 11 21 10 1
31141 7112 31108 9 33 24 3
31253 3244 31210 14 43 29 2
31264 3063 31261 2 3 1 1
31411 8686 9128 22 22283 22261 1
31525 4873 31484 14 41 27 4
32126 7725 32093 9 33 24 5
32155 3739 32116 14 39 25 1
32451 8644 9311 27 23140 23113 6
32500 429 32491 4 9 5 0
32702 7291 32664 13 38 25 0
32904 9390 32870 14 34 20 5
32994 5535 9668 29 23326 23297 5
33004 4285 32994 3 10 7 1
33253 7573 33250 2 3 1 1
33370 2372 33336 13 34 21 4
33392 1795 9714 26 23678 23652 4
33577 5679 33573 2 4 2 2
33677 1566 33615 33 62 29 0
33882 8546 33869 4 13 9 0
33900 8390 33863 9 37 28 3
33996 3745 33979 6 17 11 2
34138 3271 34101 11 37 26 4
34184 1869 34173 3 11 8 2
34205 5367 34172 11 33 22 0
34295 697 34242 10 53 43 1
34376 875 10043 16 24333 24317 0
34398 8941 34375 14 23 9 2
34502 9700 34493 1 9 8 8
34818 5870 34694 7 124 117 1
35116 7312 35107 3 9 6 0
35157 3455 35155 2 2 0 0
35302 6831 35276 8 26 18 3
35430 9888 35424 1 6 5 5
35475 6155 10153 16 25322 25306 2
35539 7406 10186 30 25353 25323 2
35577 607 35571 1 6 5 5
35843 6581 35826 4 17 13 4
35916 6668 35827 13 89 76 3
36029 8378 36025 3 4 1 0
36219 445 36127 11 92 81 1
36434 5280 36358 8 76 68 1
36460 8483 36451 6 9 3 2
36519 2311 36452 30 67 37 1
36649 8738 36586 10 63 53 0
36654 3298 36642 6 12 6 0
36720 9704 36678 10 42 32 5
37049 4177 10432 22 26617 26595 9
37403 7691 10563 21 26840 26819 0
37426 6232 10571 28 26855 26827 2
37431 5986 37417 6 14 8 2
37485 4328 37397 42 88 46 7
37496 3589 37490 2 6 4 4
37605 4570 37583 9 22 13 2
37742 3084 37684 13 58 45 0
37756 5795 37718 13 38 25 0
38203 1441 38179 9 24 15 5
38224 6088 38219 2 5 3 3
38292 7450 10776 23 27516 27493 0
38390 8496 10799 27 27591 27564 0
38700 464 38671 14 29 15 7
38863 1100 38855 2 8 6 6
39029 8055 38885 43 144 101 6
39050 1906 39044 2 6 4 4
39260 7779 39203 7 57 50 1
39501 7805 39496 2 5 3 3
39726 1240 39695 10 31 21 4
39736 6578 39656 58 80 22 2
39832 4078 39817 6 15 9 8
40035 5792 40012 7 23 16 1
40036 4458 40023 6 13 7 1
40054 1059 11281 18 28773 28755 1
40095 6709 40083 3 12 9 0
40356 1700 11245 76 29111 29035 0
40398 9422 40373 10 25 15 3
40503 165 40477 13 26 13 4
40561 4037 11440 15 29121 29106 6
40711 315 11477 30 29234 29204 2
40729 6556 11491 29 29238 29209 5
40789 2354 11499 24 29290 29266 0
40918 30 40915 1 3 2 2
41000 8322 40931 14 69 55 1
41196 823 41194 1 2 1 1
41283 4329 11531 33 29752 29719 0
41290 6012 11554 19 29736 29717 0
41519 6970 11705 19 29814 29795 1
41624 285 41605 10 19 9 3
41794 5643 41713 10 81 71 0
41853 305 41842 5 11 6 2
41983 7355 41962 7 21 14 0
42196 4002 42179 7 17 10 3
42224 1066 11874 24 30350 30326 2
42235 4261 11889 15 30346 30331 4
42318 1427 42304 7 14 7 1
42482 100 42366 13 116 103 5
42604 6551 42595 3 9 6 2
42622 9303 11989 16 30633 30617 0
42852 1003 42804 8 48 40 2
42897 5518 42886 5 11 6 1
42995 7091 42971 9 24 15 7
43028 7837 43001 21 27 6 0
43035 3717 12075 29 30960 30931 5
43308 1781 43270 10 38 28 2
43592 1113 43582 4 10 6 0
43629 573 43628 1 1 0 0
43750 6099 43683 18 67 49 7
43794 9431 43788 2 6 4 4
43830 5025 43801 7 29 22 0
44745 6368 12877 21 31868 31847 0
44758 3198 12883 23 31875 31852 2
44837 8345 44820 5 17 12 9
44872 7879 12995 18 31877 31859 0
45058 3664 45051 1 7 6 6
45191 637 45133 14 58 44 0
45544 4166 13191 20 32353 32333 4
45834 6736 45795 9 39 30 3
46042 2626 13307 39 32735 32696 3
46118 4151 46091 12 27 15 6
46299 2753 13410 23 32889 32866 1
46414 5919 13482 15 32932 32917 1
46484 1110 46447 8 37 29 2
46608 1311 46593 6 15 9 1
46827 3629 13621 19 33206 33187 2
46885 5944 46856 11 29 18 1
47063 4729 47053 6 10 4 0
47102 5073 47035 54 67 13 1
47222 7646 47156 13 66 53 7
47288 8305 13732 28 33556 33528 1
47338 6447 47294 14 44 30 0
47581 310 47573 1 8 7 7
47595 2321 47576 6 19 13 9
47939 8607 47920 9 19 10 5
48122 5519 48109 3 13 10 2
48255 3116 48136 13 119 106 0
48512 6595 48473 14 39 25 10
48653 1867 14226 17 34427 34410 1
48755 6863 14293 22 34462 34440 0
48819 1576 48778 9 41 32 13
49012 9388 14432 31 34580 34549 10
49328 7463 49264 14 64 50 0
49389 3806 49345 9 44 35 3
49655 1498 49629 10 26 16 0
49738 7130 49715 10 23 13 1
49740 6597 49719 7 21 14 0
50091 3508 14822 21 35269 35248 4
50257 5250 50155 7 102 95 3
50298 767 50278 3 20 17 5
50390 5719 50383 2 7 5 5
50483 2516 50421 11 62 51 0
50498 541 50488 3 10 7 3
50821 5987 14891 21 35930 35909 0
51089 1413 51083 2 6 4 4
51125 3565 51109 6 16 10 6
51125 3106 51044 13 81 68 11
51137 4618 51051 8 86 78 8
51214 8011 51168 12 46 34 1
51283 4547 15029 15 36254 36239 6
51861 1490 51846 5 15 10 4
51935 9002 51873 12 62 50 2
51943 8808 51889 9 54 45 2
52002 3958 15198 34 36804 36770 4
52058 6947 52008 9 50 41 7
52065 4353 52011 10 54 44 10
52078 8125 52029 10 49 39 0
52122 8819 52091 13 31 18 0
52171 9013 52118 11 53 42 3
52183 3016 52180 2 3 1 1
52587 2316 15300 30 37287 37257 3
52967 4198 52961 2 6 4 4
53027 3692 53004 7 23 16 0
53071 1093 15513 17 37558 37541 3
53133 9833 53088 11 45 34 6
53143 6496 15595 15 37548 37533 13
53199 6482 53155 8 44 36 3
53415 409 53408 2 7 5 5
53426 9120 53415 5 11 6 1
53450 8191 53437 6 13 7 2
53467 8144 53428 11 39 28 5
53538 250 53505 13 33 20 2
53556 1663 53514 12 42 30 1
53785 2983 15672 68 38113 38045 5
53802 5545 15743 30 38059 38029 2
53972 2754 53954 3 18 15 3
54128 2044 15903 59 38225 38166 1
54203 1196 15945 25 38258 38233 2
54220 447 15928 65 38292 38227 0
54230 3005 15969 33 38261 38228 2
54238 4176 54177 49 61 12 3
54495 111 16160 28 38335 38307 5
54578 9001 54571 3 7 4 0
54626 2329 54534 13 92 79 0
54681 1184 54673 1 8 7 7
54824 9861 54738 10 86 76 0
54916 8614 54873 11 43 32 2
55328 2965 55256 12 72 60 4
55475 5561 16335 19 39140 39121 1
55479 9800 16366 16 39113 39097 1
55551 8989 55511 12 40 28 3
55716 1020 55678 8 38 30 4
55844 7905 55823 9 21 12 1
55947 7766 55938 4 9 5 3
55986 2888 55962 7 24 17 0
56053 8185 56020 12 33 21 9
56269 931 56224 14 45 31 2
56513 6260 56475 12 38 26 1
56543 1757 56514 12 29 17 3
56550 2559 56540 4 10 6 4
56585 8572 56532 7 53 46 4
56642 8359 56636 2 6 4 4
56723 2417 56709 4 14 10 1
56835 556 56834 1 1 0 0
56952 8543 56945 3 7 4 1
57002 4171 16979 19 40023 40004 1
57088 8038 57049 13 39 26 6
57226 1462 57197 12 29 17 1
57549 2183 57535 8 14 6 0
57554 3724 17119 25 40435 40410 2
57572 3139 57558 5 14 9 2
57619 4105 17227 15 40392 40377 2
57646 2327 57639 2 7 5 5
57685 6239 57637 13 48 35 3
57973 9869 17282 21 40691 40670 1
58387 2679 17400 40 40987 40947 4
58545 8326 58542 1 3 2 2
58653 4606 58590 14 63 49 0
58710 4682 58700 1 10 9 9
58762 5865 58731 12 31 19 2
59010 1103 17673 22 41337 41315 0
59431 9592 59416 3 15 12 4
60123 6746 60060 12 63 51 4
60131 1448 60122 3 9 6 4
60142 8930 60131 5 11 6 1
60343 703 60264 7 79 72 5
60386 1912 60303 13 83 70 1
60671 3056 18245 22 42426 42404 0
60704 1897 18257 42 42447 42405 0
60898 2996 18402 55 42496 42441 1
60948 2170 60915 7 33 26 1
60952 1122 60943 5 9 4 1
61050 9571 61037 5 13 8 0
61236 7452 61168 14 68 54 2
61245 2018 61177 14 68 54 1
61679 5708 61652 11 27 16 0
61692 6625 18771 15 42921 42906 0
61707 500 18795 19 42912 42893 1
61784 3751 18883 16 42901 42885 4
61824 6999 61805 8 19 11 0
61876 4432 18895 48 42981 42933 1
61893 2400 61857 8 36 28 6
61898 9437 61868 8 30 22 3
61991 9672 61989 1 2 1 1
62000 4238 61987 5 13 8 2
62078 5 62062 12 16 4 1
62386 753 62347 10 39 29 0
62693 9550 62629 9 64 55 3
62722 4306 62660 10 62 52 0
62907 8104 19140 20 43767 43747 1
63017 4174 62928 14 89 75 4
63023 5596 62954 9 69 60 0
63265 2844 63225 13 40 27 4
63420 5530 63407 6 13 7 3
63497 9575 63463 7 34 27 4
63783 4678 19400 16 44383 44367 2
64003 5955 63948 11 55 44 0
64009 8018 64004 3 5 2 0
64020 9641 64015 1 5 4 4
64163 394 64129 12 34 22 5
64392 2851 64339 10 53 43 1
64455 1810 19704 27 44751 44724 3
64475 5626 64465 3 10 7 1
64493 9750 64470 8 23 15 3
64771 9596 64628 11 143 132 2
64779 7753 64630 13 149 136 2
64803 8716 64666 9 137 128 1
64922 3234 64815 54 107 53 0
64930 7797 64873 11 57 46 0
65175 8103 65084 7 91 84 2
65352 8755 65284 10 68 58 3
65375 8708 19736 16 45639 45623 0
65413 1922 65406 1 7 6 6
65626 2103 65554 14 72 58 0
65801 7703 65784 9 17 8 2
65830 6077 65823 3 7 4 0
65863 5942 65861 1 2 1 1
66247 6610 19889 23 46358 46335 3
66346 1730 19984 26 46362 46336 0
66478 1500 20069 15 46409 46394 3
66518 5384 66478 13 40 27 1
66681 4463 66628 12 53 41 9
67122 174 67099 8 23 15 5
67209 4534 67164 13 45 32 11
67230 9807 67229 1 1 0 0
67447 9806 67401 12 46 34 11
67617 1141 20309 22 47308 47286 0
67908 8092 67888 11 20 9 4
68126 6050 68117 3 9 6 0
68151 6190 68059 7 92 85 2
68159 5158 68086 10 73 63 1
68396 5166 68360 11 36 25 2
68630 9837 68624 3 6 3 0
69041 2037 20536 16 48505 48489 2
69065 6798 69055 5 10 5 4
69285 2477 20623 28 48662 48634 0
69389 5432 69352 21 37 16 6
69423 3532 20729 18 48694 48676 1
69440 7088 20784 25 48656 48631 4
69527 3241 20840 20 48687 48667 3
69789 6314 69722 9 67 58 1
69850 6097 69794 8 56 48 1
70217 9061 70141 13 76 63 4
70450 4033 70436 6 14 8 5
71100 3421 21231 66 49869 49803 5
71362 3292 71350 5 12 7 2
71636 5540 21371 20 50265 50245 1
71676 7761 71667 5 9 4 0
71836 5918 21470 27 50366 50339 2
71873 7998 21502 26 50371 50345 1
71976 5044 71974 1 2 1 1
72217 3409 21602 44 50615 50571 3
72307 1357 72295 5 12 7 1
72401 8374 72399 2 2 0 0
72541 5900 72500 10 41 31 0
72944 2557 72934 6 10 4 0
73168 4811 73164 1 4 3 3
73229 1779 73130 13 99 86 1
73349 360 21753 22 51596 51574 1
73445 3414 73388 51 57 6 1
73740 6787 73738 1 2 1 1
73838 594 21861 27 51977 51950 1
74197 9476 74123 10 74 64 0
74203 6509 74143 11 60 49 5
74283 5038 74269 5 14 9 3
74385 9655 74330 8 55 47 3
74569 283 74530 11 39 28 3
74687 653 74667 10 20 10 0
74769 8689 74738 10 31 21 0
74967 2638 74909 13 58 45 0
75069 2184 75020 13 49 36 4
75135 9373 22087 28 53048 53020 1
75152 7900 22099 15 53053 53038 2
75315 7966 22109 18 53206 53188 1
75342 8259 75308 13 34 21 6
75449 3026 75397 8 52 44 0
75657 2631 75631 11 26 15 0
75720 5966 75686 13 34 21 2
76069 2096 75998 8 71 63 7
76486 2229 76401 12 85 73 0
77076 7874 77063 4 13 9 3
77259 2507 22689 26 54570 54544 4
77303 2086 77284 6 19 13 5
77454 2490 22704 78 54750 54672 2
77892 8904 77788 55 104 49 3
77953 6011 22920 15 55033 55018 4
78386 83 78376 4 10 6 0
78508 4387 78506 1 2 1 1
78798 3048 78757 14 41 27 1
78828 622 78814 4 14 10 6
78880 6067 78864 10 16 6 0
79343 8620 79339 1 4 3 3
79460 2213 23248 27 56212 56185 4
79598 8471 79557 8 41 33 4
79758 2751 79733 14 25 11 3
79874 8294 23456 32 56418 56386 3
80416 9000 23743 65 56673 56608 3
80789 4120 80741 13 48 35 0
80984 685 80922 7 62 55 7
81168 8461 23910 25 57258 57233 4
81517 6328 81463 11 54 43 0
81643 7205 24043 19 57600 57581 9
81836 923 81802 14 34 20 2
81867 2349 81849 7 18 11 0
81884 4571 81878 3 6 3 1
82195 2328 24184 52 58011 57959 3
82214 5462 82199 3 15 12 2
82328 6312 82318 4 10 6 0
82392 998 82383 3 9 6 1
82435 8575 82421 5 14 9 2
82461 7367 24243 16 58218 58202 1
82522 997 82506 10 16 6 1
82640 5229 82575 31 65 34 5
82706 6868 24330 31 58376 58345 4
82744 2422 24357 21 58387 58366 8
82755 1431 82732 7 23 16 2
82916 5296 82906 3 10 7 1
83046 9618 83028 6 18 12 5
83201 1471 24623 24 58578 58554 0
83369 8486 24801 15 58568 58553 3
83425 5480 83399 15 26 11 1
83466 5796 83442 10 24 14 0
83481 9805 83429 35 52 17 1
83878 6943 24952 53 58926 58873 1
83894 4867 24956 49 58938 58889 0
84007 8883 25049 16 58958 58942 3
84181 5377 84131 7 50 43 5
84456 8141 84408 32 48 16 0
84640 9331 84585 14 55 41 2
84837 9840 84735 10 102 92 3
84898 1849 84762 10 136 126 2
85066 8411 84952 11 114 103 1
85148 575 85143 1 5 4 4
85352 8119 85344 6 8 2 0
85498 7214 25290 29 60208 60179 3
85619 9526 85609 6 10 4 1
85719 6412 85711 4 8 4 2
85882 5136 25505 22 60377 60355 2
85884 5666 25495 26 60389 60363 2
85945 4046 85920 10 25 15 3
86044 7820 86008 13 36 23 3
86059 3112 25540 28 60519 60491 2
86207 3870 25582 30 60625 60595 3
86465 7221 86423 8 42 34 1
87117 3924 87093 14 24 10 1
87146 1424 25825 23 61321 61298 1
87272 4931 87242 22 30 8 4
87318 634 25876 32 61442 61410 5
87347 8586 87308 10 39 29 11
87649 8396 87605 14 44 30 6
87677 8598 26015 19 61662 61643 7
87748 5135 87729 7 19 12 6
87761 466 26077 17 61684 61667 1
87810 668 87786 8 24 16 1
87826 3791 87825 1 1 0 0
87930 9394 26087 64 61843 61779 2
88029 967 87996 12 33 21 6
88102 4713 88072 11 30 19 5
88318 8418 88254 10 64 54 6
88414 8878 26284 18 62130 62112 7
88546 2558 26341 25 62205 62180 2
88718 9053 88692 10 26 16 1
88740 3915 88716 13 24 11 3
88887 1151 88880 3 7 4 3
88933 756 88826 18 107 89 2
89209 5701 89084 31 125 94 2
89283 7345 89276 1 7 6 6
89390 9839 89333 14 57 43 14
89403 2434 89342 10 61 51 5
89661 791 89640 7 21 14 0
89683 7572 26496 29 63187 63158 4
90042 7323 90038 1 4 3 3
90374 6307 90332 36 42 6 2
90677 7818 90671 3 6 3 1
90975 390 90957 3 18 15 3
91086 7768 91038 9 48 39 3
91092 9406 91063 27 29 2 1
91140 1928 91114 3 26 23 7
91240 7086 26992 18 64248 64230 4
91437 2854 91387 20 50 30 5
91499 8188 91468 10 31 21 2
91543 5968 91524 9 19 10 0
91545 2502 91540 3 5 2 0
91603 7444 91560 9 43 34 3
92420 3070 92340 12 80 68 4
92436 8159 92366 8 70 62 6
92595 3520 92573 8 22 14 8
92720 6769 92717 1 3 2 2
92728 9979 92673 13 55 42 2
92776 2988 27269 29 65507 65478 0
92945 2980 27302 58 65643 65585 2
93023 6360 27430 37 65593 65556 7
93217 3304 93208 3 9 6 2
93579 838 93564 4 15 11 3
93646 3561 93600 44 46 2 1
93976 270 27616 27 66360 66333 0
94123 4723 27700 31 66423 66392 0
94222 9142 94184 12 38 26 0
94302 3531 94293 3 9 6 1
94409 9911 94366 8 43 35 2
94476 3533 94464 6 12 6 2
94484 6163 94446 12 38 26 1
94534 6510 94507 14 27 13 2
94600 2236 94598 2 2 0 0
94870 4090 27843 54 67027 66973 4
95123 2706 95110 6 13 7 3
95256 2999 95251 2 5 3 3
95259 4861 28004 16 67255 67239 0
95351 6789 27995 52 67356 67304 1
95432 7695 95398 9 34 25 14
95773 1915 28269 22 67504 67482 0
95958 328 95951 3 7 4 1
95991 6651 28419 19 67572 67553 1
96144 9228 96139 2 5 3 3
96204 7562 28466 16 67738 67722 1
96400 8204 96362 11 38 27 4
96455 3512 96444 3 11 8 1
96516 1275 28532 16 67984 67968 4
96519 411 96511 4 8 4 0
96534 3731 28467 69 68067 67998 2
96650 2908 28609 19 68041 68022 7
96815 7318 96727 13 88 75 0
96841 2948 96750 12 91 79 2
96846 757 96750 10 96 86 5
97137 3597 28753 17 68384 68367 2
97212 272 97208 1 4 3 3
97329 204 97301 7 28 21 6
97399 2135 97396 2 3 1 1
97790 7499 28863 29 68927 68898 1
97835 5189 97802 13 33 20 6
97964 1845 28960 19 69004 68985 1
98025 751 28977 27 69048 69021 6
98181 1418 29062 28 69119 69091 1
98370 8174 98296 54 74 20 0
98403 7416 29186 24 69217 69193 0
98526 4222 98522 2 4 2 2
98531 4278 98521 6 10 4 1
98831 3547 29296 30 69535 69505 4
98897 3726 98854 13 43 30 0
98988 6841 29404 28 69584 69556 4
99033 8750 99031 1 2 1 1
99071 1640 29397 35 69674 69639 0
99228 2405 99201 13 27 14 0
99270 5076 29523 27 69747 69720 3
99373 5713 99359 5 14 9 5
99821 7911 99775 14 46 32 3
99921 2041 99916 3 5 2 0
