109 8289 45 17 64 47 47
266 3268 3 78 263 185 0
919 3741 400 13 519 506 506
925 4551 401 5 524 519 519
1056 3987 235 40 821 781 180
1238 8228 518 11 720 709 709
1390 4060 5 114 1385 1271 18
1408 792 64 65 1344 1279 67
1560 81 682 15 878 863 863
1606 8488 156 59 1450 1391 132
1618 4898 310 31 1308 1277 382
2006 7143 928 1 1078 1077 1077
2322 8489 26 155 2296 2141 18
2483 3137 109 76 2374 2298 106
2621 755 1129 18 1492 1474 1474
2744 7666 496 25 2248 2223 657
3129 4124 1311 8 1818 1810 1810
3277 1940 275 60 3002 2942 266
3337 887 1409 20 1928 1908 1908
3430 8438 621 28 2809 2781 806
3608 2925 1513 3 2095 2092 2092
3845 129 1576 14 2269 2255 2255
3953 6757 686 40 3267 3227 894
4079 5181 318 67 3761 3694 403
4139 6702 751 37 3388 3351 918
4352 4786 166 109 4186 4077 164
4428 6494 369 57 4059 4002 411
4537 3243 159 128 4378 4250 150
4734 965 1903 10 2831 2821 2821
5340 7172 942 25 4398 4373 1103
6055 860 1025 23 5030 5007 1298
6059 3166 2346 3 3713 3710 3710
6326 5989 2431 15 3895 3880 3880
6388 954 2457 15 3931 3916 3916
6491 4666 1096 36 5395 5359 1388
6596 8771 462 62 6134 6072 635
6607 137 458 75 6149 6074 617
6636 8876 2599 7 4037 4030 4030
6699 269 2637 20 4062 4042 4042
6734 5678 1142 33 5592 5559 1507
6982 3523 475 90 6507 6417 664
7429 849 2973 9 4456 4447 4447
7563 7648 3025 6 4538 4532 4532
7582 4085 1246 61 6336 6275 1751
7655 8013 1295 35 6360 6325 1757
7799 638 531 66 7268 7202 745
7959 7135 3185 11 4774 4763 4763
8206 3386 1383 34 6823 6789 1895
8260 6799 1404 31 6856 6825 1892
8668 3260 3489 8 5179 5171 5171
9120 6381 1523 30 7597 7567 2109
9318 8967 3732 12 5586 5574 5574
9448 456 1564 24 7884 7860 2204
9712 4175 3912 9 5800 5791 5791
9718 8122 1580 25 8138 8113 2311
9764 8821 1580 44 8184 8140 2300
9826 2571 1615 33 8211 8178 2360
9840 389 4005 13 5835 5822 5822
10501 4125 1725 39 8776 8737 2516
10572 1372 4289 19 6283 6264 6264
10943 9981 4451 20 6492 6472 6472
11030 4367 1809 38 9221 9183 2704
11271 9957 4640 2 6631 6629 6629
11839 5146 4836 2 7003 7001 7001
11927 8385 1917 35 10010 9975 2923
12366 3306 1972 37 10394 10357 3016
12610 852 2001 38 10609 10571 3078
12655 3552 2004 34 10651 10617 3096
13016 6424 5285 3 7731 7728 7728
13064 892 5299 10 7765 7755 7755
13076 3943 2052 31 11024 10993 3241
14145 7183 5727 18 8418 8400 8400
14163 4990 5747 6 8416 8410 8410
14206 6376 5763 19 8443 8424 8424
14295 857 5795 7 8500 8493 8493
14529 2345 5873 8 8656 8648 8648
14714 9251 2288 22 12426 12404 3630
14773 8707 5953 16 8820 8804 8804
14932 1330 6004 14 8928 8914 8914
14944 2518 6008 11 8936 8925 8925
15001 4837 6029 14 8972 8958 8958
15662 8202 2425 14 13237 13223 3844
15832 9469 6331 3 9501 9498 9498
16367 7136 460 77 15907 15830 619
16677 1860 2636 37 14041 14004 4022
16830 3249 6737 20 10093 10073 10073
17145 8602 6870 3 10275 10272 10272
17257 6686 1169 48 16088 16040 1532
17265 7757 6901 7 10364 10357 10357
17283 1480 239 93 17044 16951 218
17723 9258 1191 85 16532 16447 1596
17779 2431 7109 18 10670 10652 10652
17839 216 2843 33 14996 14963 4280
17955 8065 1197 77 16758 16681 1632
18321 2463 7352 11 10969 10958 10958
19220 9316 7629 11 11591 11580 11580
19356 5297 7657 11 11699 11688 11688
19402 1036 7674 9 11728 11719 11719
19662 424 3120 35 16542 16507 4643
20069 9107 3190 30 16879 16849 4770
20096 9811 562 100 19534 19434 764
20376 4897 1365 87 19011 18924 1840
20421 2700 1374 42 19047 19005 1869
21389 4142 3436 27 17953 17926 5108
21597 7950 293 144 21304 21160 297
21873 2416 3527 37 18346 18309 5220
22114 3808 8840 1 13274 13273 13273
22433 4904 623 104 21810 21706 825
22587 1152 657 79 21930 21851 839
22637 6113 9024 7 13613 13606 13606
22696 3815 9039 11 13657 13646 13646
22866 2289 3652 29 19214 19185 5437
22874 6283 9115 7 13759 13752 13752
23504 770 3746 35 19758 19723 5573
23557 62 9362 12 14195 14183 14183
24056 8800 3825 29 20231 20202 5724
24571 2690 9790 13 14781 14768 14768
24582 2650 9791 10 14791 14781 14781
25292 1375 10031 9 15261 15252 15252
25309 875 10043 16 15266 15250 15250
25492 2019 10130 7 15362 15355 15355
25530 6155 10153 16 15377 15361 15361
26076 4643 10353 12 15723 15711 15711
26241 9356 10429 3 15812 15809 15809
26612 2073 10553 1 16059 16058 16058
26635 4553 10570 1 16065 16064 16064
26821 9501 10635 8 16186 16178 16178
27008 1990 10679 6 16329 16323 16323
27621 5775 328 152 27293 27141 414
27924 4396 4423 67 23501 23434 6471
28214 4227 4538 45 23676 23631 6493
28642 9047 11240 11 17402 17391 17391
28747 1059 11281 18 17466 17448 17448
29133 4037 11440 15 17693 17678 17678
29395 1731 11529 1 17866 17865 17865
29400 9595 4712 22 24688 24666 6801
29473 6012 11554 19 17919 17900 17900
29682 9658 4763 37 24919 24882 6872
29817 6970 11705 19 18112 18093 18093
29964 2284 4786 40 25178 25138 6942
30054 5329 180 152 29874 29722 180
30058 5978 1908 85 28150 28065 2848
30108 3479 11811 7 18297 18290 18290
30350 6997 11888 5 18462 18457 18457
30366 4261 11889 15 18477 18462 18462
30589 9303 11989 16 18600 18584 18584
30693 7591 4894 26 25799 25773 7114
30847 1422 12073 10 18774 18764 18764
31334 6341 4970 24 26364 26340 7247
31564 8793 12329 5 19235 19230 19230
31613 9615 5006 36 26607 26571 7322
31627 9574 5000 52 26627 26575 7326
31860 3563 12487 8 19373 19365 19365
32288 1287 12660 13 19628 19615 19615
32345 7604 5115 59 27230 27171 7519
32667 6697 12835 12 19832 19820 19820
32979 9565 2041 45 30938 30893 3198
33181 7879 12995 18 20186 20168 20168
33497 8931 5355 31 28142 28111 7743
33711 4674 2066 129 31645 31516 3248
33744 5461 5388 28 28356 28328 7779
33773 4166 13191 20 20582 20562 20562
34110 5437 13274 6 20836 20830 20830
34320 8442 948 100 33372 33272 1139
34678 717 13477 9 21201 21192 21192
34694 5919 13482 15 21212 21197 21197
34860 9849 13542 2 21318 21316 21316
35023 5167 5517 70 29506 29436 8022
35127 3629 13621 19 21506 21487 21487
36440 3860 14152 7 22288 22281 22281
36720 1867 14226 17 22494 22477 22477
37177 4996 2233 45 34944 34899 3575
37247 7235 5832 36 31415 31379 8558
37291 1503 5833 28 31458 31430 8578
37779 5813 2251 44 35528 35484 3617
37790 5203 5906 28 31884 31856 8696
37803 9517 5911 32 31892 31860 8694
37972 7787 14679 5 23293 23288 23288
38092 9718 1002 83 37090 37007 1249
38348 6140 14811 6 23537 23531 23531
39085 4547 15029 15 24056 24041 24041
39337 7317 6061 26 33276 33250 9029
40276 1093 15513 17 24763 24746 24746
40456 6496 15595 15 24861 24846 24846
40518 4052 6256 31 34262 34231 9341
41136 8938 2444 47 38692 38645 3883
41182 8282 15907 11 25275 25264 25264
41223 5963 15931 11 25292 25281 25281
41789 2189 2502 44 39287 39243 3931
41848 2987 2481 82 39367 39285 3936
41988 8470 6486 28 35502 35474 9800
41999 661 2504 79 39495 39416 3950
42045 5029 6507 40 35538 35498 9821
42117 9800 16366 16 25751 25735 25735
42146 4589 16384 5 25762 25757 25757
42270 911 16426 1 25844 25843 25843
42458 542 6608 39 35850 35811 9881
42534 3375 16546 7 25988 25981 25981
42597 484 6622 37 35975 35938 9929
42824 5590 16650 13 26174 26161 26161
43414 2386 6789 32 36625 36593 10145
43497 4171 16979 19 26518 26499 26499
43978 2232 1148 85 42830 42745 1522
44153 4105 17227 15 26926 26911 26911
44877 777 6968 78 37909 37831 10443
45103 3403 17578 2 27525 27523 27523
45332 1960 17687 8 27645 27637 27637
45483 8942 17746 4 27737 27733 27733
45717 8203 17833 3 27884 27881 27881
46002 5850 2857 72 43145 43073 4315
46035 569 17958 11 28077 28066 28066
46040 8521 17967 4 28073 28069 28069
46110 7419 504 91 45606 45515 694
46263 3574 2861 76 43402 43326 4320
46522 3395 2891 58 43631 43573 4384
47170 9427 7395 61 39775 39714 11069
47314 6416 18551 10 28763 28753 28753
47490 9143 7440 23 40050 40027 11161
47684 5165 18724 8 28960 28952 28952
47788 5787 2961 78 44827 44749 4440
47899 6625 18771 15 29128 29113 29113
47958 500 18795 19 29163 29144 29144
48173 3751 18883 16 29290 29274 29274
48191 2356 18888 4 29303 29299 29299
48878 4579 19122 7 29756 29749 29749
48941 8104 19140 20 29801 29781 29781
49036 4043 19194 8 29842 29834 29834
49505 4678 19400 16 30105 30089 30089
49518 262 7662 63 41856 41793 11695
50086 7935 19687 4 30399 30395 30395
50326 8708 19736 16 30590 30574 30574
50443 9831 7820 31 42623 42592 11939
50493 3353 3156 47 47337 47290 4665
50772 5417 7877 57 42895 42838 11978
51164 8697 20062 6 31102 31096 31096
51222 1500 20069 15 31153 31138 31138
51602 9948 20236 2 31366 31364 31364
51707 1499 3219 44 48488 48444 4827
51926 4787 3246 42 48680 48638 4825
52127 6064 8113 32 44014 43982 12244
52650 3804 8158 21 44492 44471 12327
52697 2037 20536 16 32161 32145 32145
53096 1017 3308 43 49788 49745 4899
53196 3532 20729 18 32467 32449 32449
53454 6836 569 138 52885 52747 796
53487 4099 20832 11 32655 32644 32644
53543 3241 20840 20 32703 32683 32683
53688 3799 3342 48 50346 50298 4971
53889 3036 3343 48 50546 50498 4991
54298 372 8443 23 45855 45832 12673
54306 6267 21150 7 33156 33149 33149
54410 2078 8462 24 45948 45924 12735
54617 4820 1437 65 53180 53115 1943
54663 6129 21281 6 33382 33376 33376
54900 5540 21371 20 33529 33509 33509
54946 4988 21381 7 33565 33558 33558
54954 6319 21382 7 33572 33565 33565
55036 6369 613 136 54423 54287 808
55215 7380 21475 8 33740 33732 33732
56169 2566 21775 8 34394 34386 34386
56173 3961 3506 43 52667 52624 5204
56188 2408 21787 14 34401 34387 34387
56498 7892 21904 10 34594 34584 34584
56642 2523 8771 65 47871 47806 13103
56728 1392 21993 11 34735 34724 34724
57115 7900 22099 15 35016 35001 35001
57156 6594 22108 11 35048 35037 35037
57260 2193 3547 65 53713 53648 5255
57268 8253 22187 7 35081 35074 35074
57284 6292 8853 26 48431 48405 13327
57408 4259 8858 50 48550 48500 13364
57501 864 3565 48 53936 53888 5293
57754 4145 22402 12 35352 35340 35340
58028 3892 22500 13 35528 35515 35515
58105 654 8961 33 49144 49111 13543
58577 2255 3641 59 54936 54877 5384
58885 9706 3651 65 55234 55169 5424
58935 884 22903 7 36032 36025 36025
58959 8686 9128 22 49831 49809 13768
58987 6011 22920 15 36067 36052 36052
60012 9699 23199 12 36813 36801 36801
60253 9306 3692 62 56561 56499 5520
60431 7875 23341 8 37090 37082 37082
60793 8644 9311 27 51482 51455 14136
61309 9100 23676 8 37633 37625 37625
61406 503 23723 1 37683 37682 37682
61528 4935 9475 34 52053 52019 14261
61783 211 3809 41 57974 57933 5682
62157 1887 24029 8 38128 38120 38120
62190 7205 24043 19 38147 38128 38128
62200 9735 3814 49 58386 58337 5714
62664 3899 24237 11 38427 38416 38416
62681 7367 24243 16 38438 38422 38422
62733 5535 9668 29 53065 53036 14566
62742 101 3834 79 58908 58829 5790
62880 1135 9695 40 53185 53145 14606
62908 2360 9700 36 53208 53172 14622
62966 1040 24381 5 38585 38580 38580
63039 1795 9714 26 53325 53299 14680
63213 9968 24480 12 38733 38721 38721
63320 7102 24514 11 38806 38795 38795
63634 7151 1612 46 62022 61976 2342
63905 8486 24801 15 39104 39089 39089
64025 9681 24832 14 39193 39179 39179
64040 832 24832 14 39208 39194 39194
64201 6156 24889 4 39312 39308 39308
64218 4065 24896 2 39322 39320 39320
64345 3021 9908 40 54437 54397 15005
64370 2429 24945 3 39425 39422 39422
64522 79 25000 7 39522 39515 39515
64624 8883 25049 16 39575 39559 39559
64705 8072 25089 8 39616 39608 39608
65013 3592 10009 36 55004 54968 15162
65269 9280 25279 1 39990 39989 39989
65755 5052 25470 10 40285 40275 40275
65909 2517 25496 14 40413 40399 40399
66211 3182 25573 9 40638 40629 40629
66327 7406 10186 30 56141 56111 15416
66403 7740 25668 7 40735 40728 40728
66630 5899 25787 11 40843 40832 40832
66750 5314 25828 8 40922 40914 40914
66815 2804 25844 7 40971 40964 40964
66966 1723 25899 1 41067 41066 41066
67250 8598 26015 19 41235 41216 41216
67270 7916 26025 6 41245 41239 41239
67470 466 26077 17 41393 41376 41376
67841 6690 10409 40 57432 57392 15787
67968 8878 26284 18 41684 41666 41666
67971 4177 10432 22 57539 57517 15831
68069 3946 26336 2 41733 41731 41731
68196 5286 26375 2 41821 41819 41819
68468 2269 1718 100 66750 66650 2502
68515 8554 26455 4 42060 42056 42056
68803 4399 26560 11 42243 42232 42232
69078 8988 26618 8 42460 42452 42452
69119 7691 10563 21 58556 58535 16050
69128 6232 10571 28 58557 58529 16065
69820 9145 807 112 69013 68901 934
69994 4357 4310 72 65684 65612 6332
70013 7086 26992 18 43021 43003 43003
70288 4749 27109 11 43179 43168 43168
70934 8704 4376 48 66558 66510 6365
70970 5269 27347 6 43623 43617 43617
70996 3960 27370 5 43626 43621 43621
71108 7450 10776 23 60332 60309 16609
71383 8496 10799 27 60584 60557 16698
71502 1489 27556 4 43946 43942 43942
71619 3761 4383 84 67236 67152 6396
72526 2403 27939 2 44587 44585 44585
72686 4861 28004 16 44682 44666 44666
72699 2652 1800 96 70899 70803 2650
73603 4460 370 116 73233 73117 428
73697 5405 28351 4 45346 45342 45342
73803 1568 28402 4 45401 45397 45397
73838 6651 28419 19 45419 45400 45400
74042 7562 28466 16 45576 45560 45560
74096 7137 28499 7 45597 45590 45590
74230 8635 4620 50 69610 69560 6573
74247 1275 28532 16 45715 45699 45699
74440 2908 28609 19 45831 45812 45812
74616 1700 11245 76 63371 63295 17398
74774 5886 11274 48 63500 63452 17446
74792 3597 28753 17 46039 46022 46022
75001 9608 4647 85 70354 70269 6625
75207 5065 28901 11 46306 46295 46295
75328 1845 28960 19 46368 46349 46349
75725 1269 4693 49 71032 70983 6710
76167 5183 29242 8 46925 46917 46917
76205 315 11477 30 64728 64698 17756
76334 6556 11491 29 64843 64814 17784
76348 3743 29307 8 47041 47033 47033
76437 2354 11499 24 64938 64914 17818
76484 2338 4708 62 71776 71714 6765
76491 6200 4710 57 71781 71724 6782
76531 4329 11531 33 65000 64967 17865
77022 981 29607 5 47415 47410 47410
77103 518 848 148 76255 76107 1004
77158 8766 11642 32 65516 65484 18002
77431 5470 29872 4 47559 47555 47555
77441 7656 29882 5 47559 47554 47554
78420 9858 4838 44 73582 73538 7002
78533 1066 11874 24 66659 66635 18400
78606 1137 1916 84 76690 76606 2903
78626 4431 11887 31 66739 66708 18437
79272 213 30628 2 48644 48642 48642
79308 7649 30650 3 48658 48655 48655
79462 3890 30716 11 48746 48735 48735
79867 3717 12075 29 67792 67763 18794
80153 6518 12084 76 68069 67993 18862
80448 7112 31108 9 49340 49331 49331
80729 3244 31210 14 49519 49505 49505
80861 7207 12188 31 68673 68642 19047
80885 3063 31261 2 49624 49622 49622
81227 5332 12255 67 68972 68905 19084
81536 4873 31484 14 50052 50038 50038
82243 5094 1977 100 80266 80166 3032
82577 6728 5054 43 77523 77480 7420
82946 4962 31994 20 50952 50932 50932
83180 7725 32093 9 51087 51078 51078
83209 4622 909 99 82300 82201 1054
83266 3739 32116 14 51150 51136 51136
83727 3614 12641 36 71086 71050 19585
84136 7225 32411 19 51725 51706 51706
84347 429 32491 4 51856 51852 51852
84522 5237 12803 38 71719 71681 19758
84660 669 2018 103 82642 82539 3145
84729 7291 32664 13 52065 52052 52052
85118 6368 12877 21 72241 72220 19929
85202 9390 32870 14 52332 52318 52318
85240 3198 12883 23 72357 72334 19986
85446 4285 32994 3 52452 52449 52449
86083 3882 12996 46 73087 73041 20186
86187 7573 33250 2 52937 52935 52935
86388 2372 33336 13 53052 53039 53039
86973 5679 33573 2 53400 53398 53398
87580 3658 5395 58 82185 82127 7793
87640 263 13228 32 74412 74380 20607
87671 8390 33863 9 53808 53799 53799
87676 8546 33869 4 53807 53803 53803
87732 6883 13229 33 74503 74470 20648
87958 3745 33979 6 53979 53973 53973
88139 806 13253 47 74886 74839 20772
88190 7169 5399 63 82791 82728 7827
88223 3271 34101 11 54122 54111 54111
88414 5367 34172 11 54242 54231 54231
88418 1869 34173 3 54245 54242 54242
88549 1099 197 158 88352 88194 192
88643 697 34242 10 54401 54391 54391
88796 2626 13307 39 75489 75450 20952
88814 9210 5423 49 83391 83342 7875
88833 8977 34324 15 54509 54494 54494
88928 8941 34375 14 54553 54539 54539
89349 9480 5441 81 83908 83827 7905
89368 9700 34493 1 54875 54874 54874
89389 8912 34496 20 54893 54873 54873
89521 4402 34541 17 54980 54963 54963
89546 2753 13410 23 76136 76113 21113
89885 2056 34647 19 55238 55219 55219
90046 5870 34694 7 55352 55345 55345
91174 7312 35107 3 56067 56064 56064
91261 3455 35155 2 56106 56104 56104
91582 6831 35276 8 56306 56298 56298
91683 966 13708 40 77975 77935 21574
91827 8850 13719 39 78108 78069 21605
91941 5174 963 153 90978 90825 1151
91968 9888 35424 1 56544 56543 56543
91977 8305 13732 28 78245 78217 21689
92145 6828 13764 38 78381 78343 21741
92226 7849 35565 17 56661 56644 56644
92280 607 35571 1 56709 56708 56708
92690 6066 5645 104 87045 86941 8168
92887 8076 13862 37 79025 78988 21928
92931 6581 35826 4 57105 57101 57101
92945 6668 35827 13 57118 57105 57105
93581 8378 36025 3 57556 57553 57553
93890 445 36127 11 57763 57752 57752
94486 3780 36312 15 58174 58159 58159
94566 5428 36330 16 58236 58220 58220
94668 5280 36358 8 58310 58302 58302
94867 8483 36451 6 58416 58410 58410
95116 3656 14175 24 80941 80917 22322
95318 1878 14197 34 81121 81087 22365
95329 8738 36586 10 58743 58733 58733
95525 3298 36642 6 58883 58877 58877
95562 7639 14217 35 81345 81310 22423
95606 9704 36678 10 58928 58918 58918
95648 5669 36689 20 58959 58939 58939
95897 4739 14257 26 81640 81614 22511
96026 1539 5773 45 90253 90208 8476
96073 6863 14293 22 81780 81758 22559
96326 5707 37017 16 59309 59293 59293
96433 2872 37088 15 59345 59330 59330
97255 5986 37417 6 59838 59832 59832
97525 3589 37490 2 60035 60033 60033
97670 596 14498 38 83172 83134 23041
97701 4570 37583 9 60118 60109 60109
97901 9643 37641 20 60260 60240 60240
98003 5439 5870 100 92133 92033 8614
98017 3084 37684 13 60333 60320 60320
98037 4111 14547 39 83490 83451 23118
98094 8824 5873 50 92221 92171 8657
98108 5795 37718 13 60390 60377 60377
98168 2519 14571 35 83597 83562 23157
98334 6160 37785 19 60549 60530 60530
98429 9403 14630 48 83799 83751 23174
