62 8289 45 17 17 0 0
107 3268 3 78 104 26 0
224 4060 5 114 219 105 0
266 792 64 65 202 137 14
458 8488 156 59 302 243 30
474 8489 26 155 448 293 0
489 3137 109 76 380 304 28
510 3987 235 40 275 235 67
596 3741 400 13 196 183 183
602 4551 401 5 201 196 196
732 4898 310 31 422 391 141
797 8228 518 11 279 268 268
909 4786 166 109 743 634 59
920 3243 159 128 761 633 48
967 1940 275 60 692 632 111
1041 81 682 15 359 344 344
1154 7666 496 25 658 633 240
1208 5181 318 67 890 823 162
1318 6494 369 57 949 892 169
1387 7143 928 1 459 458 458
1447 8438 621 28 826 798 310
1655 6757 686 40 969 929 356
1780 755 1129 18 651 633 633
1793 8771 462 62 1331 1269 238
1818 137 458 75 1360 1285 222
1857 6702 751 37 1106 1069 392
1952 3523 475 90 1477 1387 258
2047 638 531 66 1516 1450 267
2065 1480 239 93 1826 1733 84
2097 4124 1311 8 786 778 778
2276 887 1409 20 867 847 847
2333 7172 942 25 1391 1366 476
2459 2925 1513 3 946 943 943
2609 129 1576 14 1033 1019 1019
2676 860 1025 23 1651 1628 565
2869 4666 1096 36 1773 1737 608
2876 7136 460 77 2416 2339 224
2892 5329 180 152 2712 2560 87
2930 7950 293 144 2637 2493 116
3031 5678 1142 33 1889 1856 652
3148 965 1903 10 1245 1235 1235
3523 4085 1246 61 2277 2216 774
3572 8013 1295 35 2277 2242 771
3645 9811 562 100 3083 2983 278
3671 5775 328 152 3343 3191 173
3884 3386 1383 34 2501 2467 838
3923 6799 1404 31 2519 2488 840
4029 1578 73 227 3956 3729 14
4035 3166 2346 3 1689 1686 1686
4229 5989 2431 15 1798 1783 1783
4270 954 2457 15 1813 1798 1798
4309 6381 1523 30 2786 2756 943
4406 4904 623 104 3783 3679 314
4420 1099 197 158 4223 4065 75
4445 456 1564 24 2881 2857 1008
4466 8876 2599 7 1867 1860 1860
4506 269 2637 20 1869 1849 1849
4510 8821 1580 44 2930 2886 1030
4511 8122 1580 25 2931 2906 1041
4575 2571 1615 33 2960 2927 1062
4606 1152 657 79 3949 3870 332
4859 4125 1725 39 3134 3095 1122
4971 849 2973 9 1998 1989 1989
5072 7648 3025 6 2047 2041 2041
5090 4367 1809 38 3281 3243 1206
5157 6686 1169 48 3988 3940 673
5315 7135 3185 11 2130 2119 2119
5390 8385 1917 35 3473 3438 1295
5417 9258 1191 85 4226 4141 703
5495 8065 1197 77 4298 4221 718
5502 7419 504 91 4998 4907 261
5543 3306 1972 37 3571 3534 1348
5661 852 2001 38 3660 3622 1378
5668 3552 2004 34 3664 3630 1382
5790 3260 3489 8 2301 2293 2293
5844 3943 2052 31 3792 3761 1440
6205 8967 3732 12 2473 2461 2461
6261 6836 569 138 5692 5554 294
6321 4897 1365 87 4956 4869 797
6327 2700 1374 42 4953 4911 826
6418 4460 370 116 6048 5932 170
6457 5193 253 182 6204 6022 98
6479 4175 3912 9 2567 2558 2558
6523 9251 2288 22 4235 4213 1642
6600 389 4005 13 2595 2582 2582
6693 8442 948 100 5745 5645 485
6888 8202 2425 14 4463 4449 1762
6934 6369 613 136 6321 6185 318
7048 1372 4289 19 2759 2740 2740
7327 9981 4451 20 2876 2856 2856
7361 9718 1002 83 6359 6276 546
7366 1860 2636 37 4730 4693 1840
7529 9957 4640 2 2889 2887 2887
7580 809 127 230 7453 7223 32
7826 216 2843 33 4983 4950 1939
7850 5146 4836 2 3014 3012 3012
8405 762 300 168 8105 7937 128
8504 5769 470 142 8034 7892 232
8533 2232 1148 85 7385 7300 667
8591 424 3120 35 5471 5436 2072
8697 6424 5285 3 3412 3409 3409
8716 892 5299 10 3417 3407 3407
8733 9107 3190 30 5543 5513 2122
8769 5978 1908 85 6861 6776 1250
9397 7183 5727 18 3670 3652 3652
9403 4142 3436 27 5967 5940 2275
9421 4990 5747 6 3674 3668 3668
9431 9145 807 112 8624 8512 402
9446 5469 530 115 8916 8801 264
9466 6376 5763 19 3703 3684 3684
9499 857 5795 7 3704 3697 3697
9515 9565 2041 45 7474 7429 1430
9640 2416 3527 37 6113 6076 2315
9652 2345 5873 8 3779 3771 3771
9764 6426 512 164 9252 9088 274
9823 8707 5953 16 3870 3854 3854
9877 4674 2066 129 7811 7682 1447
9924 1330 6004 14 3920 3906 3906
9944 2518 6008 11 3936 3925 3925
10001 4837 6029 14 3972 3958 3958
10097 436 36 380 10061 9681 0
10116 2289 3652 29 6464 6435 2399
10230 518 848 148 9382 9234 435
10293 1983 374 194 9919 9725 172
10341 770 3746 35 6595 6560 2463
10568 9469 6331 3 4237 4234 4234
10629 8800 3825 29 6804 6775 2524
10692 4996 2233 45 8459 8414 1586
10808 5813 2251 44 8557 8513 1634
10868 4622 909 99 9959 9860 456
11062 4820 1437 65 9625 9560 886
11283 3249 6737 20 4546 4526 4526
11488 8602 6870 3 4618 4615 4615
11564 7757 6901 7 4663 4656 4656
11709 8938 2444 47 9265 9218 1786
11864 5174 963 153 10901 10748 497
11881 2987 2481 82 9400 9318 1802
11904 2431 7109 18 4795 4777 4777
11995 2189 2502 44 9493 9449 1849
12056 661 2504 79 9552 9473 1848
12224 4396 4423 67 7801 7734 2832
12304 2463 7352 11 4952 4941 4941
12384 633 647 119 11737 11618 337
12410 4227 4538 45 7872 7827 2838
12540 7151 1612 46 10928 10882 1061
12600 139 420 173 12180 12007 217
12671 4356 667 135 12004 11869 343
12852 9316 7629 11 5223 5212 5212
12921 5297 7657 11 5264 5253 5253
12966 1036 7674 9 5292 5283 5283
12981 9595 4712 22 8269 8247 2966
13130 9658 4763 37 8367 8330 2979
13296 2284 4786 40 8510 8470 3019
13392 2269 1718 100 11674 11574 1114
13403 5850 2857 72 10546 10474 1955
13421 5190 446 220 12975 12755 220
13474 3574 2861 76 10613 10537 1960
13496 7591 4894 26 8602 8576 3101
13522 3395 2891 58 10631 10573 1990
13654 5570 1116 146 12538 12392 620
13694 1296 1119 122 12575 12453 622
13759 6341 4970 24 8789 8765 3177
13837 9615 5006 36 8831 8795 3185
13855 9574 5000 52 8855 8803 3187
13878 5787 2961 78 10917 10839 2000
14020 2652 1800 96 12220 12124 1173
14269 7604 5115 59 9154 9095 3312
14511 3353 3156 47 11355 11308 2064
14703 8931 5355 31 9348 9317 3389
14781 1499 3219 44 11562 11518 2149
14781 5461 5388 28 9393 9365 3382
14823 1137 1916 84 12907 12823 1277
14888 3808 8840 1 6048 6047 6047
14911 4787 3246 42 11665 11623 2145
15119 6203 113 332 15006 14674 45
15180 1017 3308 43 11872 11829 2160
15209 6113 9024 7 6185 6178 6178
15242 3815 9039 11 6203 6192 6192
15277 5167 5517 70 9760 9690 3494
15284 3799 3342 48 11942 11894 2189
15356 3036 3343 48 12013 11965 2201
15378 6283 9115 7 6263 6256 6256
15521 5094 1977 100 13544 13444 1352
15831 62 9362 12 6469 6457 6457
15878 669 2018 103 13860 13757 1389
16209 7235 5832 36 10377 10341 3726
16232 3961 3506 43 12726 12683 2307
16234 1503 5833 28 10401 10373 3732
16387 7760 834 155 15553 15398 412
16431 5203 5906 28 10525 10497 3798
16463 9517 5911 32 10552 10520 3796
16488 864 3565 48 12923 12875 2328
16492 2193 3547 65 12945 12880 2327
16579 2690 9790 13 6789 6776 6776
16586 2650 9791 10 6795 6785 6785
16842 5930 541 187 16301 16114 278
16915 2255 3641 59 13274 13215 2366
16973 1375 10031 9 6942 6933 6933
16995 875 10043 16 6952 6936 6936
17044 7317 6061 26 10983 10957 4004
17081 9706 3651 65 13430 13365 2386
17103 2019 10130 7 6973 6966 6966
17138 6155 10153 16 6985 6969 6969
17371 9306 3692 62 13679 13617 2431
17479 4643 10353 12 7126 7114 7114
17637 9356 10429 3 7208 7205 7205
17642 4052 6256 31 11386 11355 4149
17666 6987 900 110 16766 16656 444
17870 2073 10553 1 7317 7316 7316
17913 4553 10570 1 7343 7342 7342
17930 211 3809 41 14121 14080 2513
17960 9735 3814 49 14146 14097 2514
18031 9501 10635 8 7396 7388 7388
18122 1990 10679 6 7443 7437 7437
18313 101 3834 79 14479 14400 2554
18474 8470 6486 28 11988 11960 4323
18541 5029 6507 40 12034 11994 4344
18738 542 6608 39 12130 12091 4353
18783 484 6622 37 12161 12124 4377
18904 4564 2313 104 16591 16487 1680
19021 822 2334 122 16687 16565 1687
19046 3217 2365 100 16681 16581 1688
19128 9047 11240 11 7888 7877 7877
19231 1059 11281 18 7950 7932 7932
19271 8254 2391 113 16880 16767 1704
19342 2386 6789 32 12553 12521 4552
19473 4037 11440 15 8033 8018 8018
19669 1731 11529 1 8140 8139 8139
19731 6012 11554 19 8177 8158 8158
20002 6970 11705 19 8297 8278 8278
20031 777 6968 78 13063 12985 4692
20201 3479 11811 7 8390 8383 8383
20339 4357 4310 72 16029 15957 2760
20353 6997 11888 5 8465 8460 8460
20369 4261 11889 15 8480 8465 8465
20480 1526 261 250 20219 19969 104
20544 9303 11989 16 8555 8539 8539
20609 8704 4376 48 16233 16185 2795
20664 1422 12073 10 8591 8581 8581
20810 3761 4383 84 16427 16343 2808
20831 9736 2518 82 18313 18231 1855
20839 7728 1529 107 19310 19203 961
21017 1768 989 184 20028 19844 520
21154 8793 12329 5 8825 8820 8820
21233 9427 7395 61 13838 13777 4952
21252 5138 1577 158 19675 19517 1020
21293 9143 7440 23 13853 13830 4992
21344 3563 12487 8 8857 8849 8849
21576 8635 4620 50 16956 16906 2865
21660 1287 12660 13 9000 8987 8987
21784 9608 4647 85 17137 17052 2885
21954 6697 12835 12 9119 9107 9107
22119 1269 4693 49 17426 17377 2927
22254 262 7662 63 14592 14529 5254
22273 7879 12995 18 9278 9260 9260
22286 2338 4708 62 17578 17516 2951
22310 6200 4710 57 17600 17543 2952
22331 8638 669 250 21662 21412 344
22636 4166 13191 20 9445 9425 9425
22832 5437 13274 6 9558 9552 9552
22860 9831 7820 31 15040 15009 5447
22962 9858 4838 44 18124 18080 3013
23045 5417 7877 57 15168 15111 5460
23175 717 13477 9 9698 9689 9689
23191 5919 13482 15 9709 9694 9694
23321 9849 13542 2 9779 9777 9777
23469 9174 1762 99 21707 21608 1136
23475 3329 1749 132 21726 21594 1121
23486 3629 13621 19 9865 9846 9846
23539 6064 8113 32 15426 15394 5545
23698 3804 8158 21 15540 15519 5582
23952 9507 1126 191 22826 22635 636
24162 6728 5054 43 19108 19065 3275
24339 3860 14152 7 10187 10180 10180
24471 372 8443 23 16028 16005 5755
24489 1867 14226 17 10263 10246 10246
24536 2078 8462 24 16074 16050 5780
24925 1711 1875 104 23050 22946 1220
24942 5765 1872 111 23070 22959 1223
25016 7518 1896 70 23120 23050 1241
25315 7787 14679 5 10636 10631 10631
25514 2523 8771 65 16743 16678 5951
25581 6140 14811 6 10770 10764 10764
25638 3658 5395 58 20243 20185 3397
25841 6292 8853 26 16988 16962 6059
25866 7169 5399 63 20467 20404 3414
25886 4259 8858 50 17028 16978 6076
25917 9210 5423 49 20494 20445 3428
26029 4547 15029 15 11000 10985 10985
26123 9480 5441 81 20682 20601 3435
26188 654 8961 33 17227 17194 6123
26247 5467 499 167 25748 25581 245
26564 1968 3341 77 23223 23146 2175
26669 8686 9128 22 17541 17519 6255
26783 1093 15513 17 11270 11253 11253
26868 6496 15595 15 11273 11258 11258
27103 6066 5645 104 21458 21354 3587
27219 8644 9311 27 17908 17881 6443
27444 8282 15907 11 11537 11526 11526
27475 5963 15931 11 11544 11533 11533
27559 1539 5773 45 21786 21741 3676
27578 4935 9475 34 18103 18069 6497
27622 1423 2030 96 25592 25496 1403
27638 5262 1234 117 26404 26287 765
27832 4995 1244 165 26588 26423 767
27876 5412 3499 78 24377 24299 2313
27983 5535 9668 29 18315 18286 6649
27989 8824 5873 50 22116 22066 3780
28031 5439 5870 100 22161 22061 3758
28042 9800 16366 16 11676 11660 11660
28048 4589 16384 5 11664 11659 11659
28069 1135 9695 40 18374 18334 6670
28092 2360 9700 36 18392 18356 6679
28141 911 16426 1 11715 11714 11714
28148 1795 9714 26 18434 18408 6695
28309 3375 16546 7 11763 11756 11756
28479 5590 16650 13 11829 11816 11816
28516 4382 5958 72 22558 22486 3852
28654 8705 2111 103 26543 26440 1479
28721 3021 9908 40 18813 18773 6861
28817 2815 3609 136 25208 25072 2350
28822 4135 6016 50 22806 22756 3943
28841 3592 10009 36 18832 18796 6885
28980 4171 16979 19 12001 11982 11982
29339 9875 1347 132 27992 27860 781
29348 7406 10186 30 19162 19132 6996
29397 4105 17227 15 12170 12155 12155
29687 4221 873 164 28814 28650 446
29969 3248 6229 88 23740 23652 4086
29978 1167 6242 71 23736 23665 4110
30009 3403 17578 2 12431 12429 12429
30030 723 889 190 29141 28951 445
30072 6690 10409 40 19663 19623 7201
30144 4177 10432 22 19712 19690 7211
30174 1960 17687 8 12487 12479 12479
30271 8942 17746 4 12525 12521 12521
30272 9941 6284 63 23988 23925 4175
30433 8203 17833 3 12600 12597 12597
30579 7691 10563 21 20016 19995 7328
30611 6232 10571 28 20040 20012 7342
30658 8521 17967 4 12691 12687 12687
30660 569 17958 11 12702 12691 12691
30969 4646 1386 84 29583 29499 842
31036 1154 6398 108 24638 24530 4270
31267 7450 10776 23 20491 20468 7559
31290 5990 6456 41 24834 24793 4306
31310 4464 6433 100 24877 24777 4308
31323 5473 2230 158 29093 28935 1581
31335 8496 10799 27 20536 20509 7617
31416 8166 2237 132 29179 29047 1624
31479 6416 18551 10 12928 12918 12918
31704 7222 380 223 31324 31101 176
31728 540 2299 95 29429 29334 1652
31814 5165 18724 8 13090 13082 13082
31819 2918 6608 44 25211 25167 4336
31982 6625 18771 15 13211 13196 13196
32002 500 18795 19 13207 13188 13188
32116 6687 1425 145 30691 30546 865
32124 2356 18888 4 13236 13232 13232
32133 3751 18883 16 13250 13234 13234
32258 3911 935 155 31323 31168 477
32550 4579 19122 7 13428 13421 13421
32579 8104 19140 20 13439 13419 13419
32621 1690 6728 79 25893 25814 4476
32637 6656 2373 136 30264 30128 1701
32651 4043 19194 8 13457 13449 13449
32653 1700 11245 76 21408 21332 7882
32724 5886 11274 48 21450 21402 7929
32794 6563 6734 116 26060 25944 4503
32871 4045 4123 127 28748 28621 2608
33003 4678 19400 16 13603 13587 13587
33247 315 11477 30 21770 21740 8074
33307 6556 11491 29 21816 21787 8102
33347 2354 11499 24 21848 21824 8115
33405 7935 19687 4 13718 13714 13714
33419 4329 11531 33 21888 21855 8139
33554 8708 19736 16 13818 13802 13802
33689 2396 6931 50 26758 26708 4660
33728 196 960 196 32768 32572 496
33811 8766 11642 32 22169 22137 8215
33873 9675 950 215 32923 32708 485
33943 4095 6987 45 26956 26911 4692
34081 8697 20062 6 14019 14013 14013
34118 1500 20069 15 14049 14034 14034
34229 4797 4266 85 29963 29878 2732
34283 8261 7056 60 27227 27167 4711
34311 3354 7059 71 27252 27181 4721
34391 9948 20236 2 14155 14153 14153
34424 9876 7065 61 27359 27298 4736
34687 1066 11874 24 22813 22789 8453
34699 4431 11887 31 22812 22781 8453
34733 8920 7108 61 27625 27564 4774
34876 7229 7108 110 27768 27658 4764
34895 1440 7121 57 27774 27717 4792
35069 2037 20536 16 14533 14517 14517
35291 3717 12075 29 23216 23187 8598
35329 8046 4396 80 30933 30853 2806
35348 3532 20729 18 14619 14601 14601
35423 6518 12084 76 23339 23263 8643
35510 4099 20832 11 14678 14667 14667
35552 3241 20840 20 14712 14692 14692
35783 7207 12188 31 23595 23564 8739
35802 8472 7301 50 28501 28451 4887
35966 5332 12255 67 23711 23644 8763
36024 813 7346 68 28678 28610 4925
36048 6267 21150 7 14898 14891 14891
36284 6129 21281 6 15003 14997 14997
36306 6193 4552 67 31754 31687 2845
36421 5540 21371 20 15050 15030 15030
36450 4988 21381 7 15069 15062 15062
36458 6319 21382 7 15076 15069 15069
36631 7380 21475 8 15156 15148 15148
36721 8889 7496 41 29225 29184 5057
36905 2879 7515 42 29390 29348 5107
36943 3614 12641 36 24302 24266 8974
37018 9060 7519 69 29499 29430 5113
37246 5429 7564 78 29682 29604 5125
37252 2566 21775 8 15477 15469 15469
37261 2408 21787 14 15474 15460 15460
37513 7892 21904 10 15609 15599 15599
37532 5237 12803 38 24729 24691 9081
37581 1997 4667 93 32914 32821 2903
37655 1392 21993 11 15662 15651 15651
37786 6368 12877 21 24909 24888 9170
37847 3198 12883 23 24964 24941 9185
37876 7900 22099 15 15777 15762 15762
37894 6594 22108 11 15786 15775 15775
37901 7657 7639 43 30262 30219 5229
37963 8253 22187 7 15776 15769 15769
38088 1877 7697 58 30391 30333 5276
38123 3882 12996 46 25127 25081 9267
38302 4145 22402 12 15900 15888 15888
38515 3892 22500 13 16015 16002 16002
38530 1588 1696 156 36834 36678 1089
38652 8890 306 219 38346 38127 124
38844 263 13228 32 25616 25584 9472
38890 6883 13229 33 25661 25628 9492
38979 1862 7811 44 31168 31124 5414
39042 806 13253 47 25789 25742 9532
39123 884 22903 7 16220 16213 16213
39179 6011 22920 15 16259 16244 16244
39216 2626 13307 39 25909 25870 9603
39316 9546 2845 130 36471 36341 1958
39591 2753 13410 23 26181 26158 9661
39818 3632 4862 80 34956 34876 3072
39833 9699 23199 12 16634 16622 16622
39878 8567 7991 35 31887 31852 5494
40070 7875 23341 8 16729 16721 16721
40075 7032 8013 97 32062 31965 5475
40200 3285 2913 117 37287 37170 1976
40247 2364 2880 166 37367 37201 1980
40399 9311 8097 68 32302 32234 5523
40402 5468 1758 167 38644 38477 1135
40551 966 13708 40 26843 26803 9856
40600 4594 4967 83 35633 35550 3159
40627 8850 13719 39 26908 26869 9889
40636 8305 13732 28 26904 26876 9902
40666 9100 23676 8 16990 16982 16982
40735 257 4968 71 35767 35696 3175
40737 503 23723 1 17014 17013 17013
40752 6828 13764 38 26988 26950 9933
40964 175 5000 107 35964 35857 3185
41068 8076 13862 37 27206 27169 10003
41266 1887 24029 8 17237 17229 17229
41298 7205 24043 19 17255 17236 17236
41651 3899 24237 11 17414 17403 17403
41657 7367 24243 16 17414 17398 17398
41689 2602 8384 64 33305 33241 5680
41867 1040 24381 5 17486 17481 17481
41897 9630 8421 50 33476 33426 5730
41902 3656 14175 24 27727 27703 10206
41922 9927 5105 87 36817 36730 3301
41938 1878 14197 34 27741 27707 10211
42037 7639 14217 35 27820 27785 10230
42083 9968 24480 12 17603 17591 17591
42133 7102 24514 11 17619 17608 17608
42190 4739 14257 26 27933 27907 10270
42310 6863 14293 22 28017 27995 10295
42503 7991 8538 44 33965 33921 5799
42562 8486 24801 15 17761 17746 17746
42650 9681 24832 14 17818 17804 17804
42656 832 24832 14 17824 17810 17810
42755 6156 24889 4 17866 17862 17862
42770 4065 24896 2 17874 17872 17872
42871 2429 24945 3 17926 17923 17923
42988 79 25000 7 17988 17981 17981
43035 596 14498 38 28537 28499 10506
43087 7163 8630 39 34457 34418 5863
43089 8883 25049 16 18040 18024 18024
43151 8072 25089 8 18062 18054 18054
43214 4111 14547 39 28667 28628 10543
43261 2519 14571 35 28690 28655 10561
43299 9472 8683 46 34616 34570 5887
43404 9403 14630 48 28774 28726 10565
43486 9280 25279 1 18207 18206 18206
43725 1617 3184 124 40541 40417 2107
43811 3372 14758 31 29053 29022 10690
43816 5052 25470 10 18346 18336 18336
43889 2517 25496 14 18393 18379 18379
44046 1780 14801 36 29245 29209 10729
44071 3182 25573 9 18498 18489 18489
44077 8647 1911 207 42166 41959 1259
44121 3508 14822 21 29299 29278 10773
44126 4715 14815 35 29311 29276 10767
44134 3748 14826 32 29308 29276 10775
44158 7740 25668 7 18490 18483 18483
44237 4016 14855 40 29382 29342 10846
44334 8004 14879 35 29455 29420 10864
44364 5899 25787 11 18577 18566 18566
44378 5987 14891 21 29487 29466 10900
44424 5314 25828 8 18596 18588 18588
44440 2446 8843 51 35597 35546 6046
44484 2804 25844 7 18640 18633 18633
44589 1723 25899 1 18690 18689 18689
44620 4894 1171 193 43449 43256 687
44704 7193 1923 109 42781 42672 1310
44722 2418 5413 116 39309 39193 3424
44778 8598 26015 19 18763 18744 18744
44785 7916 26025 6 18760 18754 18754
44854 7508 8894 44 35960 35916 6116
44884 466 26077 17 18807 18790 18790
44919 1710 8912 56 36007 35951 6123
45071 4508 15105 36 29966 29930 11069
45118 6920 15113 32 30005 29973 11082
45165 4632 5450 93 39715 39622 3464
45198 6683 15128 59 30070 30011 11109
45205 8878 26284 18 18921 18903 18903
45278 1991 15167 34 30111 30077 11130
45294 3946 26336 2 18958 18956 18956
45367 5286 26375 2 18992 18990 18990
45407 3958 15198 34 30209 30175 11174
45593 8554 26455 4 19138 19134 19134
45779 2316 15300 30 30479 30449 11232
45793 4399 26560 11 19233 19222 19222
45904 8988 26618 8 19286 19278 19278
45931 8230 9105 45 36826 36781 6236
46046 6228 9130 41 36916 36875 6264
46076 6932 5589 54 40487 40433 3522
46087 9730 9134 45 36953 36908 6302
46099 2538 5599 46 40500 40454 3533
46122 9512 9133 41 36989 36948 6292
46471 6714 9224 50 37247 37197 6367
46637 7086 26992 18 19645 19627 19627
46794 2983 15672 68 31122 31054 11369
46812 4749 27109 11 19703 19692 19692
46886 5545 15743 30 31143 31113 11406
47180 393 5695 141 41485 41344 3584
47241 8712 5706 109 41535 41426 3612
47256 5269 27347 6 19909 19903 19903
47277 3960 27370 5 19907 19902 19902
47431 3995 5718 105 41713 41608 3645
47450 2044 15903 59 31547 31488 11523
47484 5349 765 286 46719 46433 401
47541 447 15928 65 31613 31548 11528
47568 1196 15945 25 31623 31598 11545
47667 1489 27556 4 20111 20107 20107
47702 3005 15969 33 31733 31700 11581
47710 4775 5757 100 41953 41853 3675
48083 111 16160 28 31923 31895 11602
48303 2403 27939 2 20364 20362 20362
48380 5561 16335 19 32045 32026 11639
48418 4861 28004 16 20414 20398 20398
48418 5219 5874 64 42544 42480 3788
48542 5574 2082 113 46460 46347 1442
48583 3738 16406 39 32177 32138 11687
48637 406 9708 78 38929 38851 6680
48945 4189 5924 61 43021 42960 3824
49013 5405 28351 4 20662 20658 20658
49105 1568 28402 4 20703 20699 20699
49140 6651 28419 19 20721 20702 20702
49162 3725 1286 214 47876 47662 762
49239 3331 9810 42 39429 39387 6812
49248 7562 28466 16 20782 20766 20766
49252 692 16632 36 32620 32584 11816
49288 7137 28499 7 20789 20782 20782
49338 2772 3572 112 45766 45654 2363
49370 1275 28532 16 20838 20822 20822
49396 1450 5963 84 43433 43349 3861
49491 2908 28609 19 20882 20863 20863
49714 3597 28753 17 20961 20944 20944
49946 7807 3641 124 46305 46181 2360
49979 5065 28901 11 21078 21067 21067
50004 4186 16943 40 33061 33021 11951
50050 5800 10016 78 40034 39956 6899
50079 1845 28960 19 21119 21100 21100
50087 5528 10025 59 40062 40003 6922
50109 8903 10029 48 40080 40032 6929
50144 5490 16989 33 33155 33122 12001
50188 7006 17001 31 33187 33156 12010
50275 6590 2131 172 48144 47972 1482
50335 4208 3641 149 46694 46545 2365
50516 3724 17119 25 33397 33372 12090
50567 5183 29242 8 21325 21317 21317
50604 5533 10140 61 40464 40403 6964
50710 3743 29307 8 21403 21395 21395
50832 5600 10182 90 40650 40560 6979
50917 8361 3684 151 47233 47082 2413
51053 9869 17282 21 33771 33750 12212
51196 981 29607 5 21589 21584 21584
51354 4826 10271 76 41083 41007 7082
51364 2679 17400 40 33964 33924 12320
51465 6770 10317 48 41148 41100 7102
51562 5470 29872 4 21690 21686 21686
51579 7656 29882 5 21697 21692 21692
51658 636 10330 95 41328 41233 7111
51823 7605 6249 101 45574 45473 4128
52037 1103 17673 22 34364 34342 12472
52123 5618 3756 133 48367 48234 2476
52364 4233 10503 66 41861 41795 7272
52367 4004 6268 109 46099 45990 4172
52671 6425 3807 74 48864 48790 2497
52716 213 30628 2 22088 22086 22086
52744 3467 17923 51 34821 34770 12671
52763 7649 30650 3 22113 22110 22110
52867 3890 30716 11 22151 22140 22140
52873 583 10608 60 42265 42205 7353
52925 7319 18007 32 34918 34886 12731
52973 7638 10631 45 42342 42297 7371
53199 7676 3830 114 49369 49255 2537
53253 7472 6389 98 46864 46766 4252
53277 866 18160 31 35117 35086 12749
53296 6170 10695 45 42601 42556 7449
53439 3056 18245 22 35194 35172 12769
53540 1897 18257 42 35283 35241 12799
53576 7112 31108 9 22468 22459 22459
53580 1449 10744 46 42836 42790 7512
53745 3244 31210 14 22535 22521 22521
53831 5911 10764 88 43067 42979 7534
53846 3063 31261 2 22585 22583 22583
53974 2996 18402 55 35572 35517 12889
54268 4873 31484 14 22784 22770 22770
54289 2293 3917 79 50372 50293 2582
54351 4453 6502 116 47849 47733 4328
54670 5923 10925 61 43745 43684 7709
54695 4376 3976 79 50719 50640 2578
54863 8911 929 249 53934 53685 459
55149 4962 31994 20 23155 23135 23135
55151 2720 18772 37 36379 36342 13197
55306 7725 32093 9 23213 23204 23204
55337 8677 18836 72 36501 36429 13208
55355 3739 32116 14 23239 23225 23225
55476 5205 18907 31 36569 36538 13258
55489 4432 18895 48 36594 36546 13256
55699 8838 11100 74 44599 44525 7828
55737 4843 18972 36 36765 36729 13308
55902 345 1452 114 54450 54336 898
55922 7225 32411 19 23511 23492 23492
56000 3007 11219 45 44781 44736 7853
56036 429 32491 4 23545 23541 23541
56065 748 11231 47 44834 44787 7865
56173 9006 19135 31 37038 37007 13423
56194 6576 4108 148 52086 51938 2585
56211 6685 19153 36 37058 37022 13427
56328 7291 32664 13 23664 23651 23651
56400 6539 4121 104 52279 52175 2594
56439 434 19236 37 37203 37166 13479
56619 5404 6743 143 49876 49733 4524
56634 9390 32870 14 23764 23750 23750
56824 4285 32994 3 23830 23827 23827
56992 4568 6842 72 50150 50078 4571
57138 1174 11453 42 45685 45643 8042
57292 7573 33250 2 24042 24040 24040
57296 8675 6858 115 50438 50323 4585
57445 2372 33336 13 24109 24096 24096
57530 8000 11511 49 46019 45970 8124
57599 3734 19690 33 37909 37876 13711
57667 1810 19704 27 37963 37936 13739
57838 5679 33573 2 24265 24263 24263
57960 127 6892 104 51068 50964 4646
58052 6041 11602 63 46450 46387 8171
58253 2443 19868 32 38385 38353 13904
58326 6610 19889 23 38437 38414 13930
58373 8914 11627 82 46746 46664 8226
58383 8390 33863 9 24520 24511 24511
58388 8546 33869 4 24519 24515 24515
58426 5846 6950 115 51476 51361 4675
58528 2572 4232 173 54296 54123 2703
58548 1730 19984 26 38564 38538 13960
58597 3745 33979 6 24618 24612 24612
58733 4712 20029 37 38704 38667 13998
58773 3271 34101 11 24672 24661 24661
58785 6015 11745 42 47040 46998 8300
58881 1869 34173 3 24708 24705 24705
58883 5367 34172 11 24711 24700 24700
58942 3192 2455 172 56487 56315 1779
59018 697 34242 10 24776 24766 24766
59111 9983 20179 37 38932 38895 14078
59141 8977 34324 15 24817 24802 24802
59155 8444 20194 33 38961 38928 14111
59215 8941 34375 14 24840 24826 24826
59346 3092 11816 66 47530 47464 8386
59437 9700 34493 1 24944 24943 24943
59458 8912 34496 20 24962 24942 24942
59552 4402 34541 17 25011 24994 24994
59680 1141 20309 22 39371 39349 14269
59777 2056 34647 19 25130 25111 25111
59821 6914 4289 160 55532 55372 2739
59860 5870 34694 7 25166 25159 25159
60070 6037 20422 40 39648 39608 14354
60216 5378 11931 59 48285 48226 8499
60225 513 983 205 59242 59037 505
60482 7282 20502 49 39980 39931 14490
60632 9701 1518 158 59114 58956 942
60672 7312 35107 3 25565 25562 25562
60755 2692 20591 52 40164 40112 14522
60779 3455 35155 2 25624 25622 25622
60884 2477 20623 28 40261 40233 14552
60888 474 4369 152 56519 56367 2778
60990 1624 12044 93 48946 48853 8571
60999 6831 35276 8 25723 25715 25715
61041 7238 20669 45 40372 40327 14592
61219 4923 12080 72 49139 49067 8625
61274 7088 20784 25 40490 40465 14611
61276 9888 35424 1 25852 25851 25851
61449 7849 35565 17 25884 25867 25867
61467 607 35571 1 25896 25895 25895
61781 6511 20916 71 40865 40794 14800
61889 6581 35826 4 26063 26059 26059
61905 6668 35827 13 26078 26065 26065
62069 2128 1559 187 60510 60323 992
62078 8748 412 303 61666 61363 204
62092 6323 21024 76 41068 40992 14831
62098 8510 417 217 61681 61464 207
62261 2825 4476 111 57785 57674 2840
62304 8378 36025 3 26279 26276 26276
62338 6311 12315 62 50023 49961 8787
62495 445 36127 11 26368 26357 26357
62562 303 7351 147 55211 55064 4941
62663 3421 21231 66 41432 41366 14928
62680 546 7371 111 55309 55198 4975
62732 6216 1579 207 61153 60946 1031
62811 3780 36312 15 26499 26484 26484
62870 5428 36330 16 26540 26524 26524
62931 5280 36358 8 26573 26565 26565
63058 8483 36451 6 26607 26601 26601
63130 2684 4559 102 58571 58469 2874
63323 5954 12526 50 50797 50747 8902
63324 8738 36586 10 26738 26728 26728
63422 5918 21470 27 41952 41925 15135
63434 3298 36642 6 26792 26786 26786
63438 4625 7473 64 55965 55901 5049
63486 1894 1005 198 62481 62283 546
63491 9704 36678 10 26813 26803 26803
63498 7998 21502 26 41996 41970 15170
63507 5669 36689 20 26818 26798 26798
63763 5366 12599 72 51164 51092 8946
63778 3541 7516 55 56262 56207 5109
63962 4958 21679 38 42283 42245 15310
63964 2802 7524 101 56440 56339 5114
63979 5707 37017 16 26962 26946 26946
64075 8108 4625 161 59450 59289 2871
64089 2872 37088 15 27001 26986 26986
64195 360 21753 22 42442 42420 15386
64525 6538 12749 50 51776 51726 9041
64580 594 21861 27 42719 42692 15533
64587 5986 37417 6 27170 27164 27164
64694 3811 4648 154 60046 59892 2899
64753 3589 37490 2 27263 27261 27261
64850 4570 37583 9 27267 27258 27258
64901 8812 1666 171 63235 63064 1080
64938 8240 7623 89 57315 57226 5186
65002 9643 37641 20 27361 27341 27341
65063 3084 37684 13 27379 27366 27366
65116 5795 37718 13 27398 27385 27385
65238 2738 12873 43 52365 52322 9160
65259 6160 37785 19 27474 27455 27455
65394 9373 22087 28 43307 43279 15753
65452 7966 22109 18 43343 43325 15786
65884 1939 7677 92 58207 58115 5290
65889 1441 38179 9 27710 27701 27701
65916 1800 13027 45 52889 52844 9292
65942 6088 38219 2 27723 27721 27721
65960 9456 22371 38 43589 43551 15828
66027 3774 7714 100 58313 58213 5293
66103 9841 38317 17 27786 27769 27769
66108 8443 38322 20 27786 27766 27766
66111 8834 7719 67 58392 58325 5309
66149 8195 38347 16 27802 27786 27786
66157 3109 22415 67 43742 43675 15890
66214 6105 1678 200 64536 64336 1083
66245 5752 7722 74 58523 58449 5327
66262 9598 7727 65 58535 58470 5328
66532 6633 1072 241 65460 65219 577
66711 464 38671 14 28040 28026 28026
66803 6059 22622 39 44181 44142 16047
66952 8777 22669 35 44283 44248 16066
67011 9903 38778 16 28233 28217 28217
67030 2507 22689 26 44341 44315 16088
67093 7809 38827 20 28266 28246 28246
67152 2199 38854 19 28298 28279 28279
67155 1100 38855 2 28300 28298 28298
67285 9808 13237 64 54048 53984 9485
67450 1906 39044 2 28406 28404 28404
67591 6019 13298 68 54293 54225 9563
67600 2331 13307 41 54293 54252 9583
67720 7779 39203 7 28517 28510 28510
67791 8983 22944 31 44847 44816 16273
68016 6971 13367 42 54649 54607 9620
68091 1501 13372 49 54719 54670 9636
68117 4777 23040 31 45077 45046 16407
68177 7805 39496 2 28681 28679 28679
68197 2961 7899 49 60298 60249 5468
68324 4741 39566 19 28758 28739 28739
68349 1246 23077 40 45272 45232 16484
68521 1240 39695 10 28826 28816 28816
68686 2914 23182 38 45504 45466 16597
68693 4078 39817 6 28876 28870 28870
68818 2852 13484 69 55334 55265 9708
68909 2213 23248 27 45661 45634 16668
68980 4327 2887 130 66093 65963 1976
68999 5792 40012 7 28987 28980 28980
69024 4458 40023 6 29001 28995 28995
69123 6709 40083 3 29040 29037 29037
69274 9777 40142 16 29132 29116 29116
69315 8286 13571 43 55744 55701 9796
69340 2593 23368 72 45972 45900 16766
69385 6007 40222 15 29163 29148 29148
69422 2821 4914 141 64508 64367 3105
69506 8294 23456 32 46050 46018 16854
69592 9422 40373 10 29219 29209 29209
69787 165 40477 13 29310 29297 29297
69850 4487 8115 83 61735 61652 5545
69877 7070 8103 103 61774 61671 5535
69936 8994 23605 37 46331 46294 16968
70003 7020 23625 37 46378 46341 16969
70098 5191 23674 38 46424 46386 16969
70134 9276 4959 142 65175 65033 3140
70204 7279 8152 141 62052 61911 5567
70238 4698 23735 32 46503 46471 17024
70370 9000 23743 65 46627 46562 17034
70390 3274 23762 39 46628 46589 17060
70565 30 40915 1 29650 29649 29649
70625 8322 40931 14 29694 29680 29680
70936 8461 23910 25 47026 47001 17190
70967 523 1784 173 69183 69010 1150
70967 9071 13908 49 57059 57010 10009
71065 823 41194 1 29871 29870 29870
71071 217 23942 57 47129 47072 17200
71222 106 8282 70 62940 62870 5644
71566 5898 24131 37 47435 47398 17302
71727 693 24185 32 47542 47510 17351
71743 2328 24184 52 47559 47507 17341
71804 285 41605 10 30199 30189 30189
71839 4237 8365 93 63474 63381 5674
71963 5643 41713 10 30250 30240 30240
72052 5743 41743 18 30309 30291 30291
72163 6868 24330 31 47833 47802 17470
72165 2422 24357 21 47808 47787 17454
72171 305 41842 5 30329 30324 30324
72427 7355 41962 7 30465 30458 30458
72521 8626 24433 73 48088 48015 17520
72728 6995 42135 18 30593 30575 30575
72758 9847 42158 15 30600 30585 30585
72787 4002 42179 7 30608 30601 30601
72891 7745 42261 16 30630 30614 30614
72944 4199 8459 104 64485 64381 5771
72973 1427 42304 7 30669 30662 30662
73034 1471 24623 24 48411 48387 17709
73079 100 42366 13 30713 30700 30700
73151 613 14302 77 58849 58772 10307
73297 9097 5123 143 68174 68031 3334
73364 7213 14338 54 59026 58972 10368
73480 8584 24802 36 48678 48642 17761
73491 6551 42595 3 30896 30893 30893
73659 6440 3093 164 70566 70402 2044
73680 3227 24858 37 48822 48785 17833
73699 9388 14432 31 59267 59236 10427
73717 9709 8561 145 65156 65011 5806
73799 2607 5197 109 68602 68493 3360
73857 1003 42804 8 31053 31045 31045
74009 5518 42886 5 31123 31118 31118
74038 8283 14464 45 59574 59529 10479
74052 4867 24956 49 49096 49047 17922
74094 7091 42971 9 31123 31114 31114
74102 6657 14456 81 59646 59565 10479
74126 9748 24992 36 49134 49098 17968
74223 9994 761 216 73462 73246 394
74300 9098 14518 74 59782 59708 10528
74389 5483 25095 33 49294 49261 18078
74522 6941 14569 41 59953 59912 10561
74541 1781 43270 10 31271 31261 31261
74591 5300 5269 108 69322 69214 3375
74929 6074 43468 20 31461 31441 31441
75018 7214 25290 29 49728 49699 18218
75153 1113 43582 4 31571 31567 31567
75213 6928 8737 67 66476 66409 5922
75215 573 43628 1 31587 31586 31586
75218 9749 14677 82 60541 60459 10624
75418 5642 3180 207 72238 72031 2090
75446 1115 25390 41 50056 50015 18305
75508 9431 43788 2 31720 31718 31718
75537 6281 25445 39 50092 50053 18329
75566 5025 43801 7 31765 31758 31758
75697 5666 25495 26 50202 50176 18376
75723 5136 25505 22 50218 50196 18387
75776 3226 8787 72 66989 66917 5969
75843 4240 43966 15 31877 31862 31862
75970 3112 25540 28 50430 50402 18461
76048 3870 25582 30 50466 50436 18490
76335 7516 8820 104 67515 67411 6009
76552 1424 25825 23 50727 50704 18575
76631 8595 8834 108 67797 67689 6032
76788 634 25876 32 50912 50880 18672
76814 4441 44583 16 32231 32215 32215
76941 8962 14989 49 61952 61903 10929
76980 996 14990 46 61990 61944 10948
76995 47 44684 18 32311 32293 32293
77146 8345 44820 5 32326 32321 32321
77297 609 26100 40 51197 51157 18785
77341 3161 1925 125 75416 75291 1325
77353 9394 26087 64 51266 51202 18789
77564 3664 45051 1 32513 32512 32512
77788 637 45133 14 32655 32641 32641
77865 9504 15122 71 62743 62672 11094
77938 4132 15167 50 62771 62721 11129
77955 9091 15164 72 62791 62719 11112
77982 1889 45271 16 32711 32695 32695
78014 3747 26328 33 51686 51653 18951
78045 2558 26341 25 51704 51679 18969
78153 7870 26344 75 51809 51734 18980
78484 1812 1949 179 76535 76356 1338
78519 7940 1933 172 76586 76414 1321
78540 9299 26476 40 52064 52024 19142
78571 7572 26496 29 52075 52046 19161
78809 6736 45795 9 33014 33005 33005
79177 991 15396 46 63781 63735 11257
79241 4151 46091 12 33150 33138 33138
79414 7269 317 307 79097 78790 155
79477 8266 5603 90 73874 73784 3536
79588 5409 46298 19 33290 33271 33271
79614 5175 9173 77 70441 70364 6336
79633 6621 46317 18 33316 33298 33298
79733 9746 5610 146 74123 73977 3550
79761 9582 15594 46 64167 64121 11259
79813 5246 26891 39 52922 52883 19526
79822 1110 46447 8 33375 33367 33367
79874 9725 15612 39 64262 64223 11272
79927 3557 1224 117 78703 78586 738
80074 5651 26970 32 53104 53072 19587
80095 1311 46593 6 33502 33496 33496
80244 8133 46681 17 33563 33546 33546
80432 1112 3399 105 77033 76928 2234
80496 2912 15694 53 64802 64749 11382
80550 5944 46856 11 33694 33683 33683
80681 3441 46909 16 33772 33756 33756
80757 3634 3395 177 77362 77185 2230
80799 1402 27203 46 53596 53550 19741
80817 4347 15760 50 65057 65007 11434
80918 4729 47053 6 33865 33859 33859
81060 2988 27269 29 53791 53762 19834
81143 7646 47156 13 33987 33974 33974
81160 9412 5700 129 75460 75331 3583
81225 544 27286 68 53939 53871 19845
81251 2980 27302 58 53949 53891 19879
81261 9253 15814 84 65447 65363 11470
81371 6447 47294 14 34077 34063 34063
81556 6360 27430 37 54126 54089 19944
81574 4410 9399 74 72175 72101 6480
81582 1752 47428 15 34154 34139 34139
81720 6278 15942 52 65778 65726 11541
81737 7206 15933 66 65804 65738 11533
81753 310 47573 1 34180 34179 34179
81764 2321 47576 6 34188 34182 34182
81810 7376 3443 107 78367 78260 2289
81876 6700 27543 35 54333 54298 20068
82037 3926 47733 19 34304 34285 34285
82054 270 27616 27 54438 54411 20137
82060 2963 5760 137 76300 76163 3680
82261 253 16044 93 66217 66124 11583
82272 2612 9490 120 72782 72662 6526
82284 8607 47920 9 34364 34355 34355
82319 4723 27700 31 54619 54588 20232
82508 8414 2032 166 80476 80310 1418
82629 2968 9540 81 73089 73008 6598
82696 5519 48109 3 34587 34584 34584
82773 3116 48136 13 34637 34624 34624
82834 6549 9573 81 73261 73180 6608
82843 4090 27843 54 55000 54946 20305
83068 4823 5862 121 77206 77085 3751
83224 29 9651 80 73573 73493 6645
83312 6789 27995 52 55317 55265 20402
83346 6595 48473 14 34873 34859 34859
83436 5020 48533 19 34903 34884 34884
83835 1576 48778 9 35057 35048 35048
83920 4878 9733 85 74187 74102 6720
84009 1915 28269 22 55740 55718 20580
84108 739 16518 90 67590 67500 11736
84250 2134 3567 126 80683 80557 2347
84647 7463 49264 14 35383 35369 35369
84800 3806 49345 9 35455 35446 35446
84814 1089 28529 33 56285 56252 20804
85011 6094 16716 78 68295 68217 11850
85213 1498 49629 10 35584 35574 35574
85381 7130 49715 10 35666 35656 35656
85389 6597 49719 7 35670 35663 35663
85401 3866 16787 103 68614 68511 11910
85674 7499 28863 29 56811 56782 21001
85856 6285 9989 143 75867 75724 6895
85866 9333 28948 34 56918 56884 21081
85938 751 28977 27 56961 56934 21111
86061 5250 50155 7 35906 35899 35899
86284 1507 29057 34 57227 57193 21174
86293 1418 29062 28 57231 57203 21190
86297 767 50278 3 36019 36016 36016
86328 4365 10069 60 76259 76199 6948
86354 844 6058 78 80296 80218 4005
86443 5719 50383 2 36060 36058 36058
86455 3242 29122 36 57333 57297 21224
86584 2516 50421 11 36163 36152 36152
86585 7416 29186 24 57399 57375 21214
86610 889 10098 97 76512 76415 6948
86676 541 50488 3 36188 36185 36185
86695 2665 50491 18 36204 36186 36186
86712 7404 50492 17 36220 36203 36203
86714 5281 50496 18 36218 36200 36200
86749 7689 17078 131 69671 69540 12077
86794 6183 10102 138 76692 76554 6965
86942 6627 6071 147 80871 80724 4027
86972 9792 29293 33 57679 57646 21369
86988 3547 29296 30 57692 57662 21371
87269 6841 29404 28 57865 57837 21429
87276 1640 29397 35 57879 57844 21435
87339 5310 50903 18 36436 36418 36418
87377 9092 17236 55 70141 70086 12183
87484 2632 17257 41 70227 70186 12211
87557 3106 51044 13 36513 36500 36500
87587 4618 51051 8 36536 36528 36528
87626 5076 29523 27 58103 58076 21531
87640 1413 51083 2 36557 36555 36555
87691 3565 51109 6 36582 36576 36576
87827 9714 17322 42 70505 70463 12250
88010 6545 10261 53 77749 77696 7071
88102 2727 17349 86 70753 70667 12284
88372 3185 17451 79 70921 70842 12351
88777 3805 30012 26 58765 58739 21746
88914 1490 51846 5 37068 37063 37063
88927 1989 17586 88 71341 71253 12424
88966 9002 51873 12 37093 37081 37081
88998 8808 51889 9 37109 37100 37100
89100 367 17652 49 71448 71399 12448
89173 6947 52008 9 37165 37156 37156
89183 4353 52011 10 37172 37162 37162
89186 1655 6246 172 82940 82768 4116
89194 8125 52029 10 37165 37155 37155
89302 8819 52091 13 37211 37198 37198
89364 9264 30219 40 59145 59105 21875
89376 9013 52118 11 37258 37247 37247
89494 3016 52180 2 37314 37312 37312
89606 8654 30291 41 59315 59274 21903
89713 6420 10476 115 79237 79122 7217
89863 2267 17785 48 72078 72030 12550
90004 6598 17819 45 72185 72140 12590
90074 5401 10516 86 79558 79472 7280
90196 2497 30480 61 59716 59655 22000
90225 948 17868 48 72357 72309 12620
90233 6902 30510 27 59723 59696 22012
90287 34 30521 48 59766 59718 22032
90547 8163 30620 32 59927 59895 22073
90687 8853 1371 241 89316 89075 808
90735 8457 10605 75 80130 80055 7347
90905 4581 6353 105 84552 84447 4237
90969 4198 52961 2 38008 38006 38006
91042 3692 53004 7 38038 38031 38031
91169 9833 53088 11 38081 38070 38070
91265 6482 53155 8 38110 38102 38102
91399 2322 30895 39 60504 60465 22291
91414 3011 10680 70 80734 80664 7443
91434 9570 30922 27 60512 60485 22307
91464 2198 10678 113 80786 80673 7436
91534 3622 10687 119 80847 80728 7436
91665 5691 10697 116 80968 80852 7461
91682 409 53408 2 38274 38272 38272
91692 9120 53415 5 38277 38272 38272
91740 8144 53428 11 38312 38301 38301
91747 8191 53437 6 38310 38304 38304
91764 804 31026 36 60738 60702 22390
91854 454 10722 75 81132 81057 7498
91889 7270 31060 34 60829 60795 22420
91895 250 53505 13 38390 38377 38377
91908 1663 53514 12 38394 38382 38382
92096 7929 10760 81 81336 81255 7503
92096 1194 6430 129 85666 85537 4284
92307 2562 31199 30 61108 61078 22504
92423 6361 31236 38 61187 61149 22548
92434 7901 31227 46 61207 61161 22546
92579 3049 18364 44 74215 74171 12904
92620 2754 53954 3 38666 38663 38663
92657 343 31290 68 61367 61299 22605
92876 9023 6478 99 86398 86299 4324
92956 6346 10842 71 82114 82043 7633
93039 277 31463 33 61576 61543 22749
93060 7326 54255 17 38805 38788 38788
93176 5842 10868 133 82308 82175 7634
93188 3994 31538 25 61650 61625 22785
93385 6974 6534 80 86851 86771 4347
93465 1288 18622 45 74843 74798 12988
93504 7547 54512 17 38992 38975 38975
93539 2329 54534 13 39005 38992 38992
93594 4341 10905 114 82689 82575 7694
93594 9001 54571 3 39023 39020 39020
93696 22 912 220 92784 92564 458
93784 2598 31705 36 62079 62043 22928
93802 4421 54657 17 39145 39128 39128
93811 1184 54673 1 39138 39137 39137
93816 9465 6561 129 87255 87126 4337
93941 9861 54738 10 39203 39193 39193
93949 417 18694 47 75255 75208 13035
94125 8614 54873 11 39252 39241 39241
94341 238 18756 64 75585 75521 13108
94450 3080 31912 28 62538 62510 23093
94589 3120 55072 16 39517 39501 39501
94604 1491 55073 20 39531 39511 39511
94618 3131 31946 33 62672 62639 23114
94669 6000 18767 66 75902 75836 13160
94825 9860 32037 35 62788 62753 23155
94860 1238 11034 115 83826 83711 7756
94932 2965 55256 12 39676 39664 39664
94950 9396 55263 17 39687 39670 39670
95118 8355 32105 33 63013 62980 23233
95317 8989 55511 12 39806 39794 39794
95399 2324 32217 36 63182 63146 23330
95551 1020 55678 8 39873 39865 39865
95679 4718 18950 103 76729 76626 13288
95692 4471 4060 126 91632 91506 2580
95704 6891 2364 152 93340 93188 1684
95735 7556 4058 160 91677 91517 2573
95741 7107 11147 69 84594 84525 7851
95755 7905 55823 9 39932 39923 39923
95782 1136 11145 101 84637 84536 7835
95910 7766 55938 4 39972 39968 39968
96021 8185 56020 12 40001 39989 39989
96040 39 19092 55 76948 76893 13355
96063 5088 11229 78 84834 84756 7856
96291 5839 32564 29 63727 63698 23570
96340 931 56224 14 40116 40102 40102
96360 8287 32611 39 63749 63710 23601
96386 4896 11250 59 85136 85077 7890
96415 4383 32624 29 63791 63762 23621
96454 2445 32630 37 63824 63787 23636
96462 9090 6731 130 89731 89601 4494
96606 448 32680 67 63926 63859 23660
96634 3434 32707 26 63927 63901 23692
96736 6260 56475 12 40261 40249 40249
96804 1757 56514 12 40290 40278 40278
96827 8572 56532 7 40295 40288 40288
96844 2559 56540 4 40304 40300 40300
96974 8737 19323 56 77651 77595 13511
96977 8359 56636 2 40341 40339 40339
96981 6765 6770 108 90211 90103 4543
97114 2417 56709 4 40405 40401 40401
97309 9159 32980 25 64329 64304 23812
97360 556 56834 1 40526 40525 40525
97490 4832 4132 156 93358 93202 2638
97512 8543 56945 3 40567 40564 40564
97575 5128 33070 60 64505 64445 23849
97743 8038 57049 13 40694 40681 40681
97779 8015 11444 84 86335 86251 8030
97820 1444 57091 19 40729 40710 40710
97983 1462 57197 12 40786 40774 40774
98086 5225 33225 34 64861 64827 24016
98604 2183 57535 8 41069 41061 41061
98637 3139 57558 5 41079 41074 41074
98655 256 19660 68 78995 78927 13711
98686 8711 33411 62 65275 65213 24151
98694 5067 4175 127 94519 94392 2690
98750 6239 57637 13 41113 41100 41100
98765 2327 57639 2 41126 41124 41124
98807 3366 33449 33 65358 65325 24201
99005 6958 19712 85 79293 79208 13771
99113 4115 57871 17 41242 41225 41225
99253 1566 33615 33 65638 65605 24287
99555 5099 11616 64 87939 87875 8192
99665 5853 33751 22 65914 65892 24405
99778 2500 11622 105 88156 88051 8193
99838 9784 33806 40 66032 65992 24448
99980 630 33863 24 66117 66093 24502
