135 8289 45 17 90 73 73
164 3268 3 78 161 83 0
552 792 64 65 488 423 101
593 3987 235 40 358 318 318
708 4060 5 114 703 589 18
909 3137 109 76 800 724 135
941 4898 310 31 631 600 600
1094 8489 26 155 1068 913 32
1194 3741 400 13 794 781 781
1200 4551 401 5 799 794 794
1354 8488 156 59 1198 1139 218
1486 7666 496 25 990 965 965
1598 8228 518 11 1080 1069 1069
1618 4786 166 109 1452 1343 268
1875 8438 621 28 1254 1226 1226
2038 81 682 15 1356 1341 1341
2098 6757 686 40 1412 1372 1372
2170 6702 751 37 1419 1382 1382
2259 1940 275 60 1984 1924 477
2615 7143 928 1 1687 1686 1686
2690 7172 942 25 1748 1723 1723
2901 5181 318 67 2583 2516 632
3008 860 1025 23 1983 1960 1960
3054 6494 369 57 2685 2628 667
3274 4666 1096 36 2178 2142 2142
3382 755 1129 18 2253 2235 2235
3508 5678 1142 33 2366 2333 2333
3613 6686 1169 48 2444 2396 2396
4094 8013 1295 35 2799 2764 2764
4149 4124 1311 8 2838 2830 2830
4353 2700 1374 42 2979 2937 2937
4441 7136 460 77 3981 3904 912
4473 6799 1404 31 3069 3038 3038
4494 887 1409 20 3085 3065 3065
4525 137 458 75 4067 3992 910
4672 8771 462 62 4210 4148 928
4866 3243 159 128 4707 4579 253
4870 2925 1513 3 3357 3354 3354
4907 6381 1523 30 3384 3354 3354
5024 456 1564 24 3460 3436 3436
5094 129 1576 14 3518 3504 3504
5183 8122 1580 25 3603 3578 3578
5238 7419 504 91 4734 4643 1025
5619 638 531 66 5088 5022 1139
5659 4125 1725 39 3934 3895 3895
5920 4367 1809 38 4111 4073 4073
6015 5329 180 152 5835 5683 303
6029 9811 562 100 5467 5367 1204
6267 965 1903 10 4364 4354 4354
6459 8385 1917 35 4542 4507 4507
6491 1480 239 93 6252 6159 355
6592 4904 623 104 5969 5865 1253
6703 3306 1972 37 4731 4694 4694
6763 633 647 119 6116 5997 1253
6875 1152 657 79 6218 6139 1293
6914 852 2001 38 4913 4875 4875
6949 3552 2004 34 4945 4911 4911
7211 9565 2041 45 5170 5125 5125
7295 3943 2052 31 5243 5212 5212
7889 4996 2233 45 5656 5611 5611
7996 5813 2251 44 5745 5701 5701
8035 1578 73 227 7962 7735 139
8108 9251 2288 22 5820 5798 5798
8220 3166 2346 3 5874 5871 5871
8503 7950 293 144 8210 8066 497
8565 5989 2431 15 6134 6119 6119
8613 8938 2444 47 6169 6122 6122
8679 954 2457 15 6222 6207 6207
8726 762 300 168 8426 8258 522
8861 2189 2502 44 6359 6315 6315
9077 8876 2599 7 6478 6471 6471
9153 1860 2636 37 6517 6480 6480
9174 269 2637 20 6537 6517 6517
9758 216 2843 33 6915 6882 6882
10241 849 2973 9 7268 7259 7259
10465 7648 3025 6 7440 7434 7434
10643 424 3120 35 7523 7488 7488
10715 809 127 230 10588 10358 220
10763 3353 3156 47 7607 7560 7560
10995 7135 3185 11 7810 7799 7799
11026 9107 3190 30 7836 7806 7806
11146 1499 3219 44 7927 7883 7883
11193 4460 370 116 10823 10707 684
11236 4787 3246 42 7990 7948 7948
11365 1017 3308 43 8057 8014 8014
11508 3799 3342 48 8166 8118 8118
11557 3036 3343 48 8214 8166 8166
11763 4142 3436 27 8327 8300 8300
11864 3260 3489 8 8375 8367 8367
11941 3961 3506 43 8435 8392 8392
12032 2416 3527 37 8505 8468 8468
12113 2232 1148 85 10965 10880 2361
12203 864 3565 48 8638 8590 8590
12474 2289 3652 29 8822 8793 8793
12796 8967 3732 12 9064 9052 9052
12832 770 3746 35 9086 9051 9051
12908 9258 1191 85 11717 11632 2491
12989 8065 1197 77 11792 11715 2526
13144 9735 3814 49 9330 9281 9281
13174 8800 3825 29 9349 9320 9320
13409 4175 3912 9 9497 9488 9488
13629 4085 1246 61 12383 12322 2708
13643 389 4005 13 9638 9625 9625
14638 4897 1365 87 13273 13186 2868
14678 1372 4289 19 10389 10370 10370
14961 8704 4376 48 10585 10537 10537
14972 3386 1383 34 13589 13555 2971
15175 9981 4451 20 10724 10704 10704
15454 8635 4620 50 10834 10784 10784
15503 9957 4640 2 10863 10861 10861
15724 1269 4693 49 11031 10982 10982
15822 9595 4712 22 11110 11088 11088
16020 9658 4763 37 11257 11220 11220
16180 2284 4786 40 11394 11354 11354
16252 3523 475 90 15777 15687 970
16302 5146 4836 2 11466 11464 11464
16347 9858 4838 44 11509 11465 11465
16460 5769 470 142 15990 15848 949
16527 7591 4894 26 11633 11607 11607
16834 7728 1529 107 15305 15198 3379
17018 9615 5006 36 12012 11976 11976
17611 8821 1580 44 16031 15987 3567
17818 7151 1612 46 16206 16160 3627
17822 6424 5285 3 12537 12534 12534
17873 892 5299 10 12574 12564 12564
17885 2571 1615 33 16270 16237 3666
18048 5461 5388 28 12660 12632 12632
18344 5469 530 115 17814 17699 1089
18948 2269 1718 100 17230 17130 3860
19356 7183 5727 18 13629 13611 13611
19405 4990 5747 6 13658 13652 13652
19442 6376 5763 19 13679 13660 13660
19488 1539 5773 45 13715 13670 13670
19532 857 5795 7 13737 13730 13730
19624 7235 5832 36 13792 13756 13756
19717 2652 1800 96 17917 17821 3995
19817 2345 5873 8 13944 13936 13936
19868 8824 5873 50 13995 13945 13945
19953 9517 5911 32 14042 14010 14010
20032 1099 197 158 19835 19677 333
20124 8707 5953 16 14171 14155 14155
20285 1330 6004 14 14281 14267 14267
20323 2518 6008 11 14315 14304 14304
20400 4135 6016 50 14384 14334 14334
20415 4837 6029 14 14386 14372 14372
20593 7317 6061 26 14532 14506 14506
20904 5765 1872 111 19032 18921 4194
21004 1711 1875 104 19129 19025 4257
21247 4052 6256 31 14991 14960 14960
21274 7518 1896 70 19378 19308 4318
21499 9469 6331 3 15168 15165 15165
21914 1137 1916 84 19998 19914 4485
21956 5990 6456 41 15500 15459 15459
22071 8470 6486 28 15585 15557 15557
22315 2918 6608 44 15707 15663 15663
22355 542 6608 39 15747 15708 15708
22436 484 6622 37 15814 15777 15777
22801 3249 6737 20 16064 16044 16044
22934 2386 6789 32 16145 16113 16113
23213 8602 6870 3 16343 16340 16340
23378 7757 6901 7 16477 16470 16470
23626 4095 6987 45 16639 16594 16594
23984 1423 2030 96 21954 21858 4987
24055 2431 7109 18 16946 16928 16928
24146 4356 667 135 23479 23344 1320
24672 8472 7301 50 17371 17321 17321
24814 2463 7352 11 17462 17451 17451
25195 9143 7440 23 17755 17732 17732
25386 8705 2111 103 23275 23172 5310
25438 8889 7496 41 17942 17901 17901
26052 9316 7629 11 18423 18412 18412
26125 7657 7639 43 18486 18443 18443
26236 5297 7657 11 18579 18568 18568
26312 1036 7674 9 18638 18629 18629
26910 1862 7811 44 19099 19055 19055
26942 9831 7820 31 19122 19091 19091
27766 3804 8158 21 19608 19587 19587
28332 3217 2365 100 25967 25867 5878
28411 7760 834 155 27577 27422 1463
28601 8254 2391 113 26210 26097 5936
28672 9630 8421 50 20251 20201 20201
28771 372 8443 23 20328 20305 20305
28839 2078 8462 24 20377 20353 20353
28909 518 848 148 28061 27913 1500
28960 8202 2425 14 26535 26521 6079
29098 7991 8538 44 20560 20516 20516
29461 9472 8683 46 20778 20732 20732
29841 2987 2481 82 27360 27278 6280
30026 3808 8840 1 21186 21185 21185
30091 6292 8853 26 21238 21212 21212
30234 7508 8894 44 21340 21296 21296
30338 9736 2518 82 27820 27738 6367
30349 661 2504 79 27845 27766 6358
30417 654 8961 33 21456 21423 21423
30464 8890 306 219 30158 29939 539
30676 6987 900 110 29776 29666 1589
30684 6113 9024 7 21660 21653 21653
30748 3815 9039 11 21709 21698 21698
30756 4622 909 99 29847 29748 1628
30880 8230 9105 45 21775 21730 21730
30945 6283 9115 7 21830 21823 21823
30968 8686 9128 22 21840 21818 21818
31076 9512 9133 41 21943 21902 21902
31421 6714 9224 50 22197 22147 22147
31658 8644 9311 27 22347 22320 22320
31673 8442 948 100 30725 30625 1743
31705 62 9362 12 22343 22331 22331
31975 4935 9475 34 22500 22466 22466
32623 5535 9668 29 22955 22926 22926
32802 1135 9695 40 23107 23067 23067
32839 2360 9700 36 23139 23103 23103
32938 1795 9714 26 23224 23198 23198
33275 2690 9790 13 23485 23472 23472
33286 2650 9791 10 23495 23485 23485
33433 3331 9810 42 23623 23581 23581
33577 5850 2857 72 30720 30648 6954
33650 3574 2861 76 30789 30713 6959
33837 3021 9908 40 23929 23889 23889
34135 3592 10009 36 24126 24090 24090
34236 8903 10029 48 24207 24159 24159
34250 1375 10031 9 24219 24210 24210
34255 3395 2891 58 31364 31306 7090
34272 875 10043 16 24229 24213 24213
34502 2019 10130 7 24372 24365 24365
34571 6155 10153 16 24418 24402 24402
34606 1768 989 184 33617 33433 1860
34690 7406 10186 30 24504 24474 24474
34848 9718 1002 83 33846 33763 1900
34986 5787 2961 78 32025 31947 7219
35214 6770 10317 48 24897 24849 24849
35321 4643 10353 12 24968 24956 24956
35562 6690 10409 40 25153 25113 25113
35566 9356 10429 3 25137 25134 25134
35626 4177 10432 22 25194 25172 25172
36068 5775 328 152 35740 35588 657
36215 2073 10553 1 25662 25661 25661
36237 7691 10563 21 25674 25653 25653
36239 4553 10570 1 25669 25668 25668
36268 6232 10571 28 25697 25669 25669
36500 7638 10631 45 25869 25824 25824
36551 9501 10635 8 25916 25908 25908
36729 1990 10679 6 26050 26044 26044
36821 6170 10695 45 26126 26081 26081
37012 1449 10744 46 26268 26222 26222
37192 7450 10776 23 26416 26393 26393
37277 8496 10799 27 26478 26451 26451
38520 748 11231 47 27289 27242 27242
38560 9047 11240 11 27320 27309 27309
38708 1059 11281 18 27427 27409 27409
39158 4037 11440 15 27718 27703 27703
39289 1174 11453 42 27836 27794 27794
39331 1296 1119 122 38212 38090 2161
39424 315 11477 30 27947 27917 27917
39466 1968 3341 77 36125 36048 8104
39496 6556 11491 29 28005 27976 27976
39569 2354 11499 24 28070 28046 28046
39619 8000 11511 49 28108 28059 28059
39645 1731 11529 1 28116 28115 28115
39754 6012 11554 19 28200 28181 28181
39915 8766 11642 32 28273 28241 28241
40106 6970 11705 19 28401 28382 28382
40313 6015 11745 42 28568 28526 28526
40369 9507 1126 191 39243 39052 2187
40504 3479 11811 7 28693 28686 28686
40813 1066 11874 24 28939 28915 28915
40896 4431 11887 31 29009 28978 28978
40902 6997 11888 5 29014 29009 29009
40918 4261 11889 15 29029 29014 29014
41068 5412 3499 78 37569 37491 8366
41206 9303 11989 16 29217 29201 29201
41332 7222 380 223 40952 40729 715
41496 1422 12073 10 29423 29413 29413
41556 3717 12075 29 29481 29452 29452
41685 2193 3547 65 38138 38073 8507
41994 7207 12188 31 29806 29775 29775
42402 8793 12329 5 30073 30068 30068
42603 2255 3641 59 38962 38903 8721
42764 9706 3651 65 39113 39048 8780
42896 3563 12487 8 30409 30401 30401
43099 5954 12526 50 30573 30523 30523
43431 3614 12641 36 30790 30754 30754
43508 9306 3692 62 39816 39754 8924
43522 1287 12660 13 30862 30849 30849
43723 6538 12749 50 30974 30924 30924
43852 5237 12803 38 31049 31011 31011
43916 6697 12835 12 31081 31069 31069
44103 6368 12877 21 31226 31205 31205
44151 3198 12883 23 31268 31245 31245
44576 7879 12995 18 31581 31563 31563
44715 1800 13027 45 31688 31643 31643
44855 6425 3807 74 41048 40974 9212
44892 211 3809 41 41083 41042 9241
45354 4166 13191 20 32163 32143 32143
45449 263 13228 32 32221 32189 32189
45526 6883 13229 33 32297 32264 32264
45745 5437 13274 6 32471 32465 32465
45972 2331 13307 41 32665 32624 32624
46134 6971 13367 42 32767 32725 32725
46291 2753 13410 23 32881 32858 32858
46468 717 13477 9 32991 32982 32982
46484 5919 13482 15 33002 32987 32987
46553 2293 3917 79 42636 42557 9534
46647 9849 13542 2 33105 33103 33103
46740 5262 1234 117 45506 45389 2653
46818 8286 13571 43 33247 33204 33204
47008 3629 13621 19 33387 33368 33368
47103 966 13708 40 33395 33355 33355
47222 8305 13732 28 33490 33462 33462
47384 6828 13764 38 33620 33582 33582
47701 8076 13862 37 33839 33802 33802
47765 4471 4060 126 43705 43579 9749
47830 9071 13908 49 33922 33873 33873
48123 436 36 380 48087 47707 34
48590 3860 14152 7 34438 34431 34431
48762 1878 14197 34 34565 34531 34531
48885 7639 14217 35 34668 34633 34633
48946 1867 14226 17 34720 34703 34703
49165 6863 14293 22 34872 34850 34850
49684 9875 1347 132 48337 48205 2803
50110 596 14498 38 35612 35574 35574
50314 4111 14547 39 35767 35728 35728
50340 8510 417 217 49923 49706 867
50382 6941 14569 41 35813 35772 35772
50418 2519 14571 35 35847 35812 35812
50683 7787 14679 5 36004 35999 35999
50999 4357 4310 72 46689 46617 10406
51066 3372 14758 31 36308 36277 36277
51225 1780 14801 36 36424 36388 36388
51280 6140 14811 6 36469 36463 36463
51378 3508 14822 21 36556 36535 36535
51411 3748 14826 32 36585 36553 36553
51654 4016 14855 40 36799 36759 36759
51783 8004 14879 35 36904 36869 36869
51816 4646 1386 84 50430 50346 2975
51974 5987 14891 21 37083 37062 37062
52290 8962 14989 49 37301 37252 37252
52337 996 14990 46 37347 37301 37301
52491 4547 15029 15 37462 37447 37447
52606 3761 4383 84 48223 48139 10607
52806 4508 15105 36 37701 37665 37665
52821 8046 4396 80 48425 48345 10645
52854 6920 15113 32 37741 37709 37709
53116 1991 15167 34 37949 37915 37915
53221 4396 4423 67 48798 48731 10715
53357 4227 4538 45 48819 48774 10680
53385 2825 4476 111 48909 48798 10700
53419 6193 4552 67 48867 48800 10676
53588 2316 15300 30 38288 38258 38258
53685 2684 4559 102 49126 49024 10710
53963 1093 15513 17 38450 38433 38433
54084 9608 4647 85 49437 49352 10857
54164 9582 15594 46 38570 38524 38524
54180 6496 15595 15 38585 38570 38570
54188 4820 1437 65 52751 52686 3185
54346 6687 1425 145 52921 52776 3150
54546 1997 4667 93 49879 49786 10950
54682 5545 15743 30 38939 38909 38909
54980 6200 4710 57 50270 50213 11063
55114 8282 15907 11 39207 39196 39196
55181 5963 15931 11 39250 39239 39239
55277 1196 15945 25 39332 39307 39307
55402 345 1452 114 53950 53836 3227
55692 111 16160 28 39532 39504 39504
56139 9800 16366 16 39773 39757 39757
56186 4589 16384 5 39802 39797 39797
56243 3738 16406 39 39837 39798 39798
56304 911 16426 1 39878 39877 39877
56481 3632 4862 80 51619 51539 11541
56790 3375 16546 7 40244 40237 40237
57160 5590 16650 13 40510 40497 40497
57582 4594 4967 83 52615 52532 11753
57619 6341 4970 24 52649 52625 11865
57883 4186 16943 40 40940 40900 40900
57927 20 4991 97 52936 52839 11899
58038 4171 16979 19 41059 41040 41040
58052 9574 5000 52 53052 53000 11941
58139 5490 16989 33 41150 41117 41117
58192 7006 17001 31 41191 41160 41160
58524 8511 5041 107 53483 53376 12008
58565 3724 17119 25 41446 41421 41421
58610 6728 5054 43 53556 53513 12088
58879 4105 17227 15 41652 41637 41637
59101 2632 17257 41 41844 41803 41803
59180 9869 17282 21 41898 41877 41877
59356 5467 499 167 58857 58690 988
59681 7604 5115 59 54566 54507 12256
60107 3403 17578 2 42529 42527 42527
60159 5138 1577 158 58582 58424 3518
60385 367 17652 49 42733 42684 42684
60439 1103 17673 22 42766 42744 42744
60520 1960 17687 8 42833 42825 42825
60700 8942 17746 4 42954 42950 42950
60778 5300 5269 108 55509 55401 12446
61019 6598 17819 45 43200 43155 43155
61023 8203 17833 3 43190 43187 43187
61092 948 17868 48 43224 43176 43176
61462 569 17958 11 43504 43493 43493
61467 8521 17967 4 43500 43496 43496
61518 6426 512 164 61006 60842 1067
61532 8931 5355 31 56177 56146 12609
61583 7319 18007 32 43576 43544 43544
61852 3658 5395 58 56457 56399 12682
61978 7169 5399 63 56579 56516 12716
62010 866 18160 31 43850 43819 43819
62161 2418 5413 116 56748 56632 12719
62171 9210 5423 49 56748 56699 12748
62241 3056 18245 22 43996 43974 43974
62459 9480 5441 81 57018 56937 12818
62740 3049 18364 44 44376 44332 44332
62786 4632 5450 93 57336 57243 12895
63137 6416 18551 10 44586 44576 44576
63320 5167 5517 70 57803 57733 13009
63427 1288 18622 45 44805 44760 44760
63618 417 18694 47 44924 44877 44877
63682 5165 18724 8 44958 44950 44950
63845 6932 5589 54 58256 58202 13121
63995 6625 18771 15 45224 45209 45209
64019 500 18795 19 45224 45205 45205
64267 3751 18883 16 45384 45368 45368
64272 2356 18888 4 45384 45380 45380
64365 5205 18907 31 45458 45427 45427
64559 4843 18972 36 45587 45551 45551
64663 6066 5645 104 59018 58914 13304
65073 4579 19122 7 45951 45944 45944
65105 9006 19135 31 45970 45939 45939
65126 8104 19140 20 45986 45966 45966
65236 6685 19153 36 46083 46047 46047
65304 4043 19194 8 46110 46102 46102
65454 434 19236 37 46218 46181 46181
65759 3329 1749 132 64010 63878 3923
66078 4678 19400 16 46678 46662 46662
66097 9174 1762 99 64335 64236 3934
66989 1503 5833 28 61156 61128 13792
67046 7935 19687 4 47359 47355 47355
67080 3734 19690 33 47390 47357 47357
67407 8708 19736 16 47671 47655 47655
67545 5439 5870 100 61675 61575 13858
67839 2443 19868 32 47971 47939 47939
67998 6610 19889 23 48109 48086 48086
68032 5219 5874 64 62158 62094 13995
68043 5203 5906 28 62137 62109 14012
68195 4189 5924 61 62271 62210 14030
68266 1730 19984 26 48282 48256 48256
68481 4712 20029 37 48452 48415 48415
68554 8697 20062 6 48492 48486 48486
68614 1500 20069 15 48545 48530 48530
68885 9983 20179 37 48706 48669 48669
68939 4382 5958 72 62981 62909 14167
68973 8444 20194 33 48779 48746 48746
69038 1450 5963 84 63075 62991 14187
69091 9948 20236 2 48855 48853 48853
69587 5408 20300 45 49287 49242 49242
69633 1141 20309 22 49324 49302 49302
70073 6037 20422 40 49651 49611 49611
70647 2037 20536 16 50111 50095 50095
70841 844 6058 78 64783 64705 14473
71062 2477 20623 28 50439 50411 50411
71348 3532 20729 18 50619 50601 50601
71359 6369 613 136 70746 70610 1228
71446 7088 20784 25 50662 50637 50637
71643 4099 20832 11 50811 50800 50800
71737 3241 20840 20 50897 50877 50877
72271 6836 569 138 71702 71564 1246
72655 6267 21150 7 51505 51498 51498
72763 3248 6229 88 66534 66446 14876
72893 7605 6249 101 66644 66543 14914
73120 6129 21281 6 51839 51833 51833
73198 4004 6268 109 66930 66821 15007
73213 9941 6284 63 66929 66866 15010
73410 5540 21371 20 52039 52019 52019
73474 4988 21381 7 52093 52086 52086
73482 6319 21382 7 52100 52093 52093
73744 7380 21475 8 52269 52261 52261
73810 7998 21502 26 52308 52282 52282
74063 5491 21543 43 52520 52477 52477
74239 5978 1908 85 72331 72246 4395
74628 4958 21679 38 52949 52911 52911
74703 3426 21711 46 52992 52946 52946
75028 6898 21748 47 53280 53233 53233
75076 360 21753 22 53323 53301 53301
75208 2566 21775 8 53433 53425 53425
75267 2408 21787 14 53480 53466 53466
75541 594 21861 27 53680 53653 53653
75583 7113 21864 41 53719 53678 53678
75791 7892 21904 10 53887 53877 53877
76022 1392 21993 11 54029 54018 54018
76459 6325 22081 44 54378 54334 54334
76541 9373 22087 28 54454 54426 54426
76601 7900 22099 15 54502 54487 54487
76644 6594 22108 11 54536 54525 54525
76672 5029 6507 40 70165 70125 15586
76812 6974 6534 80 70278 70198 15581
76866 8253 22187 7 54679 54672 54672
76972 2734 22203 44 54769 54725 54725
77084 3161 1925 125 75159 75034 4596
77129 9312 22267 44 54862 54818 54818
77319 9456 22371 38 54948 54910 54910
77502 4145 22402 12 55100 55088 55088
77909 3892 22500 13 55409 55396 55396
78290 3168 6705 96 71585 71489 15816
78349 1528 22628 48 55721 55673 55673
78376 1812 1949 179 76427 76248 4673
78423 8777 22669 35 55754 55719 55719
78534 5094 1977 100 76557 76457 4727
78688 1690 6728 79 71960 71881 15927
79144 884 22903 7 56241 56234 56234
79236 6011 22920 15 56316 56301 56301
79395 8983 22944 31 56451 56420 56420
79717 4742 23006 49 56711 56662 56662
79859 4777 23040 31 56819 56788 56788
79950 7068 1978 152 77972 77820 4786
80162 1246 23077 40 57085 57045 57045
80266 4568 6842 72 73424 73352 16199
80387 870 23113 41 57274 57233 57233
80723 2914 23182 38 57541 57503 57503
80814 9699 23199 12 57615 57603 57603
81089 2213 23248 27 57841 57814 57814
81502 7875 23341 8 58161 58153 58153
81783 2396 6931 50 74852 74802 16474
82094 9004 23510 48 58584 58536 58536
82144 2796 23516 49 58628 58579 58579
82275 5846 6950 115 75325 75210 16517
82468 240 23575 42 58893 58851 58851
82625 8994 23605 37 59020 58983 58983
82646 777 6968 78 75678 75600 16596
82738 5191 23674 38 59064 59026 59026
82747 9100 23676 8 59071 59063 59063
82821 503 23723 1 59098 59097 59097
82915 4698 23735 32 59180 59148 59148
83044 9645 23760 43 59284 59241 59241
83084 3274 23762 39 59322 59283 59283
83433 669 2018 103 81415 81312 4962
83616 8261 7056 60 76560 76500 16778
83669 8461 23910 25 59759 59734 59734
83708 9876 7065 61 76643 76582 16824
83727 3354 7059 71 76668 76597 16805
83964 1887 24029 8 59935 59927 59927
83997 7205 24043 19 59954 59935 59935
84046 8920 7108 61 76938 76877 16891
84293 4968 24104 46 60189 60143 60143
84303 1440 7121 57 77182 77125 16959
84348 8414 2032 166 82316 82150 5029
84386 5898 24131 37 60255 60218 60218
84485 693 24185 32 60300 60268 60268
84687 3899 24237 11 60450 60439 60439
84704 7367 24243 16 60461 60445 60445
84979 2422 24357 21 60622 60601 60601
85021 1040 24381 5 60640 60635 60635
85313 9968 24480 12 60833 60821 60821
85465 7102 24514 11 60951 60940 60940
85676 9500 24572 43 61104 61061 61061
85922 1471 24623 24 61299 61275 61275
85932 5193 253 182 85679 85497 372
86147 5574 2082 113 84065 83952 5235
86201 8486 24801 15 61400 61385 61385
86238 8584 24802 36 61436 61400 61400
86351 813 7346 68 79005 78937 17417
86366 9681 24832 14 61534 61520 61520
86381 832 24832 14 61549 61535 61535
86470 3227 24858 37 61612 61575 61575
86489 4674 2066 129 84423 84294 5230
86537 2309 24871 47 61666 61619 61619
86585 6156 24889 4 61696 61692 61692
86602 4065 24896 2 61706 61704 61704
86779 2429 24945 3 61834 61831 61831
86824 2803 24950 44 61874 61830 61830
86986 9748 24992 36 61994 61958 61958
86994 79 25000 7 61994 61987 61987
87104 8883 25049 16 62055 62039 62039
87132 546 7371 111 79761 79650 17594
87143 9427 7395 61 79748 79687 17606
87360 8072 25089 8 62271 62263 62263
87421 5483 25095 33 62326 62293 62293
87811 4973 25193 49 62618 62569 62569
88175 9280 25279 1 62896 62895 62895
88262 955 25289 48 62973 62925 62925
88292 7214 25290 29 63002 62973 62973
88513 4625 7473 64 81040 80976 17839
88693 6281 25445 39 63248 63209 63209
88755 5052 25470 10 63285 63275 63275
88879 5726 25487 50 63392 63342 63342
88944 5666 25495 26 63449 63423 63423
88959 2517 25496 14 63463 63449 63449
88998 5136 25505 22 63493 63471 63471
89226 3112 25540 28 63686 63658 63658
89347 2879 7515 42 81832 81790 18037
89357 3182 25573 9 63784 63775 63775
89388 3870 25582 30 63806 63776 63776
89487 9060 7519 69 81968 81899 18043
89515 7740 25668 7 63847 63840 63840
89533 1526 261 250 89272 89022 387
89619 2802 7524 101 82095 81994 18103
89900 5899 25787 11 64113 64102 64102
90061 1424 25825 23 64236 64213 64213
90070 5314 25828 8 64242 64234 64234
90084 5429 7564 78 82520 82442 18206
90194 3816 25841 43 64353 64310 64310
90202 2804 25844 7 64358 64351 64351
90355 1723 25899 1 64456 64455 64455
90721 8598 26015 19 64706 64687 64687
90745 7916 26025 6 64720 64714 64714
91044 466 26077 17 64967 64950 64950
91111 609 26100 40 65011 64971 64971
91568 8878 26284 18 65284 65266 65266
91581 262 7662 63 83919 83856 18575
91709 3946 26336 2 65373 65371 65371
91735 2558 26341 25 65394 65369 65369
91806 1877 7697 58 84109 84051 18635
91873 5286 26375 2 65498 65496 65496
92088 3572 26413 42 65675 65633 65633
92178 3204 26426 41 65752 65711 65711
92252 8554 26455 4 65797 65793 65793
92349 9299 26476 40 65873 65833 65833
92431 3774 7714 100 84717 84617 18716
92461 7572 26496 29 65965 65936 65936
92581 8834 7719 67 84862 84795 18749
92650 9598 7727 65 84923 84858 18769
92744 4399 26560 11 66184 66173 66173
93080 8988 26618 8 66462 66454 66454
94065 5246 26891 39 67174 67135 67135
94221 2398 26946 47 67275 67228 67228
94296 5651 26970 32 67326 67294 67294
94341 1771 26970 44 67371 67327 67327
94386 7086 26992 18 67394 67376 67376
94613 5417 7877 57 86736 86679 19125
94802 5473 2230 158 92572 92414 5593
94845 2961 7899 49 86946 86897 19186
94942 4749 27109 11 67833 67822 67822
95338 6585 27221 42 68117 68075 68075
95617 2988 27269 29 68348 68319 68319
95800 8567 7991 35 87809 87774 19305
95844 8166 2237 132 93607 93475 5697
95970 5269 27347 6 68623 68617 68617
95991 3960 27370 5 68621 68616 68616
96241 8420 8058 109 88183 88074 19310
96612 9311 8097 68 88515 88447 19390
96706 6700 27543 35 69163 69128 69128
96777 1489 27556 4 69221 69217 69217
96826 7070 8103 103 88723 88620 19402
96901 6064 8113 32 88788 88756 19443
97073 4487 8115 83 88958 88875 19443
97101 270 27616 27 69485 69458 69458
97246 1024 27648 42 69598 69556 69556
97741 540 2299 95 95442 95347 5810
97790 3350 27813 48 69977 69929 69929
98034 2403 27939 2 70095 70093 70093
98208 9145 807 112 97401 97289 1453
98304 4861 28004 16 70300 70284 70284
98475 4564 2313 104 96162 96058 5870
98621 3618 28137 43 70484 70441 70441
98982 6891 2364 152 96618 96466 5857
