186 8289 45 17 141 124 17
587 4551 401 5 186 181 181
715 3268 3 78 712 634 0
1268 3741 400 13 868 855 176
1330 7143 928 1 402 401 401
1709 8228 518 11 1191 1180 258
2264 81 682 15 1582 1567 325
2274 2925 1513 3 761 758 758
2339 4060 5 114 2334 2220 4
3036 4124 1311 8 1725 1717 657
3613 3166 2346 3 1267 1264 1264
3780 7666 496 25 3284 3259 232
4429 965 1903 10 2526 2516 989
4548 8488 156 59 4392 4333 54
4934 4898 310 31 4624 4593 115
4986 3243 159 128 4827 4699 57
5100 3987 235 40 4865 4825 76
5639 129 1576 14 4063 4049 806
5724 8821 1580 44 4144 4100 820
5729 8202 2425 14 3304 3290 1320
6017 755 1129 18 4888 4870 543
6021 3523 475 90 5546 5456 234
6072 8876 2599 7 3473 3466 1401
6828 849 2973 9 3855 3846 1546
6952 7648 3025 6 3927 3921 1590
6985 9957 4640 2 2345 2343 2343
7050 8438 621 28 6429 6401 295
7268 7172 942 25 6326 6301 419
7313 5146 4836 2 2477 2475 2475
7461 3386 1383 34 6078 6044 684
7551 887 1409 20 6142 6122 699
8017 6424 5285 3 2732 2729 2729
8033 3260 3489 8 4544 4536 1801
8088 860 1025 23 7063 7040 483
8350 137 458 75 7892 7817 211
8738 5989 2431 15 6307 6292 1332
8870 954 2457 15 6413 6398 1354
9128 4175 3912 9 5216 5207 2049
9711 9469 6331 3 3380 3377 3377
10352 3137 109 76 10243 10167 33
10594 8602 6870 3 3724 3721 3721
11313 7135 3185 11 8128 8117 1658
12430 892 5299 10 7131 7121 2735
12970 456 1564 24 11406 11382 794
13278 8967 3732 12 9546 9534 1959
13320 8122 1580 25 11740 11715 826
13442 4990 5747 6 7695 7689 2980
13460 792 64 65 13396 13331 18
13482 8489 26 155 13456 13301 7
13539 857 5795 7 7744 7737 3014
13593 3808 8840 1 4753 4752 4752
13737 1503 5833 28 7904 7876 3054
13812 2345 5873 8 7939 7931 3082
14331 389 4005 13 10326 10313 2059
14504 269 2637 20 11867 11847 1411
16098 9356 10429 3 5669 5666 5666
16294 2073 10553 1 5741 5740 5740
16311 4227 4538 45 11773 11728 2299
16319 4553 10570 1 5749 5748 5748
16469 7757 6901 7 9568 9561 3748
17907 1731 11529 1 6378 6377 6377
18133 6341 4970 24 13163 13139 2564
18487 6997 11888 5 6599 6594 6594
18504 1036 7674 9 10830 10821 4214
19211 8793 12329 5 6882 6877 6877
19546 9251 2288 22 17258 17236 1240
19642 6381 1523 30 18119 18089 770
19880 6757 686 40 19194 19154 339
20065 8771 462 62 19603 19541 223
21149 9849 13542 2 7607 7605 7605
21441 2571 1615 33 19826 19793 841
21592 6702 751 37 20841 20804 347
21671 6113 9024 7 12647 12640 4866
21689 5203 5906 28 15783 15755 3101
21871 6283 9115 7 12756 12749 4911
22065 1330 6004 14 16061 16047 3179
22089 2518 6008 11 16081 16070 3181
22178 4837 6029 14 16149 16135 3192
22244 5678 1142 33 21102 21069 548
22469 6494 369 57 22100 22043 150
22732 1940 275 60 22457 22397 90
22897 7787 14679 5 8218 8213 8213
23587 2650 9791 10 13796 13786 5274
24172 1372 4289 19 19883 19864 2207
24207 1375 10031 9 14176 14167 5428
24448 2019 10130 7 14318 14311 5492
25055 9981 4451 20 20604 20584 2287
25203 5978 1908 85 23295 23210 996
25535 4589 16384 5 9151 9146 9146
25604 8013 1295 35 24309 24274 643
25606 911 16426 1 9180 9179 9179
25610 9501 10635 8 14975 14967 5790
25704 1990 10679 6 15025 15019 5821
27340 3403 17578 2 9762 9760 9760
27356 2463 7352 11 20004 19993 3968
27594 8942 17746 4 9848 9844 9844
27735 8203 17833 3 9902 9899 9899
27950 8521 17967 4 9983 9979 9979
28012 6799 1404 31 26608 26577 698
28470 9574 5000 52 23470 23418 2588
28502 9316 7629 11 20873 20862 4170
28517 3479 11811 7 16706 16699 6539
28634 5297 7657 11 20977 20966 4201
29172 1422 12073 10 17099 17089 6724
29263 7604 5115 59 24148 24089 2645
29298 2356 18888 4 10410 10406 10406
29692 5181 318 67 29374 29307 131
29882 9718 1002 83 28880 28797 470
30099 3563 12487 8 17612 17604 6940
30456 7935 19687 4 10769 10765 10765
31316 9948 20236 2 11080 11078 11078
32197 5437 13274 6 18923 18917 7443
32619 7183 5727 18 26892 26874 2976
32708 6376 5763 19 26945 26926 3000
32719 717 13477 9 19242 19233 7562
33335 4666 1096 36 32239 32203 517
33768 3815 9039 11 24729 24718 4889
34000 8707 5953 16 28047 28031 3135
34326 3860 14152 7 20174 20167 7885
34460 3656 14175 24 20285 20261 7909
35015 62 9362 12 25653 25641 5054
36035 6140 14811 6 21224 21218 8301
36785 2690 9790 13 26995 26982 5266
36974 503 23723 1 13251 13250 13250
38016 1040 24381 5 13635 13630 13630
38735 4085 1246 61 37489 37428 638
38800 6156 24889 4 13911 13907 13907
38820 4065 24896 2 13924 13922 13922
38895 2429 24945 3 13950 13947 13947
39005 4643 10353 12 28652 28640 5625
39053 3249 6737 20 32316 32296 3622
39392 8385 1917 35 37475 37440 1023
39462 9280 25279 1 14183 14182 14182
40240 3375 16546 7 23694 23687 9215
40479 1723 25899 1 14580 14579 14579
41156 3946 26336 2 14820 14818 14818
41231 5286 26375 2 14856 14854 14854
41388 8554 26455 4 14933 14929 14929
41435 3552 2004 34 39431 39397 1081
41487 2431 7109 18 34378 34360 3866
41556 9595 4712 22 36844 36822 2411
42507 3943 2052 31 40455 40424 1116
42509 9047 11240 11 31269 31258 6195
42858 3960 27370 5 15488 15483 15483
42927 9107 3190 30 39737 39707 1665
43065 1960 17687 8 25378 25370 9802
43181 1489 27556 4 15625 15621 15621
43187 9427 7395 61 35792 35731 3997
43232 4037 11440 15 31792 31777 6293
43753 2403 27939 2 15814 15812 15812
44364 4786 166 109 44198 44089 62
44423 5405 28351 4 16072 16068 16068
44497 1568 28402 4 16095 16091 16091
44945 4261 11889 15 33056 33041 6605
45087 6416 18551 10 26536 26526 10221
45451 5165 18724 8 26727 26719 10288
45681 2720 18772 37 26909 26872 10356
46368 981 29607 5 16761 16756 16756
46428 4142 3436 27 42992 42965 1776
46455 4579 19122 7 27333 27326 10545
46556 4043 19194 8 27362 27354 10572
46710 5470 29872 4 16838 16834 16834
46716 7656 29882 5 16834 16829 16829
47202 8931 5355 31 41847 41816 2740
47318 6064 8113 32 39205 39173 4424
47634 1287 12660 13 34974 34961 7037
47859 213 30628 2 17231 17229 17229
47895 7649 30650 3 17245 17242 17242
48266 6697 12835 12 35431 35419 7112
48529 8697 20062 6 28467 28461 10992
48860 3063 31261 2 17599 17597 17597
49170 2289 3652 29 45518 45489 1918
50379 806 13253 47 37126 37079 7431
50846 429 32491 4 18355 18351 18351
51187 5919 13482 15 37705 37690 7567
51276 2523 8771 65 42505 42440 4700
51368 6267 21150 7 30218 30211 11705
51577 4285 32994 3 18583 18580 18580
51680 6129 21281 6 30399 30393 11780
51976 4988 21381 7 30595 30588 11845
51985 6319 21382 7 30603 30596 11850
52000 7573 33250 2 18750 18748 18748
52045 8800 3825 29 48220 48191 2008
52088 8850 13719 39 38369 38330 7689
52187 7380 21475 8 30712 30704 11897
52369 101 3834 79 48535 48456 2023
52491 5679 33573 2 18918 18916 18916
52968 8546 33869 4 19099 19095 19095
52984 2566 21775 8 31209 31201 12099
53030 661 2504 79 50526 50447 1370
53287 7892 21904 10 31383 31373 12187
53413 1869 34173 3 19240 19237 19237
53938 9700 34493 1 19445 19444 19444
54085 8253 22187 7 31898 31891 12376
54820 4125 1725 39 53095 53056 891
54974 7312 35107 3 19867 19864 19864
55036 3455 35155 2 19881 19879 19879
55192 638 531 66 54661 54595 263
55461 9888 35424 1 20037 20036 20036
55678 607 35571 1 20107 20106 20106
55728 884 22903 7 32825 32818 12695
56083 6581 35826 4 20257 20253 20253
56444 8378 36025 3 20419 20416 20416
57095 7875 23341 8 33754 33746 13051
57551 4547 15029 15 42522 42507 8482
57932 9100 23676 8 34256 34248 13237
58165 4367 1809 38 56356 56318 953
58191 8065 1197 77 56994 56917 603
58779 3589 37490 2 21289 21287 21287
58789 1887 24029 8 34760 34752 13464
59313 875 10043 16 49270 49254 5434
59516 216 2843 33 56673 56640 1477
59624 6496 15595 15 44029 44014 8793
59889 6088 38219 2 21670 21668 21668
59959 6155 10153 16 49806 49790 5505
60836 8282 15907 11 44929 44918 8970
60926 1100 38855 2 22071 22069 22069
60940 5963 15931 11 45009 44998 8982
61059 4396 4423 67 56636 56569 2283
61136 79 25000 7 36136 36129 13997
61196 1906 39044 2 22152 22150 22150
61332 8072 25089 8 36243 36235 14039
61898 7805 39496 2 22402 22400 22400
62275 5561 16335 19 45940 45921 9119
62293 5052 25470 10 36823 36813 14291
62623 3182 25573 9 37050 37041 14410
62783 6709 40083 3 22700 22697 22697
62810 7740 25668 7 37142 37135 14426
63203 5314 25828 8 37375 37367 14520
63248 2804 25844 7 37404 37397 14540
63474 5590 16650 13 46824 46811 9277
63579 3306 1972 37 61607 61570 1055
63683 7916 26025 6 37658 37652 14649
64066 30 40915 1 23151 23150 23150
64515 823 41194 1 23321 23320 23320
64631 852 2001 38 62630 62592 1078
65174 8988 26618 8 38556 38548 15038
65477 305 41842 5 23635 23630 23630
65521 424 3120 35 62401 62366 1615
65664 4105 17227 15 48437 48422 9573
66675 6551 42595 3 24080 24077 24077
66919 1059 11281 18 55638 55620 6238
67047 5269 27347 6 39700 39694 15464
67152 5518 42886 5 24266 24261 24261
67313 2700 1374 42 65939 65897 681
67621 7591 4894 26 62727 62701 2522
67854 9143 7440 23 60414 60391 4024
68205 1113 43582 4 24623 24619 24619
68273 573 43628 1 24645 24644 24644
68383 4329 11531 33 56852 56819 6377
68447 3467 17923 51 50524 50473 9947
68467 569 17958 11 50509 50498 9974
68472 6012 11554 19 56918 56899 6398
68507 9431 43788 2 24719 24717 24717
69194 6970 11705 19 57489 57470 6467
69841 7137 28499 7 41342 41335 16155
70046 8345 44820 5 25226 25221 25221
70391 3664 45051 1 25340 25339 25339
70868 9303 11989 16 58879 58863 6671
71289 6625 18771 15 52518 52503 10351
71553 5183 29242 8 42311 42303 16563
71716 3743 29307 8 42409 42401 16615
73853 1480 239 93 73614 73521 78
73925 5461 5388 28 68537 68509 2755
74075 3804 8158 21 65917 65896 4449
74169 310 47573 1 26596 26595 26595
75006 5519 48109 3 26897 26894 26894
75692 1500 20069 15 55623 55608 11003
75777 7112 31108 9 44669 44660 17502
76238 7879 12995 18 63243 63225 7219
76371 372 8443 23 67928 67905 4573
76853 2078 8462 24 68391 68367 4594
77763 4166 13191 20 64572 64552 7361
78165 7725 32093 9 46072 46063 18097
78282 767 50278 3 28004 28001 28001
78444 5719 50383 2 28061 28059 28059
78620 541 50488 3 28132 28129 28129
78865 4099 20832 11 58033 58022 11529
79156 770 3746 35 75410 75375 1963
79543 1413 51083 2 28460 28458 28458
80416 3629 13621 19 66795 66776 7652
80662 1490 51846 5 28816 28811 28811
81211 3016 52180 2 29031 29029 29029
81222 5918 21470 27 59752 59725 11884
81725 5775 328 152 81397 81245 139
81838 1566 33615 33 48223 48190 18936
82454 8390 33863 9 48591 48582 19089
82463 4198 52961 2 29502 29500 29500
82510 2408 21787 14 60723 60709 12104
82695 3745 33979 6 48716 48710 19143
82968 8686 9128 22 73840 73818 4922
83121 409 53408 2 29713 29711 29711
83139 9120 53415 5 29724 29719 29719
83324 697 34242 10 49082 49072 19273
83357 1392 21993 11 61364 61353 12245
83817 7900 22099 15 61718 61703 12339
83926 6594 22108 11 61818 61807 12359
83936 7966 22109 18 61827 61809 12370
83970 2754 53954 3 30016 30013 30013
84151 1867 14226 17 69925 69908 7953
84452 5870 34694 7 49758 49751 19590
84678 7317 6061 26 78617 78591 3220
84942 9001 54571 3 30371 30368 30368
85025 4145 22402 12 62623 62611 12477
85116 1184 54673 1 30443 30442 30442
85410 3892 22500 13 62910 62897 12534
85688 1860 2636 37 83052 83015 1400
85983 6059 22622 39 63361 63322 12586
86031 6831 35276 8 50755 50747 19945
86255 6686 1169 48 85086 85038 568
86805 6011 22920 15 63885 63870 12714
87065 7766 55938 4 31127 31123 31123
88023 2559 56540 4 31483 31479 31479
88146 8359 56636 2 31510 31508 31508
88218 9699 23199 12 65019 65007 12960
88267 2417 56709 4 31558 31554 31554
88469 556 56834 1 31635 31634 31634
88626 8543 56945 3 31681 31678 31678
88761 5280 36358 8 52403 52395 20661
88954 8483 36451 6 52503 52497 20699
88996 2311 36452 30 52544 52514 20704
89375 8738 36586 10 52789 52779 20807
89395 8294 23456 32 65939 65907 13119
89529 3298 36642 6 52887 52881 20850
89595 9704 36678 10 52917 52907 20862
89607 3139 57558 5 32049 32044 32044
89610 9258 1191 85 88419 88334 597
89731 2327 57639 2 32092 32090 32090
90344 6683 15128 59 75216 75157 8563
91141 8326 58542 1 32599 32598 32598
91276 217 23942 57 67334 67277 13423
91278 5986 37417 6 53861 53855 21213
91370 4682 58700 1 32670 32669 32669
91696 4570 37583 9 54113 54104 21297
91846 8470 6486 28 85360 85332 3505
92171 5029 6507 40 85664 85624 3514
92310 3899 24237 11 68073 68062 13568
92399 1093 15513 17 76886 76869 8763
92435 9592 59416 3 33019 33016 33016
92552 6868 24330 31 68222 68191 13612
92786 9811 562 100 92224 92124 286
93008 9968 24480 12 68528 68516 13688
93025 1441 38179 9 54846 54837 21627
93153 7102 24514 11 68639 68628 13708
93405 2983 15672 68 77733 77665 8867
93547 1448 60122 3 33425 33422 33422
93565 8930 60131 5 33434 33429 33429
94248 8486 24801 15 69447 69432 13835
94372 9681 24832 14 69540 69526 13870
94401 832 24832 14 69569 69555 13876
94762 1122 60943 5 33819 33814 33814
94811 3395 2891 58 91920 91862 1527
94881 9571 61037 5 33844 33839 33839
94985 3005 15969 33 79016 78983 9009
95511 7779 39203 7 56308 56301 22244
95721 4177 10432 22 85289 85267 5679
96368 4238 61987 5 34381 34376 34376
96376 9672 61989 1 34387 34386 34386
96713 1240 39695 10 57018 57008 22500
96741 7691 10563 21 86178 86157 5738
96991 4078 39817 6 57174 57168 22548
97008 2517 25496 14 71512 71498 14319
97030 9800 16366 16 80664 80648 9126
97459 5792 40012 7 57447 57440 22648
97485 4458 40023 6 57462 57456 22655
98077 5899 25787 11 72290 72279 14484
98315 9422 40373 10 57942 57932 22849
98922 7450 10776 23 88146 88123 5921
