62 8289 45 17 17 0 0
91 3268 3 78 88 10 0
202 4060 5 114 197 83 0
220 792 64 65 156 91 22
322 3137 109 76 213 137 24
338 8489 26 155 312 157 0
402 3987 235 40 167 127 127
467 8488 156 59 311 252 65
553 4898 310 31 243 212 212
608 4786 166 109 442 333 93
709 3741 400 13 309 296 296
719 4551 401 5 318 313 313
876 1940 275 60 601 541 154
896 7666 496 25 400 375 375
958 8228 518 11 440 429 429
971 1578 73 227 898 671 22
1108 3243 159 128 949 821 93
1113 5181 318 67 795 728 236
1142 8438 621 28 521 493 493
1172 6494 369 57 803 746 247
1202 5329 180 152 1022 870 94
1279 81 682 15 597 582 582
1337 6757 686 40 651 611 611
1369 1480 239 93 1130 1037 124
1403 6702 751 37 652 615 615
1452 809 127 230 1325 1095 76
1590 7136 460 77 1130 1053 367
1621 137 458 75 1163 1088 365
1634 8771 462 62 1172 1110 369
1733 7143 928 1 805 804 804
1776 7172 942 25 834 809 809
1844 7419 504 91 1340 1249 393
1972 638 531 66 1441 1375 441
1986 860 1025 23 961 938 938
1998 7950 293 144 1705 1561 174
2079 4666 1096 36 983 947 947
2099 762 300 168 1799 1631 199
2173 9811 562 100 1611 1511 479
2192 755 1129 18 1063 1045 1045
2238 5678 1142 33 1096 1063 1063
2302 6686 1169 48 1133 1085 1085
2372 4904 623 104 1749 1645 502
2447 633 647 119 1800 1681 498
2541 1152 657 79 1884 1805 546
2561 4460 370 116 2191 2075 259
2575 1099 197 158 2378 2220 124
2644 8013 1295 35 1349 1314 1314
2653 4124 1311 8 1342 1334 1334
2785 2700 1374 42 1411 1369 1369
2817 6799 1404 31 1413 1382 1382
2838 887 1409 20 1429 1409 1409
2994 2925 1513 3 1481 1478 1478
3035 6381 1523 30 1512 1482 1482
3111 456 1564 24 1547 1523 1523
3139 129 1576 14 1563 1549 1549
3213 8122 1580 25 1633 1608 1608
3308 436 36 380 3272 2892 2
3327 3523 475 90 2852 2762 385
3496 4125 1725 39 1771 1732 1732
3524 5769 470 142 3054 2912 375
3716 4367 1809 38 1907 1869 1869
3928 965 1903 10 2025 2015 2015
4040 8385 1917 35 2123 2088 2088
4158 5469 530 115 3628 3513 429
4196 3306 1972 37 2224 2187 2187
4280 852 2001 38 2279 2241 2241
4299 3552 2004 34 2295 2261 2261
4436 9565 2041 45 2395 2350 2350
4468 3943 2052 31 2416 2385 2385
4512 8890 306 219 4206 3987 195
4807 4996 2233 45 2574 2529 2529
4870 5813 2251 44 2619 2575 2575
4873 5775 328 152 4545 4393 244
4918 2232 1148 85 3770 3685 1091
4941 9251 2288 22 2653 2631 2631
5009 3166 2346 3 2663 2660 2660
5183 9258 1191 85 3992 3907 1144
5208 5989 2431 15 2777 2762 2762
5236 8065 1197 77 4039 3962 1176
5267 8938 2444 47 2823 2776 2776
5283 954 2457 15 2826 2811 2811
5378 2189 2502 44 2876 2832 2832
5452 4085 1246 61 4206 4145 1248
5470 8876 2599 7 2871 2864 2864
5530 4356 667 135 4863 4728 573
5535 1860 2636 37 2899 2862 2862
5551 269 2637 20 2914 2894 2894
5670 7222 380 223 5290 5067 254
5802 3386 1383 34 4419 4385 1375
5805 4897 1365 87 4440 4353 1361
5897 216 2843 33 3054 3021 3021
5930 6203 113 332 5817 5485 56
6181 849 2973 9 3208 3199 3199
6311 7648 3025 6 3286 3280 3280
6417 8510 417 217 6000 5783 322
6429 7728 1529 107 4900 4793 1506
6476 424 3120 35 3356 3321 3321
6537 3353 3156 47 3381 3334 3334
6624 7135 3185 11 3439 3428 3428
6655 9107 3190 30 3465 3435 3435
6705 8821 1580 44 5125 5081 1597
6711 518 848 148 5863 5715 679
6750 1499 3219 44 3531 3487 3487
6762 2571 1615 33 5147 5114 1610
6768 4787 3246 42 3522 3480 3480
6778 5193 253 182 6525 6343 150
6800 7760 834 155 5966 5811 683
6802 7151 1612 46 5190 5144 1610
6866 1017 3308 43 3558 3515 3515
6986 3799 3342 48 3644 3596 3596
6996 3036 3343 48 3653 3605 3605
7044 6987 900 110 6144 6034 738
7116 4622 909 99 6207 6108 758
7140 4142 3436 27 3704 3677 3677
7191 3260 3489 8 3702 3694 3694
7231 2269 1718 100 5513 5413 1723
7264 3961 3506 43 3758 3715 3715
7285 2416 3527 37 3758 3721 3721
7397 864 3565 48 3832 3784 3784
7487 8442 948 100 6539 6439 819
7546 2289 3652 29 3894 3865 3865
7618 2652 1800 96 5818 5722 1824
7636 1526 261 250 7375 7125 165
7697 5467 499 167 7198 7031 378
7710 8967 3732 12 3978 3966 3966
7746 770 3746 35 4000 3965 3965
7904 9735 3814 49 4090 4041 4041
7957 8800 3825 29 4132 4103 4103
8016 6426 512 164 7504 7340 413
8046 5765 1872 111 6174 6063 1925
8092 1711 1875 104 6217 6113 1968
8100 4175 3912 9 4188 4179 4179
8160 7518 1896 70 6264 6194 2000
8190 389 4005 13 4185 4172 4172
8282 1137 1916 84 6366 6282 2080
8460 9718 1002 83 7458 7375 883
8665 1768 989 184 7676 7492 893
8814 1372 4289 19 4525 4506 4506
8943 8704 4376 48 4567 4519 4519
9056 1423 2030 96 7026 6930 2331
9077 9981 4451 20 4626 4606 4606
9271 8705 2111 103 7160 7057 2405
9275 1296 1119 122 8156 8034 986
9322 8635 4620 50 4702 4652 4652
9356 9957 4640 2 4716 4714 4714
9515 1269 4693 49 4822 4773 4773
9526 6369 613 136 8913 8777 486
9575 9595 4712 22 4863 4841 4841
9703 9658 4763 37 4940 4903 4903
9733 6836 569 138 9164 9026 504
9816 2284 4786 40 5030 4990 4990
9819 5146 4836 2 4983 4981 4981
9864 9858 4838 44 5026 4982 4982
9920 9507 1126 191 8794 8603 1012
9947 7591 4894 26 5053 5027 5027
10193 9615 5006 36 5187 5151 5151
10459 3217 2365 100 8094 7994 2693
10550 8202 2425 14 8125 8111 2759
10589 8254 2391 113 8198 8085 2730
10669 1983 374 194 10295 10101 258
10684 6424 5285 3 5399 5396 5396
10730 892 5299 10 5431 5421 5421
10818 2987 2481 82 8337 8255 2837
10827 5461 5388 28 5439 5411 5411
10865 661 2504 79 8361 8282 2840
10913 9736 2518 82 8395 8313 2861
10949 5262 1234 117 9715 9598 1232
11552 7183 5727 18 5825 5807 5807
11574 9875 1347 132 10227 10095 1347
11585 4990 5747 6 5838 5832 5832
11616 6376 5763 19 5853 5834 5834
11650 4646 1386 84 10264 10180 1379
11684 1539 5773 45 5911 5866 5866
11692 857 5795 7 5897 5890 5890
11760 7235 5832 36 5928 5892 5892
11827 2345 5873 8 5954 5946 5946
11878 8824 5873 50 6005 5955 5955
11967 9517 5911 32 6056 6024 6024
12005 5850 2857 72 9148 9076 3041
12070 8707 5953 16 6117 6101 6101
12098 3574 2861 76 9237 9161 3046
12163 1330 6004 14 6159 6145 6145
12175 2518 6008 11 6167 6156 6156
12236 4837 6029 14 6207 6193 6193
12238 4135 6016 50 6222 6172 6172
12243 3395 2891 58 9352 9294 3089
12251 4820 1437 65 10814 10749 1449
12334 7317 6061 26 6273 6247 6247
12367 6687 1425 145 10942 10797 1414
12523 345 1452 114 11071 10957 1440
12539 9145 807 112 11732 11620 602
12562 5787 2961 78 9601 9523 3179
12768 4052 6256 31 6512 6481 6481
12923 139 420 173 12503 12330 348
12927 9469 6331 3 6596 6593 6593
13039 8748 412 303 12627 12324 308
13231 5990 6456 41 6775 6734 6734
13289 8470 6486 28 6803 6775 6775
13358 5190 446 220 12912 12692 343
13468 2918 6608 44 6860 6816 6816
13478 542 6608 39 6870 6831 6831
13549 484 6622 37 6927 6890 6890
13716 3249 6737 20 6979 6959 6959
13755 5138 1577 158 12178 12020 1568
13809 2386 6789 32 7020 6988 6988
13964 8602 6870 3 7094 7091 7091
14036 7757 6901 7 7135 7128 7128
14163 4221 873 164 13290 13126 747
14205 1968 3341 77 10864 10787 3582
14260 4095 6987 45 7273 7228 7228
14458 2431 7109 18 7349 7331 7331
14516 723 889 190 13627 13437 746
14725 5412 3499 78 11226 11148 3689
14910 8472 7301 50 7609 7559 7559
14934 2193 3547 65 11387 11322 3756
14974 2463 7352 11 7622 7611 7611
15008 3329 1749 132 13259 13127 1756
15209 9174 1762 99 13447 13348 1763
15225 9143 7440 23 7785 7762 7762
15247 3911 935 155 14312 14157 800
15453 8889 7496 41 7957 7916 7916
15559 2255 3641 59 11918 11859 3831
15631 9706 3651 65 11980 11915 3861
15818 9316 7629 11 8189 8178 8178
15873 7657 7639 43 8234 8191 8191
15890 5297 7657 11 8233 8222 8222
15928 9306 3692 62 12236 12174 3927
15938 1036 7674 9 8264 8255 8255
16216 1862 7811 44 8405 8361 8361
16223 9831 7820 31 8403 8372 8372
16301 211 3809 41 12492 12451 4040
16330 6425 3807 74 12523 12449 4017
16342 196 960 196 15382 15186 854
16529 570 968 191 15561 15370 859
16600 5174 963 153 15637 15484 858
16761 2293 3917 79 12844 12765 4184
16829 3804 8158 21 8671 8650 8650
16874 5978 1908 85 14966 14881 2031
17205 4471 4060 126 13145 13019 4221
17257 3161 1925 125 15332 15207 2138
17370 9630 8421 50 8949 8899 8899
17415 372 8443 23 8972 8949 8949
17456 2078 8462 24 8994 8970 8970
17646 7991 8538 44 9108 9064 9064
17822 1812 1949 179 15873 15694 2138
17826 1894 1005 198 16821 16623 904
17858 5094 1977 100 15881 15781 2195
17895 9472 8683 46 9212 9166 9166
18011 7068 1978 152 16033 15881 2211
18245 3808 8840 1 9405 9404 9404
18295 4357 4310 72 13985 13913 4505
18304 6292 8853 26 9451 9425 9425
18333 669 2018 103 16315 16212 2282
18421 7508 8894 44 9527 9483 9483
18576 654 8961 33 9615 9582 9582
18610 3761 4383 84 14227 14143 4533
18697 8046 4396 80 14301 14221 4550
18705 6113 9024 7 9681 9674 9674
18752 3815 9039 11 9713 9702 9702
18788 5930 541 187 18247 18060 472
18800 8414 2032 166 16768 16602 2331
18865 6283 9115 7 9750 9743 9743
18874 4396 4423 67 14451 14384 4634
18888 8230 9105 45 9783 9738 9738
18897 8686 9128 22 9769 9747 9747
18953 9512 9133 41 9820 9779 9779
19040 2825 4476 111 14564 14453 4614
19059 4674 2066 129 16993 16864 2379
19065 5574 2082 113 16983 16870 2387
19099 4227 4538 45 14561 14516 4614
19142 6193 4552 67 14590 14523 4610
19250 6714 9224 50 10026 9976 9976
19268 2684 4559 102 14709 14607 4619
19306 5570 1116 146 18190 18044 984
19354 8644 9311 27 10043 10016 10016
19369 62 9362 12 10007 9995 9995
19492 9608 4647 85 14845 14760 4710
19527 7269 317 307 19210 18903 234
19562 4935 9475 34 10087 10053 10053
19587 1997 4667 93 14920 14827 4762
19837 6200 4710 57 15127 15070 4840
19977 5535 9668 29 10309 10280 10280
20055 2360 9700 36 10355 10319 10319
20059 1135 9695 40 10364 10324 10324
20173 1795 9714 26 10459 10433 10433
20306 2650 9791 10 10515 10505 10505
20308 2690 9790 13 10518 10505 10505
20366 5473 2230 158 18136 17978 2496
20398 3331 9810 42 10588 10546 10546
20602 3021 9908 40 10694 10654 10654
20613 8166 2237 132 18376 18244 2571
20679 3632 4862 80 15817 15737 5015
20883 3592 10009 36 10874 10838 10838
20920 1375 10031 9 10889 10880 10880
20945 8903 10029 48 10916 10868 10868
20953 875 10043 16 10910 10894 10894
21034 6341 4970 24 16064 16040 5101
21068 4594 4967 83 16101 16018 5062
21085 2019 10130 7 10955 10948 10948
21139 6155 10153 16 10986 10970 10970
21148 540 2299 95 18849 18754 2643
21162 9574 5000 52 16162 16110 5128
21206 20 4991 97 16215 16118 5122
21267 4564 2313 104 18954 18850 2662
21290 7406 10186 30 11104 11074 11074
21454 8511 5041 107 16413 16306 5153
21476 6728 5054 43 16422 16379 5187
21490 822 2334 122 19156 19034 2661
21565 6770 10317 48 11248 11200 11200
21577 4894 1171 193 20406 20213 1118
21621 4643 10353 12 11268 11256 11256
21700 6891 2364 152 19336 19184 2678
21756 7604 5115 59 16641 16582 5259
21760 9356 10429 3 11331 11328 11328
21782 6690 10409 40 11373 11333 11333
21805 4177 10432 22 11373 11351 11351
21953 6656 2373 136 19580 19444 2691
22141 2073 10553 1 11588 11587 11587
22169 7691 10563 21 11606 11585 11585
22169 4553 10570 1 11599 11598 11598
22198 6232 10571 28 11627 11599 11599
22321 9501 10635 8 11686 11678 11678
22353 7638 10631 45 11722 11677 11677
22467 1990 10679 6 11788 11782 11782
22545 5300 5269 108 17276 17168 5360
22545 6170 10695 45 11850 11805 11805
22687 1449 10744 46 11943 11897 11897
22782 3557 1224 117 21558 21441 1214
22800 8931 5355 31 17445 17414 5418
22806 7450 10776 23 12030 12007 12007
22856 8496 10799 27 12057 12030 12030
22881 3192 2455 172 20426 20254 2782
22918 3658 5395 58 17523 17465 5424
22974 7169 5399 63 17575 17512 5441
23121 9210 5423 49 17698 17649 5474
23122 2418 5413 116 17709 17593 5434
23222 9480 5441 81 17781 17700 5509
23292 4632 5450 93 17842 17749 5524
23353 4995 1244 165 22109 21944 1228
23553 5167 5517 70 18036 17966 5584
23731 748 11231 47 12500 12453 12453
23735 9047 11240 11 12495 12484 12484
23740 6932 5589 54 18151 18097 5609
23783 8638 669 250 23114 22864 574
23813 1059 11281 18 12532 12514 12514
24082 6066 5645 104 18437 18333 5686
24106 2488 2706 125 21400 21275 2907
24166 4037 11440 15 12726 12711 12711
24213 1174 11453 42 12760 12718 12718
24298 315 11477 30 12821 12791 12791
24313 6556 11491 29 12822 12793 12793
24338 2354 11499 24 12839 12815 12815
24386 1731 11529 1 12857 12856 12856
24388 8000 11511 49 12877 12828 12828
24496 6012 11554 19 12942 12923 12923
24693 8766 11642 32 13051 13019 13019
24789 2604 722 280 24067 23787 577
24809 6970 11705 19 13104 13085 13085
24960 6015 11745 42 13215 13173 13173
24978 1503 5833 28 19145 19117 5911
25018 8410 2773 171 22245 22074 2987
25126 3479 11811 7 13315 13308 13308
25247 5439 5870 100 19377 19277 5927
25276 1066 11874 24 13402 13378 13378
25282 6997 11888 5 13394 13389 13389
25293 4431 11887 31 13406 13375 13375
25298 4261 11889 15 13409 13394 13394
25327 5219 5874 64 19453 19389 5989
25415 5203 5906 28 19509 19481 6004
25456 8853 1371 241 24085 23844 1363
25465 7580 387 337 25078 24741 279
25517 4189 5924 61 19593 19532 6032
25558 9303 11989 16 13569 13553 13553
25687 9994 761 216 24926 24710 609
25697 1422 12073 10 13624 13614 13614
25757 3717 12075 29 13682 13653 13653
25813 4382 5958 72 19855 19783 6113
25887 1450 5963 84 19924 19840 6133
25995 7207 12188 31 13807 13776 13776
26072 4327 2887 130 23185 23055 3091
26110 2364 2880 166 23230 23064 3059
26242 8793 12329 5 13913 13908 13908
26284 844 6058 78 20226 20148 6238
26314 3285 2913 117 23401 23284 3095
26450 3563 12487 8 13963 13955 13955
26617 5954 12526 50 14091 14041 14041
26684 332 1452 232 25232 25000 1434
26855 3614 12641 36 14214 14178 14178
26878 7149 2989 154 23889 23735 3196
26892 1287 12660 13 14232 14219 14219
26989 3248 6229 88 20760 20672 6412
27006 9830 1483 161 25523 25362 1483
27120 6538 12749 50 14371 14321 14321
27157 7605 6249 101 20908 20807 6461
27226 5237 12803 38 14423 14385 14385
27236 4004 6268 109 20968 20859 6477
27257 9941 6284 63 20973 20910 6483
27267 6697 12835 12 14432 14420 14420
27368 6368 12877 21 14491 14470 14470
27392 3198 12883 23 14509 14486 14486
27700 7879 12995 18 14705 14687 14687
27794 9701 1518 158 26276 26118 1481
27819 1800 13027 45 14792 14747 14747
28208 4166 13191 20 15017 14997 14997
28258 263 13228 32 15030 14998 14998
28277 6440 3093 164 25184 25020 3287
28311 6883 13229 33 15082 15049 15049
28457 5437 13274 6 15183 15177 15177
28599 2331 13307 41 15292 15251 15251
28619 5029 6507 40 22112 22072 6804
28660 2128 1559 187 27101 26914 1526
28698 6971 13367 42 15331 15289 15289
28766 6974 6534 80 22232 22152 6809
28790 2753 13410 23 15380 15357 15357
28871 717 13477 9 15394 15385 15385
28887 5919 13482 15 15405 15390 15390
28986 9849 13542 2 15444 15442 15442
29076 8286 13571 43 15505 15462 15462
29191 3629 13621 19 15570 15551 15551
29202 1617 3184 124 26018 25894 3420
29253 3168 6705 96 22548 22452 6884
29315 1690 6728 79 22587 22508 6903
29333 966 13708 40 15625 15585 15585
29378 8305 13732 28 15646 15618 15618
29476 6828 13764 38 15712 15674 15674
29627 8076 13862 37 15765 15728 15728
29679 4568 6842 72 22837 22765 6997
29721 9071 13908 49 15813 15764 15764
30130 2396 6931 50 23199 23149 7131
30236 8812 1666 171 28570 28399 1632
30267 3860 14152 7 16115 16108 16108
30358 5846 6950 115 23408 23293 7168
30387 1878 14197 34 16190 16156 16156
30431 7639 14217 35 16214 16179 16179
30449 1867 14226 17 16223 16206 16206
30598 777 6968 78 23630 23552 7246
30604 6863 14293 22 16311 16289 16289
30871 4952 1636 236 29235 28999 1620
30928 3354 7059 71 23869 23798 7304
30931 9876 7065 61 23866 23805 7323
30934 8261 7056 60 23878 23818 7305
31175 8920 7108 61 24067 24006 7328
31214 596 14498 38 16716 16678 16678
31318 4111 14547 39 16771 16732 16732
31328 1440 7121 57 24207 24150 7383
31364 2519 14571 35 16793 16758 16758
31369 6941 14569 41 16800 16759 16759
31391 7376 3443 107 27948 27841 3674
31538 7787 14679 5 16859 16854 16854
31707 3372 14758 31 16949 16918 16918
31818 1780 14801 36 17017 16981 16981
31831 6140 14811 6 17020 17014 17014
31888 3508 14822 21 17066 17045 17045
31899 3748 14826 32 17073 17041 17041
31960 22 912 220 31048 30828 774
32046 4016 14855 40 17191 17151 17151
32091 8004 14879 35 17212 17177 17177
32164 5987 14891 21 17273 17252 17252
32353 8962 14989 49 17364 17315 17315
32357 996 14990 46 17367 17321 17321
32371 813 7346 68 25025 24957 7589
32419 4547 15029 15 17390 17375 17375
32588 4508 15105 36 17483 17447 17447
32603 6920 15113 32 17490 17458 17458
32651 546 7371 111 25280 25169 7683
32662 9427 7395 61 25267 25206 7703
32776 1991 15167 34 17609 17575 17575
32887 2134 3567 126 29320 29194 3807
32974 2772 3572 112 29402 29290 3826
33053 2316 15300 30 17753 17723 17723
33162 2815 3609 136 29553 29417 3815
33208 4625 7473 64 25735 25671 7896
33215 7807 3641 124 29574 29450 3806
33327 1093 15513 17 17814 17797 17797
33345 4208 3641 149 29704 29555 3812
33372 2879 7515 42 25857 25815 8011
33410 9060 7519 69 25891 25822 8017
33457 9582 15594 46 17863 17817 17817
33461 6496 15595 15 17866 17851 17851
33597 2802 7524 101 26073 25972 8028
33678 5429 7564 78 26114 26036 8068
33767 5545 15743 30 18024 17994 17994
34036 5209 3684 152 30352 30200 3886
34053 8282 15907 11 18146 18135 18135
34085 5963 15931 11 18154 18143 18143
34121 262 7662 63 26459 26396 8229
34147 1196 15945 25 18202 18177 18177
34211 1877 7697 58 26514 26456 8252
34302 3774 7714 100 26588 26488 8252
34310 8834 7719 67 26591 26524 8276
34338 9598 7727 65 26611 26546 8296
34487 9674 3714 158 30773 30615 3962
34488 111 16160 28 18328 18300 18300
34618 5618 3756 133 30862 30729 3991
34658 8153 1835 210 32823 32613 1890
34777 9800 16366 16 18411 18395 18395
34820 2961 7899 49 26921 26872 8473
34826 4589 16384 5 18442 18437 18437
34850 5417 7877 57 26973 26916 8471
34895 3738 16406 39 18489 18450 18450
34937 911 16426 1 18511 18510 18510
35000 9675 950 215 34050 33835 827
35169 8567 7991 35 27178 27143 8521
35186 3375 16546 7 18640 18633 18633
35196 7676 3830 114 31366 31252 4115
35245 101 3834 79 31411 31332 4142
35451 5590 16650 13 18801 18788 18788
35462 8420 8058 109 27404 27295 8517
35517 6064 8113 32 27404 27372 8560
35536 9311 8097 68 27439 27371 8554
35609 7070 8103 103 27506 27403 8561
35636 4487 8115 83 27521 27438 8560
35960 4186 16943 40 19017 18977 18977
35990 4376 3976 79 32014 31935 4185
36058 4171 16979 19 19079 19060 19060
36092 5490 16989 33 19103 19070 19070
36134 2704 1907 217 34227 34010 2022
36166 7006 17001 31 19165 19134 19134
36346 106 8282 70 28064 27994 8741
36387 3724 17119 25 19268 19243 19243
36394 8647 1911 207 34483 34276 2042
36557 7556 4058 160 32499 32339 4208
36614 4105 17227 15 19387 19372 19372
36656 513 983 205 35673 35468 870
36771 2632 17257 41 19514 19473 19473
36793 9869 17282 21 19511 19490 19490
36793 2602 8384 64 28409 28345 8854
36838 7193 1923 109 34915 34806 2132
37058 7940 1933 172 35125 34953 2142
37137 4045 4123 127 33014 32887 4282
37221 4199 8459 104 28762 28658 8957
37221 6576 4108 148 33113 32965 4270
37371 3403 17578 2 19793 19791 19791
37504 367 17652 49 19852 19803 19803
37527 1103 17673 22 19854 19832 19832
37551 1960 17687 8 19864 19856 19856
37701 8942 17746 4 19955 19951 19951
37755 9543 8622 95 29133 29038 9087
37759 7163 8630 39 29129 29090 9106
37877 8203 17833 3 20044 20041 20041
37914 6598 17819 45 20095 20050 20050
37963 948 17868 48 20095 20047 20047
38164 569 17958 11 20206 20195 20195
38169 8521 17967 4 20202 20198 20198
38213 6928 8737 67 29476 29409 9204
38259 7319 18007 32 20252 20220 20220
38261 4797 4266 85 33995 33910 4466
38280 2572 4232 173 34048 33875 4434
38341 2523 8771 65 29570 29505 9241
38377 3226 8787 72 29590 29518 9280
38504 866 18160 31 20344 20313 20313
38572 7516 8820 104 29752 29648 9305
38668 3056 18245 22 20423 20401 20401
38716 2446 8843 51 29873 29822 9403
38763 6914 4289 160 34474 34314 4489
38780 8595 8834 108 29946 29838 9384
38902 4259 8858 50 30044 29994 9447
39040 3049 18364 44 20676 20632 20632
39191 1710 8912 56 30279 30223 9581
39242 9929 4356 167 34886 34719 4478
39295 6416 18551 10 20744 20734 20734
39473 1288 18622 45 20851 20806 20806
39622 5165 18724 8 20898 20890 20890
39624 417 18694 47 20930 20883 20883
39787 6625 18771 15 21016 21001 21001
39826 500 18795 19 21031 21012 21012
39988 3751 18883 16 21105 21089 21089
40006 2356 18888 4 21118 21114 21114
40055 6228 9130 41 30925 30884 9759
40070 5205 18907 31 21163 21132 21132
40139 4843 18972 36 21167 21131 21131
40155 1540 2049 190 38106 37916 2356
40246 3702 9163 110 31083 30973 9798
40278 5175 9173 77 31105 31028 9824
40455 4579 19122 7 21333 21326 21326
40501 8104 19140 20 21361 21341 21341
40502 9006 19135 31 21367 21336 21336
40538 6685 19153 36 21385 21349 21349
40570 4043 19194 8 21376 21368 21368
40691 434 19236 37 21455 21418 21418
40964 4678 19400 16 21564 21548 21548
40968 6590 2131 172 38837 38665 2424
41060 8108 4625 161 36435 36274 4695
41075 4410 9399 74 31676 31602 10032
41186 3811 4648 154 36538 36384 4718
41333 108 2164 208 39169 38961 2423
41478 7935 19687 4 21791 21787 21787
41512 3734 19690 33 21822 21789 21789
41620 5884 4696 143 36924 36781 4771
41676 8708 19736 16 21940 21924 21924
41745 2968 9540 81 32205 32124 10178
41810 2338 4708 62 37102 37040 4826
41952 588 2183 208 39769 39561 2453
41976 2443 19868 32 22108 22076 22076
42042 6610 19889 23 22153 22130 22130
42088 939 4721 197 37367 37170 4855
42195 29 9651 80 32544 32464 10274
42195 1730 19984 26 22211 22185 22185
42316 4712 20029 37 22287 22250 22250
42376 8697 20062 6 22314 22308 22308
42398 1500 20069 15 22329 22314 22314
42450 9468 2212 182 40238 40056 2488
42502 406 9708 78 32794 32716 10386
42510 3528 2208 207 40302 40095 2472
42577 9983 20179 37 22398 22361 22361
42606 3669 4764 88 37842 37754 4910
42611 8444 20194 33 22417 22384 22384
42633 9948 20236 2 22397 22395 22395
42706 4878 9733 85 32973 32888 10460
42924 5408 20300 45 22624 22579 22579
42947 1141 20309 22 22638 22616 22616
43196 6037 20422 40 22774 22734 22734
43580 2037 20536 16 23044 23028 23028
43685 3835 9883 94 33802 33708 10639
43788 2477 20623 28 23165 23137 23137
43968 3532 20729 18 23239 23221 23221
44028 7088 20784 25 23244 23219 23219
44039 7038 9946 114 34093 33979 10767
44123 4099 20832 11 23291 23280 23280
44194 3241 20840 20 23354 23334 23334
44280 2821 4914 141 39366 39225 5016
44446 5528 10025 59 34421 34362 10859
44450 5800 10016 78 34434 34356 10852
44574 9920 4951 149 39623 39474 5019
44596 8285 10054 88 34542 34454 10892
44682 257 4968 71 39714 39643 5081
44789 889 10098 97 34691 34594 10937
44804 5533 10140 61 34664 34603 10946
44812 6267 21150 7 23662 23655 23655
44864 1047 1137 294 43727 43433 1056
44900 175 5000 107 39900 39793 5126
45054 5600 10182 90 34872 34782 11025
45060 6129 21281 6 23779 23773 23773
45232 5540 21371 20 23861 23841 23841
45277 4988 21381 7 23896 23889 23889
45285 6319 21382 7 23903 23896 23896
45416 6545 10261 53 35155 35102 11162
45419 7380 21475 8 23944 23936 23936
45446 7998 21502 26 23944 23918 23918
45489 4826 10271 76 35218 35142 11194
45606 5491 21543 43 24063 24020 24020
45940 4958 21679 38 24261 24223 24223
46035 3426 21711 46 24324 24278 24278
46055 9927 5105 87 40950 40863 5241
46152 6898 21748 47 24404 24357 24357
46175 360 21753 22 24422 24400 24400
46181 5497 5088 123 41093 40970 5251
46261 2566 21775 8 24486 24478 24478
46276 2408 21787 14 24489 24475 24475
46446 594 21861 27 24585 24558 24558
46465 7113 21864 41 24601 24560 24560
46545 7892 21904 10 24641 24631 24631
46707 1392 21993 11 24714 24703 24703
46815 4233 10503 66 36312 36246 11479
46858 5401 10516 86 36342 36256 11475
46866 9923 5134 154 41732 41578 5329
46991 6325 22081 44 24910 24866 24866
47023 9373 22087 28 24936 24908 24908
47053 7900 22099 15 24954 24939 24939
47099 6594 22108 11 24991 24980 24980
47147 8277 1180 302 45967 45665 1124
47207 8253 22187 7 25020 25013 25013
47258 2734 22203 44 25055 25011 25011
47363 9312 22267 44 25096 25052 25052
47375 583 10608 60 36767 36707 11630
47443 2607 5197 109 42246 42137 5388
47564 9456 22371 38 25193 25155 25155
47650 4145 22402 12 25248 25236 25236
47819 3892 22500 13 25319 25306 25306
47846 3011 10680 70 37166 37096 11788
48036 454 10722 75 37314 37239 11868
48043 1528 22628 48 25415 25367 25367
48187 8777 22669 35 25518 25483 25483
48290 7929 10760 81 37530 37449 11900
48628 9731 2473 170 46155 45985 2811
48636 884 22903 7 25733 25726 25726
48706 6011 22920 15 25786 25771 25771
48787 8983 22944 31 25843 25812 25812
48995 4742 23006 49 25989 25940 25940
49063 4777 23040 31 26023 25992 25992
49219 1246 23077 40 26142 26102 26102
49219 4341 10905 114 38314 38200 12092
49234 3693 1228 216 48006 47790 1220
49296 5923 10925 61 38371 38310 12140
49359 870 23113 41 26246 26205 26205
49555 3786 10946 91 38609 38518 12183
49563 2914 23182 38 26381 26343 26343
49576 9699 23199 12 26377 26365 26365
49734 2213 23248 27 26486 26459 26459
49946 7875 23341 8 26605 26597 26597
50003 1238 11034 115 38969 38854 12256
50132 716 11061 107 39071 38964 12293
50345 7314 5487 141 44858 44717 5564
50346 8838 11100 74 39246 39172 12357
50387 5517 11093 120 39294 39174 12328
50423 9004 23510 48 26913 26865 26865
50442 2796 23516 49 26926 26877 26877
50528 3725 1286 214 49242 49028 1290
50608 240 23575 42 27033 26991 26991
50620 7107 11147 69 39473 39404 12393
50658 8994 23605 37 27053 27016 27016
50699 4226 2596 246 48103 47857 2857
50770 2538 5599 46 45171 45125 5608
50801 3007 11219 45 39582 39537 12432
50810 9100 23676 8 27134 27126 27126
50825 5191 23674 38 27151 27113 27113
50854 5088 11229 78 39625 39547 12430
50867 503 23723 1 27144 27143 27143
50900 4698 23735 32 27165 27133 27133
51030 9645 23760 43 27270 27227 27227
51030 3274 23762 39 27268 27229 27229
51064 4896 11250 59 39814 39755 12499
51117 1700 11245 76 39872 39796 12491
51119 8266 5603 90 45516 45426 5611
51138 5886 11274 48 39864 39816 12512
51365 8461 23910 25 27455 27430 27430
51371 9746 5610 146 45761 45615 5632
51584 1887 24029 8 27555 27547 27547
51594 2158 1295 303 50299 49996 1319
51655 7205 24043 19 27612 27593 27593
51839 4968 24104 46 27735 27689 27689
51857 5898 24131 37 27726 27689 27689
51892 1698 686 261 51206 50945 594
51925 693 24185 32 27740 27708 27708
51998 8015 11444 84 40554 40470 12723
52038 3899 24237 11 27801 27790 27790
52055 7367 24243 16 27812 27796 27796
52110 393 5695 141 46415 46274 5708
52160 1456 5701 160 46459 46299 5734
52181 9703 11474 125 40707 40582 12751
52208 8712 5706 109 46502 46393 5743
52230 2422 24357 21 27873 27852 27852
52245 1040 24381 5 27864 27859 27859
52262 9412 5700 129 46562 46433 5733
52292 4329 11531 33 40761 40728 12856
52423 9968 24480 12 27943 27931 27931
52482 7102 24514 11 27968 27957 27957
52547 9548 5712 178 46835 46657 5762
52588 3995 5718 105 46870 46765 5800
52692 9500 24572 43 28120 28077 28077
52727 7094 2747 156 49980 49824 2951
52852 1471 24623 24 28229 28205 28205
52898 6041 11602 63 41296 41233 12985
52923 4775 5757 100 47166 47066 5823
52993 8914 11627 82 41366 41284 13017
52999 2963 5760 137 47239 47102 5828
53041 8172 2755 200 50286 50086 2961
53079 8486 24801 15 28278 28263 28263
53104 8584 24802 36 28302 28266 28266
53165 9681 24832 14 28333 28319 28319
53180 832 24832 14 28348 28334 28334
53218 3227 24858 37 28360 28323 28323
53265 2309 24871 47 28394 28347 28347
53300 6046 5806 129 47494 47365 5887
53305 6156 24889 4 28416 28412 28412
53311 4065 24896 2 28415 28413 28413
53416 3105 11717 112 41699 41587 13123
53420 8024 11742 49 41678 41629 13145
53441 2429 24945 3 28496 28493 28493
53486 2803 24950 44 28536 28492 28492
53544 79 25000 7 28544 28537 28537
53554 9748 24992 36 28562 28526 28526
53633 8883 25049 16 28584 28568 28568
53730 8072 25089 8 28641 28633 28633
53773 5483 25095 33 28678 28645 28645
53797 4823 5862 121 47935 47814 5899
53935 3092 11816 66 42119 42053 13304
54035 4973 25193 49 28842 28793 28793
54040 3126 2839 159 51201 51042 3001
54193 9280 25279 1 28914 28913 28913
54232 7214 25290 29 28942 28913 28913
54242 955 25289 48 28953 28905 28905
54318 4540 11898 80 42420 42340 13401
54522 6281 25445 39 29077 29038 29038
54549 5052 25470 10 29079 29069 29069
54631 5726 25487 50 29144 29094 29094
54641 5666 25495 26 29146 29120 29120
54646 2517 25496 14 29150 29136 29136
54684 5136 25505 22 29179 29157 29157
54802 3112 25540 28 29262 29234 29234
54831 3182 25573 9 29258 29249 29249
54862 3870 25582 30 29280 29250 29250
54923 9546 2845 130 52078 51948 3052
54983 7740 25668 7 29315 29308 29308
55034 1624 12044 93 42990 42897 13560
55238 5899 25787 11 29451 29440 29440
55270 4923 12080 72 43190 43118 13674
55320 6518 12084 76 43236 43160 13674
55361 1424 25825 23 29536 29513 29513
55369 5314 25828 8 29541 29533 29533
55428 2804 25844 7 29584 29577 29577
55451 3816 25841 43 29610 29567 29567
55531 1723 25899 1 29632 29631 29631
55755 8598 26015 19 29740 29721 29721
55780 7916 26025 6 29755 29749 29749
55930 466 26077 17 29853 29836 29836
55978 5332 12255 67 43723 43656 13790
55981 609 26100 40 29881 29841 29841
56174 8855 12275 115 43899 43784 13852
56179 9217 6031 135 50148 50013 6206
56242 6311 12315 62 43927 43865 13876
56309 8878 26284 18 30025 30007 30007
56367 3946 26336 2 30031 30029 30029
56393 2558 26341 25 30052 30027 30027
56437 6627 6071 147 50366 50219 6264
56440 5286 26375 2 30065 30063 30063
56496 6781 6044 215 50452 50237 6208
56580 3572 26413 42 30167 30125 30125
56590 733 1425 222 55165 54943 1412
56656 3204 26426 41 30230 30189 30189
56722 8554 26455 4 30267 30263 30263
56763 9799 12471 83 44292 44209 13943
56803 9299 26476 40 30327 30287 30287
56838 7572 26496 29 30342 30313 30313
56976 2800 6100 176 50876 50700 6309
57025 4399 26560 11 30465 30454 30454
57046 4456 12511 81 44535 44454 13999
57095 9987 6124 161 50971 50810 6331
57205 8988 26618 8 30587 30579 30579
57336 9809 12541 102 44795 44693 14077
57516 5366 12599 72 44917 44845 14126
57569 362 1479 176 56090 55914 1459
57742 5246 26891 39 30851 30812 30812
57832 2398 26946 47 30886 30839 30839
57927 5651 26970 32 30957 30925 30925
57951 1771 26970 44 30981 30937 30937
57970 7086 26992 18 30978 30960 30960
58074 1167 6242 71 51832 51761 6462
58110 5349 765 286 57345 57059 639
58240 4749 27109 11 31131 31120 31120
58425 1080 2975 167 55450 55283 3209
58493 6585 27221 42 31272 31230 31230
58590 2988 27269 29 31321 31292 31292
58762 5269 27347 6 31415 31409 31409
58798 2738 12873 43 45925 45882 14452
58827 7912 1472 303 57355 57052 1464
58832 3960 27370 5 31462 31457 31457
59187 6700 27543 35 31644 31609 31609
59192 1489 27556 4 31636 31632 31632
59383 270 27616 27 31767 31740 31740
59469 1024 27648 42 31821 31779 31779
59472 1875 6306 145 53166 53021 6563
59598 4581 6353 105 53245 53140 6575
59628 3882 12996 46 46632 46586 14688
59766 5910 6377 129 53389 53260 6593
59815 3350 27813 48 32002 31954 31954
59895 6209 13035 104 46860 46756 14760
59908 8478 3073 196 56835 56639 3272
59943 2403 27939 2 32004 32002 32002
59960 7472 6389 98 53571 53473 6629
59997 1154 6398 108 53599 53491 6642
60060 4861 28004 16 32056 32040 32040
60355 2823 13153 109 47202 47093 14902
60358 1194 6430 129 53928 53799 6678
60399 3618 28137 43 32262 32219 32219
60564 4168 13178 103 47386 47283 14935
60601 4464 6433 100 54168 54068 6706
60676 9572 28199 49 32477 32428 32428
60831 1915 28269 22 32562 32540 32540
61008 5405 28351 4 32657 32653 32653
61031 9808 13237 64 47794 47730 15075
61101 1568 28402 4 32699 32695 32695
61102 2206 13240 100 47862 47762 15092
61122 6651 28419 19 32703 32684 32684
61129 806 13253 47 47876 47829 15128
61244 7562 28466 16 32778 32762 32762
61265 9023 6478 99 54787 54688 6754
61310 7137 28499 7 32811 32804 32804
61409 1089 28529 33 32880 32847 32847
61426 1275 28532 16 32894 32878 32878
61452 6019 13298 68 48154 48086 15181
61508 7009 13299 61 48209 48148 15211
61524 2626 13307 39 48217 48178 15251
61558 5372 28586 46 32972 32926 32926
61563 2908 28609 19 32954 32935 32935
61660 4453 6502 116 55158 55042 6808
61818 1501 13372 49 48446 48397 15327
61861 3597 28753 17 33108 33091 33091
62074 2459 3162 149 58912 58763 3342
62102 7499 28863 29 33239 33210 33210
62233 5065 28901 11 33332 33321 33321
62233 9465 6561 129 55672 55543 6846
62297 2852 13484 69 48813 48744 15401
62329 8117 13511 94 48818 48724 15379
62341 9333 28948 34 33393 33359 33359
62384 1845 28960 19 33424 33405 33405
62392 4954 1564 247 60828 60581 1548
62436 8628 28975 43 33461 33418 33418
62477 968 6620 150 55857 55707 6869
62620 1418 29062 28 33558 33530 33530
62620 1507 29057 34 33563 33529 33529
62776 3242 29122 36 33654 33618 33618
62824 1495 13578 103 49246 49143 15495
62846 5642 3180 207 59666 59459 3405
62871 7416 29186 24 33685 33661 33661
62972 3685 29219 50 33753 33703 33703
63024 5183 29242 8 33782 33774 33774
63153 9792 29293 33 33860 33827 33827
63184 3547 29296 30 33888 33858 33858
63210 3743 29307 8 33903 33895 33895
63310 8850 13719 39 49591 49552 15617
63330 6563 6734 116 56596 56480 6923
63378 6841 29404 28 33974 33946 33946
63381 9090 6731 130 56650 56520 6921
63384 7814 6735 138 56649 56511 6943
63523 6216 1579 207 61944 61737 1579
63592 5404 6743 143 56849 56706 6975
63648 5076 29523 27 34125 34098 34098
63862 6975 29604 44 34258 34214 34214
63868 981 29607 5 34261 34256 34256
63881 1134 29607 46 34274 34228 34228
63898 727 6787 182 57111 56929 6977
64036 8334 29661 50 34375 34325 34325
64120 3846 13909 84 50211 50127 15771
64257 8675 6858 115 57399 57284 7028
64267 5470 29872 4 34395 34391 34391
64292 7656 29882 5 34410 34405 34405
64311 3752 6859 152 57452 57300 7049
64444 8928 1638 178 62806 62628 1626
64574 5705 13989 85 50585 50500 15966
64707 127 6892 104 57815 57711 7118
64975 6389 14088 70 50887 50817 16043
65007 2799 14086 123 50921 50798 16011
65055 9264 30219 40 34836 34796 34796
65306 3656 14175 24 51131 51107 16125
65410 9376 6958 118 58452 58334 7198
65535 2840 30454 48 35081 35033 35033
65615 8621 14236 72 51379 51307 16214
65643 6902 30510 27 35133 35106 35106
65655 4739 14257 26 51398 51372 16259
65685 6419 6960 161 58725 58564 7210
65803 8163 30620 32 35183 35151 35151
65818 213 30628 2 35190 35188 35188
65879 7649 30650 3 35229 35226 35226
65879 613 14302 77 51577 51500 16303
65963 9505 14311 78 51652 51574 16335
66025 3890 30716 11 35309 35298 35298
66069 7546 30720 43 35349 35306 35306
66091 9117 14315 84 51776 51692 16362
66194 6748 7030 81 59164 59083 7295
66218 7213 14338 54 51880 51826 16413
66315 6105 1678 200 64637 64437 1635
66344 3364 14363 118 51981 51863 16410
66495 2322 30895 39 35600 35561 35561
66554 9570 30922 27 35632 35605 35605
66599 9388 14432 31 52167 52136 16503
66647 1112 3399 105 63248 63143 3664
66744 804 31026 36 35718 35682 35682
66793 7270 31060 34 35733 35699 35699
66805 2365 14449 65 52356 52291 16559
66891 7112 31108 9 35783 35774 35774
66919 8283 14464 45 52455 52410 16629
66930 3634 3395 177 63535 63358 3650
66974 6453 3382 238 63592 63354 3633
66976 6657 14456 81 52520 52439 16625
67049 7229 7108 110 59941 59831 7314
67110 7510 14468 109 52642 52533 16641
67141 2562 31199 30 35942 35912 35912
67163 3244 31210 14 35953 35939 35939
67175 1588 1696 156 65479 65323 1661
67242 6361 31236 38 36006 35968 35968
67250 8417 14490 118 52760 52642 16663
67279 9098 14518 74 52761 52687 16699
67282 3063 31261 2 36021 36019 36019
67299 7212 31258 48 36041 35993 35993
67692 9403 14630 48 53062 53014 16773
67764 277 31463 33 36301 36268 36268
67789 4873 31484 14 36305 36291 36291
67833 6233 3478 151 64355 64204 3684
67857 961 14630 117 53227 53110 16790
67931 3994 31538 25 36393 36368 36368
68023 9749 14677 82 53346 53264 16852
68261 9846 14730 81 53531 53450 16903
68339 2598 31705 36 36634 36598 36598
68702 3501 7271 121 61431 61310 7481
68715 4715 14815 35 53900 53865 17021
68839 3080 31912 28 36927 36899 36899
68974 3131 31946 33 37028 36995 36995
69087 4962 31994 20 37093 37073 37073
69125 9980 14848 81 54277 54196 17113
69166 9860 32037 35 37129 37094 37094
69247 5284 32047 50 37200 37150 37150
69277 7725 32093 9 37184 37175 37175
69351 8355 32105 33 37246 37213 37213
69358 3739 32116 14 37242 37228 37228
69513 5102 32179 42 37334 37292 37292
69562 4418 32191 48 37371 37323 37323
69629 2324 32217 36 37412 37376 37376
69665 5638 14913 90 54752 54662 17252
69687 3706 32233 50 37454 37404 37404
69709 5468 1758 167 67951 67784 1760
69773 9632 7341 98 62432 62334 7563
69888 5426 14968 111 54920 54809 17310
69915 728 14973 102 54942 54840 17308
69977 7225 32411 19 37566 37547 37547
70026 303 7351 147 62675 62528 7600
70184 429 32491 4 37693 37689 37689
70223 1550 15033 84 55190 55106 17415
70294 4032 7369 130 62925 62795 7651
70384 5839 32564 29 37820 37791 37791
70457 5710 7367 177 63090 62913 7642
70497 8287 32611 39 37886 37847 37847
70521 4383 32624 29 37897 37868 37868
70535 2445 32630 37 37905 37868 37868
70561 7291 32664 13 37897 37884 37884
70573 6683 15128 59 55445 55386 17490
70580 9504 15122 71 55458 55387 17482
70683 3434 32707 26 37976 37950 37950
70691 4771 7412 114 63279 63165 7712
70730 4132 15167 50 55563 55513 17566
70734 8911 929 249 69805 69556 805
70752 7199 15157 103 55595 55492 17521
70795 9091 15164 72 55631 55559 17559
70886 3958 15198 34 55688 55654 17616
70953 8419 7428 114 63525 63411 7719
71005 9390 32870 14 38135 38121 38121
71053 1846 15208 86 55845 55759 17622
71168 4349 7434 124 63734 63610 7744
71240 9159 32980 25 38260 38235 38235
71261 4285 32994 3 38267 38264 38264
71539 877 15329 78 56210 56132 17715
71614 5200 7458 112 64156 64044 7831
71630 523 1784 173 69846 69673 1785
71760 991 15396 46 56364 56318 17750
71802 8611 33177 41 38625 38584 38584
71924 4912 33210 47 38714 38667 38667
71959 5225 33225 34 38734 38700 38700
71998 9315 33240 43 38758 38715 38715
72000 4097 7496 90 64504 64414 7917
72001 7573 33250 2 38751 38749 38749
72127 8947 15506 98 56621 56523 17763
72162 2372 33336 13 38826 38813 38813
72217 2864 33343 44 38874 38830 38830
72253 3541 7516 55 64737 64682 8013
72435 3366 33449 33 38986 38953 38953
72486 2288 33457 50 39029 38979 38979
72523 9725 15612 39 56911 56872 17858
72669 5679 33573 2 39096 39094 39094
72826 9901 15651 63 57175 57112 17947
72980 2983 15672 68 57308 57240 17983
73071 5853 33751 22 39320 39298 39298
73197 9784 33806 40 39391 39351 39351
73247 6217 33829 49 39418 39369 39369
73281 4347 15760 50 57521 57471 18059
73352 630 33863 24 39489 39465 39465
73356 8390 33863 9 39493 39484 39484
73361 8546 33869 4 39492 39488 39488
73379 8361 3684 151 69695 69544 3881
73469 8240 7623 89 65846 65757 8125
73485 3328 1793 287 71692 71405 1797
73513 6994 15793 90 57720 57630 18067
73607 4028 7615 161 65992 65831 8124
73648 9253 15814 84 57834 57750 18106
73713 3745 33979 6 39734 39728 39728
73738 8279 33975 49 39763 39714 39714
73868 7228 15853 104 58015 57911 18134
73962 2044 15903 59 58059 58000 18137
73973 9917 34097 25 39876 39851 39851
73974 3271 34101 11 39873 39862 39862
74001 447 15928 65 58073 58008 18138
74036 6278 15942 52 58094 58042 18160
74047 7206 15933 66 58114 58048 18153
74099 3558 34146 45 39953 39908 39908
74111 5367 34172 11 39939 39928 39928
74115 1869 34173 3 39942 39939 39939
74200 3005 15969 33 58231 58198 18204
74244 183 34233 31 40011 39980 39980
74271 1939 7677 92 66594 66502 8262
74280 697 34242 10 40038 40028 40028
74445 5752 7722 74 66723 66649 8295
74464 8977 34324 15 40140 40125 40125
74492 8941 34375 14 40117 40103 40103
74723 6642 34454 24 40269 40245 40245
74769 4545 34456 45 40313 40268 40268
74782 1861 3749 152 71033 70881 3976
74783 9700 34493 1 40290 40289 40289
74803 8912 34496 20 40307 40287 40287
74893 4402 34541 17 40352 40335 40335
75021 1081 16164 108 58857 58749 18324
75051 439 34571 28 40480 40452 40452
75129 6027 16181 83 58948 58865 18353
75244 5774 34643 39 40601 40562 40562
75264 2056 34647 19 40617 40598 40598
75367 5870 34694 7 40673 40666 40666
75418 5561 16335 19 59083 59064 18379
75596 4836 16312 113 59284 59171 18385
75853 7622 7879 110 67974 67864 8474
75934 926 3798 219 72136 71917 3997
75994 3945 34925 36 41069 41033 41033
76096 9190 34972 27 41124 41097 41097
76159 9099 34993 24 41166 41142 41142
76264 4901 35034 29 41230 41201 41201
76302 3019 7941 165 68361 68196 8483
76371 7850 35093 24 41278 41254 41254
76395 6448 16501 79 59894 59815 18544
76399 7312 35107 3 41292 41289 41289
76465 1183 3813 258 72652 72394 4039
76509 3455 35155 2 41354 41352 41352
76573 739 16518 90 60055 59965 18580
76734 7032 8013 97 68721 68624 8502
76743 6831 35276 8 41467 41459 41459
76749 9287 16553 97 60196 60099 18644
76933 5934 35385 26 41548 41522 41522
76991 3297 16602 114 60389 60275 18731
77009 9888 35424 1 41585 41584 41584
77043 4865 16618 72 60425 60353 18770
77056 692 16632 36 60424 60388 18788
77101 7124 35478 44 41623 41579 41579
77178 7401 3875 216 73303 73087 4142
77246 7849 35565 17 41681 41664 41664
77286 607 35571 1 41715 41714 41714
77338 6094 16716 78 60622 60544 18834
77743 3570 8153 147 69590 69443 8610
77861 6581 35826 4 42035 42031 42031
77863 7279 8152 141 69711 69570 8610
77875 6668 35827 13 42048 42035 42035
77962 766 35846 43 42116 42073 42073
78100 7989 35887 37 42213 42176 42176
78156 6882 8188 202 69968 69766 8640
78179 7410 8194 113 69985 69872 8669
78394 8378 36025 3 42369 42366 42366
78435 4289 36017 49 42418 42369 42369
78487 2656 975 360 77512 77152 863
78531 4229 36071 27 42460 42433 42433
78604 4254 16987 83 61617 61534 19054
78635 445 36127 11 42508 42497 42497
78689 3321 36136 35 42553 42518 42518
78836 580 36193 44 42643 42599 42599
78934 7232 36263 30 42671 42641 42641
79059 3780 36312 15 42747 42732 42732
79096 6208 36315 36 42781 42745 42745
79135 5428 36330 16 42805 42789 42789
79139 902 1914 234 77225 76991 2050
79220 8827 36336 32 42884 42852 42852
79228 6469 36339 33 42889 42856 42856
79248 5280 36358 8 42890 42882 42882
79375 1337 36398 45 42977 42932 42932
79400 8483 36451 6 42949 42943 42943
79495 9485 8305 170 71190 71020 8799
79603 6976 36520 50 43083 43033 43033
79647 8860 978 265 78669 78404 867
79721 3715 36551 27 43170 43143 43143
79761 4237 8365 93 71396 71303 8825
79788 8738 36586 10 43202 43192 43192
79899 3298 36642 6 43257 43251 43251
79949 4933 17219 95 62730 62635 19380
79956 9704 36678 10 43278 43268 43268
79977 5669 36689 20 43288 43268 43268
80013 9092 17236 55 62777 62722 19421
80191 9665 8376 157 71815 71658 8830
80379 7274 8391 144 71988 71844 8867
80400 9714 17322 42 63078 63036 19537
80469 7882 17326 59 63143 63084 19549
80512 6539 4121 104 76391 76287 4268
80599 2727 17349 86 63250 63164 19569
80671 5707 37017 16 43654 43638 43638
80691 2679 17400 40 63291 63251 19625
80771 2872 37088 15 43683 43668 43668
80848 6881 37130 46 43718 43672 43672
80896 3185 17451 79 63445 63366 19643
81070 7855 17469 139 63601 63462 19663
81080 9944 37229 34 43851 43817 43817
81116 8045 37265 23 43851 43828 43828
81187 8963 37275 47 43912 43865 43865
81251 2302 17493 101 63758 63657 19752
81294 391 4126 175 77168 76993 4301
81362 6741 4127 154 77235 77081 4323
81423 5986 37417 6 44006 44000 44000
81654 3589 37490 2 44164 44162 44162
81674 4790 1941 241 79733 79492 2143
81739 4570 37583 9 44156 44147 44147
81768 9709 8561 145 73207 73062 9063
81799 5067 4175 127 77624 77497 4397
81882 9643 37641 20 44241 44221 44221
81897 4315 4166 176 77731 77555 4358
82005 3084 37684 13 44321 44308 44308
82044 5795 37718 13 44326 44313 44313
82225 2267 17785 48 64440 64392 19978
82233 6160 37785 19 44448 44429 44429
82257 1582 37803 23 44454 44431 44431
82301 268 17769 114 64532 64418 19967
82734 2496 38012 41 44722 44681 44681
82801 5695 38026 37 44775 44738 44738
82882 8814 38047 29 44835 44806 44806
82900 3467 17923 51 64977 64926 20127
83059 1441 38179 9 44880 44871 44871
83106 6088 38219 2 44887 44885 44885
83264 9841 38317 17 44947 44930 44930
83285 8443 38322 20 44963 44943 44943
83328 8195 38347 16 44981 44965 44965
83610 7438 1007 254 82603 82349 911
83749 4246 38523 37 45226 45189 45189
83781 3031 38533 37 45248 45211 45211
83831 7737 4270 188 79561 79373 4472
83958 6212 38603 34 45355 45321 45321
84031 464 38671 14 45360 45346 45346
84093 1897 18257 42 65836 65794 20412
84106 5835 38694 27 45412 45385 45385
84218 4340 38725 27 45493 45466 45466
84274 4638 38745 36 45529 45493 45493
84324 9903 38778 16 45546 45530 45530
84434 8634 38810 27 45624 45597 45597
84485 7809 38827 20 45658 45638 45638
84525 2199 38854 19 45671 45652 45652
84528 1100 38855 2 45673 45671 45671
84784 7902 18347 105 66437 66332 20571
84878 5148 39010 39 45868 45829 45829
84931 7050 4353 134 80578 80444 4479
84934 1906 39044 2 45890 45888 45888
85001 2996 18402 55 66599 66544 20633
85141 7204 4359 187 80782 80595 4489
85234 6867 39168 49 46066 46017 46017
85251 474 4369 152 80882 80730 4505
85332 7779 39203 7 46129 46122 46122
85383 6640 2015 339 83368 83029 2266
85481 8970 39274 31 46207 46176 46176
85728 2779 4381 204 81347 81143 4518
85845 1635 18608 71 67237 67166 20810
85959 7805 39496 2 46463 46461 46461
85993 4763 1074 281 84919 84638 925
86114 7565 39562 24 46552 46528 46528
86134 4741 39566 19 46568 46549 46549
86149 2259 4387 181 81762 81581 4540
86314 1240 39695 10 46619 46609 46609
86489 238 18756 64 67733 67669 20953
86514 1274 39782 24 46732 46708 46708
86560 4078 39817 6 46743 46737 46737
86619 2720 18772 37 67847 67810 21016
86621 6000 18767 66 67854 67788 21004
86640 6633 1072 241 85568 85327 915
86824 8677 18836 72 67988 67916 21014
86943 5792 40012 7 46931 46924 46924
86992 4458 40023 6 46969 46963 46963
87049 4432 18895 48 68154 68106 21137
87074 4939 1085 264 85989 85725 934
87099 6709 40083 3 47016 47013 47013
87145 4352 18923 86 68222 68136 21133
87156 9730 9134 45 78022 77977 9807
87269 9777 40142 16 47127 47111 47111
87294 7218 18952 96 68342 68246 21148
87310 5413 9132 154 78178 78024 9766
87403 3755 40220 41 47183 47142 47142
87407 6007 40222 15 47185 47170 47170
87454 1239 9168 144 78286 78142 9825
87458 1998 19029 98 68429 68331 21145
87622 39 19092 55 68530 68475 21224
87633 9422 40373 10 47260 47250 47250
87740 4029 40428 42 47312 47270 47270
87762 9290 40436 40 47326 47286 47286
87841 165 40477 13 47364 47351 47351
87964 7588 40551 47 47413 47366 47366
88269 3978 19265 98 69004 68906 21398
88425 2827 40784 41 47641 47600 47600
88513 8737 19323 56 69190 69134 21466
88715 30 40915 1 47800 47799 47799
88759 8579 40915 43 47844 47801 47801
88780 8322 40931 14 47849 47835 47835
88869 3230 19396 61 69473 69412 21527
89003 7409 2159 285 86844 86559 2404
89115 2709 19459 81 69656 69575 21565
89277 7609 9399 195 79878 79683 10001
89361 7008 41168 30 48193 48163 48163
89424 823 41194 1 48230 48229 48229
89907 6383 41402 30 48505 48475 48475
89955 2612 9490 120 80465 80345 10115
89983 256 19660 68 70323 70255 21744
90114 1810 19704 27 70410 70383 21806
90278 285 41605 10 48673 48663 48663
90335 6958 19712 85 70623 70538 21852
90451 6608 9527 98 80924 80826 10171
90544 5643 41713 10 48831 48821 48821
90627 8580 41740 26 48887 48861 48861
90655 4753 41740 27 48915 48888 48888
90656 5743 41743 18 48913 48895 48895
90723 7566 19743 103 70980 70877 21946
90764 1612 41783 40 48981 48941 48941
90778 8049 19764 96 71014 70918 21971
90853 6549 9573 81 81280 81199 10208
90854 305 41842 5 49012 49007 49007
91031 4102 19839 85 71192 71107 22025
91108 7258 9548 142 81560 81418 10212
91121 5683 19854 75 71267 71192 22036
91167 7355 41962 7 49205 49198 49198
91386 2542 42053 44 49333 49289 49289
91387 9525 19888 105 71499 71394 22108
91436 5520 19942 81 71494 71413 22106
91473 1386 4725 165 86748 86583 4902
91504 6995 42135 18 49369 49351 49351
91547 2701 19953 89 71594 71505 22136
91563 9847 42158 15 49405 49390 49390
91570 4002 42179 7 49391 49384 49384
91677 4414 19985 80 71692 71612 22211
91694 7745 42261 16 49433 49417 49417
91827 1427 42304 7 49523 49516 49516
91829 9915 20017 75 71812 71737 22242
91850 9260 42339 22 49511 49489 49489
91950 100 42366 13 49584 49571 49571
92026 3319 42403 41 49623 49582 49582
92112 9486 42436 28 49676 49648 49648
92135 3495 42437 39 49698 49659 49659
92144 7441 42437 31 49707 49676 49676
92180 8409 42449 35 49731 49696 49696
92215 9862 20102 102 72113 72011 22297
92241 5129 20104 80 72137 72057 22317
92424 4093 42588 26 49836 49810 49810
92431 6551 42595 3 49836 49833 49833
92516 851 42640 23 49876 49853 49853
92592 3609 20241 78 72351 72273 22393
92679 3236 9728 119 82951 82832 10446
92723 5109 20251 87 72472 72385 22436
92784 8599 20263 99 72521 72422 22452
92826 1003 42804 8 50022 50014 50014
92859 5958 42796 50 50063 50013 50013
92949 4269 20281 85 72668 72583 22501
93038 8346 42870 47 50168 50121 50121
93060 4500 42878 48 50182 50134 50134
93066 5518 42886 5 50180 50175 50175
93066 2913 42880 27 50186 50159 50159
93144 7091 42971 9 50173 50164 50164
93175 6962 20317 59 72858 72799 22619
93177 8299 42987 21 50190 50169 50169
93353 4266 9805 147 83548 83401 10527
93404 4069 43145 50 50259 50209 50209
93433 2630 20411 67 73022 72955 22710
93483 7027 43172 49 50311 50262 50262
93555 7315 43184 35 50371 50336 50336
93583 8617 43197 31 50386 50355 50355
93653 5920 43219 35 50434 50399 50399
93687 1302 20426 89 73261 73172 22759
93733 3059 4821 154 88912 88758 4970
93808 1781 43270 10 50538 50528 50528
93859 7389 43300 27 50559 50532 50532
93923 1064 20458 64 73465 73401 22844
94106 3790 43414 49 50692 50643 50643
94176 9274 43439 40 50737 50697 50697
94204 890 2226 239 91978 91739 2493
94248 6074 43468 20 50780 50760 50760
94286 1052 20475 89 73811 73722 22917
94358 6173 9834 126 84524 84398 10608
94364 7282 20502 49 73862 73813 23000
94583 1113 43582 4 51001 50997 50997
94622 573 43628 1 50994 50993 50993
94658 8245 9872 129 84786 84657 10603
94709 7343 20567 50 74142 74092 23069
94721 5152 43656 44 51065 51021 51021
94857 2692 20591 52 74266 74214 23095
94920 9431 43788 2 51132 51130 51130
94952 5025 43801 7 51151 51144 51144
95049 4626 43808 39 51241 51202 51202
95049 517 43813 29 51236 51207 51207
95078 2667 43843 23 51235 51212 51212
95117 3104 43852 38 51265 51227 51227
95119 7053 4846 165 90273 90108 5019
95164 4232 43856 46 51308 51262 51262
95185 7238 20669 45 74516 74471 23180
95334 7784 9921 115 85413 85298 10743
95357 4240 43966 15 51391 51376 51376
95586 3089 4881 202 90705 90503 5026
95766 61 20814 94 74952 74858 23261
95811 8760 20812 120 74999 74879 23252
95820 2387 20828 48 74992 74944 23276
95843 1879 20834 73 75009 74936 23297
95988 9196 20857 65 75131 75066 23368
96072 87 20864 75 75208 75133 23373
96093 787 4914 164 91179 91015 5034
96173 3700 44370 34 51803 51769 51769
96205 5531 20886 140 75319 75179 23401
96225 6766 44391 21 51834 51813 51813
96233 8291 20892 86 75341 75255 23443
96433 9578 20939 41 75494 75453 23549
96438 6511 20916 71 75522 75451 23535
96482 3087 10022 124 86460 86336 10857
96556 9276 4959 142 91597 91455 5028
96599 4441 44583 16 52016 52000 52000
96732 3489 2283 260 94449 94189 2591
96796 4365 10069 60 86727 86667 10923
96815 47 44684 18 52131 52113 52113
96852 6323 21024 76 75828 75752 23617
96853 2100 4966 176 91887 91711 5050
96892 3014 21066 82 75826 75744 23617
96981 1281 44780 30 52201 52171 52171
97085 8345 44820 5 52265 52260 52260
97100 6183 10102 138 86998 86860 10949
97115 1545 44844 29 52271 52242 52242
97190 2508 44885 30 52305 52275 52275
97218 2613 21190 53 76028 75975 23675
97348 6681 44946 42 52402 52360 52360
97351 5988 44934 48 52417 52369 52369
97395 8929 4991 218 92404 92186 5103
97413 3421 21231 66 76182 76116 23700
97446 8257 45000 32 52446 52414 52414
97498 5878 45027 35 52471 52436 52436
97534 6782 21259 103 76275 76172 23716
97554 3664 45051 1 52503 52502 52502
97670 4195 45062 30 52608 52578 52578
97880 637 45133 14 52747 52733 52733
97910 2534 10199 121 87711 87590 11092
97941 7346 21345 71 76596 76525 23770
97944 280 21344 62 76600 76538 23763
98011 5502 45191 45 52820 52775 52775
98143 5122 45256 27 52887 52860 52860
98178 1889 45271 16 52907 52891 52891
98182 3710 45262 38 52920 52882 52882
98210 8535 10215 118 87995 87877 11112
98314 8902 21419 68 76895 76827 23893
98415 5918 21470 27 76945 76918 23904
98429 2774 21441 100 76988 76888 23873
98475 529 10253 142 88222 88080 11145
98531 9451 2302 232 96229 95997 2652
98717 3497 45578 21 53139 53118 53118
98748 8460 45590 35 53158 53123 53123
98927 8002 45702 30 53225 53195 53195
98954 3409 21602 44 77352 77308 24086
99148 4239 10322 130 88826 88696 11248
99169 6736 45795 9 53374 53365 53365
99176 636 10330 95 88846 88751 11248
99234 925 5080 145 94154 94009 5208
99286 9696 1159 342 98127 97785 1080
99369 9540 10345 123 89024 88901 11242
99454 5890 45921 34 53533 53499 53499
99687 6816 46035 34 53652 53618 53618
99746 4151 46091 12 53655 53643 53643
99758 5827 21713 105 78045 77940 24286
99792 944 21739 40 78053 78013 24329
99954 8347 46148 32 53806 53774 53774
