63 8289 45 17 18 1 0
85 3268 3 78 82 4 0
127 4060 5 114 122 8 0
140 792 64 65 76 11 0
214 8489 26 155 188 33 0
223 3137 109 76 114 38 0
255 8488 156 59 99 40 0
361 3987 235 40 126 86 0
368 3243 159 128 209 81 3
405 4786 166 109 239 130 2
431 4551 401 5 30 25 25
498 3741 400 13 98 85 21
506 4898 310 31 196 165 15
596 1940 275 60 321 261 9
644 5329 180 152 464 312 3
659 1480 239 93 420 327 3
664 8228 518 11 146 135 39
717 1578 73 227 644 417 0
745 7666 496 25 249 224 28
769 5181 318 67 451 384 19
816 6494 369 57 447 390 16
861 3523 475 90 386 296 32
868 81 682 15 186 171 53
882 137 458 75 424 349 31
921 1099 197 158 724 566 7
976 8771 462 62 514 452 31
986 8438 621 28 365 337 44
989 7143 928 1 61 60 60
1038 809 127 230 911 681 0
1049 5775 328 152 721 569 21
1077 7950 293 144 784 640 9
1168 5193 253 182 915 733 7
1289 6757 686 40 603 563 56
1316 638 531 66 785 719 44
1355 6203 113 332 1242 910 0
1412 6702 751 37 661 624 53
1413 7172 942 25 471 446 64
1423 7136 460 77 963 886 31
1561 9811 562 100 999 899 47
1563 4124 1311 8 252 244 119
1571 860 1025 23 546 523 79
1591 755 1129 18 462 444 90
1611 762 300 168 1311 1143 10
1645 2925 1513 3 132 129 129
1647 4460 370 116 1277 1161 17
1730 436 36 380 1694 1314 0
1943 6836 569 138 1374 1236 46
1953 7419 504 91 1449 1358 33
1984 3386 1383 34 601 567 120
2008 887 1409 20 599 579 123
2056 9718 1002 83 1054 971 78
2062 129 1576 14 486 472 140
2077 6369 613 136 1464 1328 46
2092 4904 623 104 1469 1365 48
2111 8821 1580 44 531 487 142
2127 5678 1142 33 985 952 94
2151 1152 657 79 1494 1415 51
2207 4666 1096 36 1111 1075 80
2296 965 1903 10 393 383 175
2400 1983 374 194 2026 1832 16
2405 6426 512 164 1893 1729 36
2452 8013 1295 35 1157 1122 118
2487 456 1564 24 923 899 139
2510 5769 470 142 2040 1898 35
2517 8122 1580 25 937 912 143
2585 3166 2346 3 239 236 236
2619 4085 1246 61 1373 1312 110
2659 6381 1523 30 1136 1106 131
2671 6799 1404 31 1267 1236 122
2686 1526 261 250 2425 2175 11
2773 8065 1197 77 1576 1499 102
2783 8442 948 100 1835 1735 64
2846 2571 1615 33 1231 1198 145
2904 6686 1169 48 1735 1687 94
2939 8202 2425 14 514 500 247
2996 5469 530 115 2466 2351 40
2998 9258 1191 85 1807 1722 97
3126 8876 2599 7 527 520 254
3154 2700 1374 42 1780 1738 121
3205 2232 1148 85 2057 1972 94
3229 5989 2431 15 798 783 250
3261 954 2457 15 804 789 248
3262 5190 446 220 2816 2596 30
3309 9145 807 112 2502 2390 62
3352 4356 667 135 2685 2550 53
3368 5930 541 187 2827 2640 46
3387 139 420 173 2967 2794 25
3417 633 647 119 2770 2651 52
3427 5978 1908 85 1519 1434 176
3461 5570 1116 146 2345 2199 86
3561 849 2973 9 588 579 278
3617 7648 3025 6 592 586 285
3638 4125 1725 39 1913 1874 157
3650 9251 2288 22 1362 1340 235
3690 8385 1917 35 1773 1738 182
3763 4622 909 99 2854 2755 61
3794 269 2637 20 1157 1137 259
3813 7760 834 155 2979 2824 59
3832 4367 1809 38 2023 1985 165
3858 3552 2004 34 1854 1820 196
3888 5174 963 153 2925 2772 69
3955 3943 2052 31 1903 1872 203
3964 518 848 148 3116 2968 62
4052 7151 1612 46 2440 2394 145
4094 5467 499 167 3595 3428 28
4095 6987 900 110 3195 3085 63
4137 3306 1972 37 2165 2128 192
4157 7135 3185 11 972 961 294
4165 3260 3489 8 676 668 314
4166 4897 1365 87 2801 2714 118
4217 852 2001 38 2216 2178 197
4267 5349 765 286 3502 3216 53
4271 7222 380 223 3891 3668 16
4328 4820 1437 65 2891 2826 125
4598 8890 306 219 4292 4073 13
4670 4175 3912 9 758 749 356
4697 9565 2041 45 2656 2611 201
4793 661 2504 79 2289 2210 258
4816 1296 1119 122 3697 3575 86
4879 8967 3732 12 1147 1135 348
5069 9957 4640 2 429 427 427
5098 4996 2233 45 2865 2820 221
5145 5813 2251 44 2894 2850 227
5239 389 4005 13 1234 1221 360
5286 5146 4836 2 450 448 448
5326 216 2843 33 2483 2450 259
5424 1860 2636 37 2788 2751 255
5482 9107 3190 30 2292 2262 295
5509 2652 1800 96 3709 3613 162
5639 3911 935 155 4704 4549 64
5673 8510 417 217 5256 5039 27
5692 2189 2502 44 3190 3146 257
5773 2269 1718 100 4055 3955 156
5798 6424 5285 3 513 510 510
5811 4221 873 164 4938 4774 56
5883 424 3120 35 2763 2728 293
5898 4142 3436 27 2462 2435 308
5974 3395 2891 58 3083 3025 270
6009 4227 4538 45 1471 1426 420
6047 8638 669 250 5378 5128 54
6100 8938 2444 47 3656 3609 248
6113 7728 1529 107 4584 4477 131
6190 1372 4289 19 1901 1882 392
6314 2289 3652 29 2662 2633 343
6404 892 5299 10 1105 1095 506
6420 4674 2066 129 4354 4225 201
6427 1137 1916 84 4511 4427 180
6453 723 889 190 5564 5374 57
6457 9981 4451 20 2006 1986 417
6501 5262 1234 117 5267 5150 108
6544 5850 2857 72 3687 3615 267
6546 3574 2861 76 3685 3609 266
6607 6341 4970 24 1637 1613 473
6611 4995 1244 165 5367 5202 110
6652 8800 3825 29 2827 2798 352
6663 4646 1386 84 5277 5193 123
6674 5094 1977 100 4697 4597 193
6724 101 3834 79 2890 2811 357
6789 5787 2961 78 3828 3750 277
6894 2987 2481 82 4413 4331 253
6976 4990 5747 6 1229 1223 572
6981 9469 6331 3 650 647 647
7039 857 5795 7 1244 1237 581
7071 9675 950 215 6121 5906 64
7108 1503 5833 28 1275 1247 587
7141 2345 5873 8 1268 1260 590
7169 770 3746 35 3423 3388 348
7205 5468 1758 167 5447 5280 164
7269 3217 2365 100 4904 4804 239
7372 2416 3527 37 3845 3808 318
7374 9574 5000 52 2374 2322 481
7377 1499 3219 44 4158 4114 303
7423 4787 3246 42 4177 4135 301
7469 2193 3547 65 3922 3857 318
7476 669 2018 103 5458 5355 200
7541 7604 5115 59 2426 2367 490
7546 1768 989 184 6557 6373 79
7582 9595 4712 22 2870 2848 445
7586 8602 6870 3 716 713 713
7594 1017 3308 43 4286 4243 301
7618 6687 1425 145 6193 6048 123
7644 7518 1896 70 5748 5678 173
7664 7269 317 307 7347 7040 17
7775 1894 1005 198 6770 6572 79
7863 4396 4423 67 3440 3373 415
7865 5138 1577 158 6288 6130 140
7882 9174 1762 99 6120 6021 166
7903 4564 2313 104 5590 5486 235
7921 9507 1126 191 6795 6604 87
7944 3329 1749 132 6195 6063 161
7951 5203 5906 28 2045 2017 591
7960 3353 3156 47 4804 4757 293
7990 822 2334 122 5656 5534 234
8062 1330 6004 14 2058 2044 604
8068 2518 6008 11 2060 2049 606
8097 4837 6029 14 2068 2054 609
8127 3961 3506 43 4621 4578 319
8299 6633 1072 241 7227 6986 80
8331 9701 1518 158 6813 6655 130
8428 7757 6901 7 1527 1520 720
8475 5765 1872 111 6603 6492 170
8494 3799 3342 48 5152 5104 302
8503 3036 3343 48 5160 5112 302
8507 7183 5727 18 2780 2762 572
8525 1711 1875 104 6650 6546 172
8557 6376 5763 19 2794 2775 574
8560 9736 2518 82 6042 5960 255
8610 3557 1224 117 7386 7269 105
8611 540 2299 95 6312 6217 232
8622 3725 1286 214 7336 7122 116
8670 9875 1347 132 7323 7191 115
8749 8931 5355 31 3394 3363 518
8756 7591 4894 26 3862 3836 465
8830 196 960 196 7870 7674 69
8838 8707 5953 16 2885 2869 599
8897 211 3809 41 5088 5047 350
9117 513 983 205 8134 7929 77
9126 864 3565 48 5561 5513 325
9131 8928 1638 178 7493 7315 152
9281 2338 4708 62 4573 4511 438
9288 6200 4710 57 4578 4521 442
9312 8166 2237 132 7075 6943 223
9329 4894 1171 193 8158 7965 95
9364 2255 3641 59 5723 5664 333
9381 1036 7674 9 1707 1698 808
9415 345 1452 114 7963 7849 128
9419 9706 3651 65 5768 5703 338
9603 7193 1923 109 7680 7571 182
9701 5461 5388 28 4313 4285 522
9712 8647 1911 207 7801 7594 179
9756 3808 8840 1 916 915 915
9765 9546 2845 130 6920 6790 264
9786 6590 2131 172 7655 7483 208
9881 9735 3814 49 6067 6018 353
9883 6656 2373 136 7510 7374 239
9916 2463 7352 11 2564 2553 764
9948 1617 3184 124 6764 6640 294
10005 6728 5054 43 4951 4908 489
10033 3249 6737 20 3296 3276 693
10151 8911 929 249 9222 8973 64
10159 1423 2030 96 8129 8033 202
10200 4797 4266 85 5934 5849 392
10301 9316 7629 11 2672 2661 798
10342 5297 7657 11 2685 2674 804
10374 9658 4763 37 5611 5574 448
10429 1968 3341 77 7088 7011 298
10430 2284 4786 40 5644 5604 455
10432 899 1178 283 9254 8971 97
10538 3761 4383 84 6155 6071 407
10563 8705 2111 103 8452 8349 210
10600 8748 412 303 10188 9885 21
10605 2431 7109 18 3496 3478 747
10787 7169 5399 63 5388 5325 524
10946 9615 5006 36 5940 5904 483
10956 8254 2391 113 8565 8452 241
10994 7317 6061 26 4933 4907 614
11015 6113 9024 7 1991 1984 943
11042 5167 5517 70 5525 5455 537
11066 9427 7395 61 3671 3610 768
11121 6283 9115 7 2006 1999 947
11400 4357 4310 72 7090 7018 399
11529 9356 10429 3 1100 1097 1097
11543 8704 4376 48 7167 7119 407
11564 7807 3641 124 7923 7799 330
11624 9306 3692 62 7932 7870 344
11650 9858 4838 44 6812 6768 449
11672 2073 10553 1 1119 1118 1118
11692 4553 10570 1 1122 1121 1121
11782 6216 1579 207 10203 9996 142
11810 8470 6486 28 5324 5296 668
11843 9517 5911 32 5932 5900 591
11858 5029 6507 40 5351 5311 671
11974 9210 5423 49 6551 6502 524
11985 2650 9791 10 2194 2184 1017
12014 4382 5958 72 6056 5984 600
12059 22 912 220 11147 10927 64
12155 6064 8113 32 4042 4010 849
12157 5412 3499 78 8658 8580 316
12202 3285 2913 117 9289 9172 273
12223 3815 9039 11 3184 3173 945
12232 8635 4620 50 7612 7562 425
12284 1375 10031 9 2253 2244 1051
12300 9143 7440 23 4860 4837 774
12351 9608 4647 85 7704 7619 428
12400 2019 10130 7 2270 2263 1061
12479 1269 4693 49 7786 7737 434
12528 1997 4667 93 7861 7768 436
12533 2772 3572 112 8961 8849 325
12559 5473 2230 158 10329 10171 218
12616 4052 6256 31 6360 6329 638
12626 1167 6242 71 6384 6313 631
12630 9097 5123 143 7507 7364 498
12672 8414 2032 166 10640 10474 201
12676 62 9362 12 3314 3302 980
12724 9765 1707 187 11017 10830 155
12730 2815 3609 136 9121 8985 324
12779 1731 11529 1 1250 1249 1249
12821 5574 2082 113 10739 10626 204
12952 9994 761 216 12191 11975 55
12971 7235 5832 36 7139 7103 585
13035 9501 10635 8 2400 2392 1127
13103 1990 10679 6 2424 2418 1138
13180 6997 11888 5 1292 1287 1287
13184 2523 8771 65 4413 4348 903
13248 1812 1949 179 11299 11120 185
13287 2690 9790 13 3497 3484 1016
13343 523 1784 173 11559 11386 162
13367 4594 4967 83 8400 8317 473
13380 9480 5441 81 7939 7858 524
13382 257 4968 71 8414 8343 473
13531 3804 8158 21 5373 5352 848
13564 175 5000 107 8564 8457 479
13681 8793 12329 5 1352 1347 1347
13721 6563 6734 116 6987 6871 690
13741 2386 6789 32 6952 6920 704
13789 6105 1678 200 12111 11911 151
13942 1588 1696 156 12246 12090 153
14023 372 8443 23 5580 5557 887
14046 2078 8462 24 5584 5560 886
14061 4643 10353 12 3708 3696 1085
14120 262 7662 63 6458 6395 807
14153 2604 722 280 13431 13151 54
14187 4939 1085 264 13102 12838 81
14226 1539 5773 45 8453 8408 578
14352 8261 7056 60 7296 7236 739
14415 1154 6398 108 8017 7909 653
14486 570 968 191 13518 13327 70
14498 1112 3399 105 11099 10994 306
14527 3479 11811 7 2716 2709 1279
14715 8567 7991 35 6724 6689 843
14783 7940 1933 172 12850 12678 184
14823 542 6608 39 8215 8176 676
14824 6193 4552 67 10272 10205 418
14848 7032 8013 97 6835 6738 841
14878 1422 12073 10 2805 2795 1320
14880 484 6622 37 8258 8221 680
14893 2364 2880 166 12013 11847 269
15006 813 7346 68 7660 7592 760
15033 9849 13542 2 1491 1489 1489
15159 875 10043 16 5116 5100 1052
15167 8812 1666 171 13501 13330 149
15205 8686 9128 22 6077 6055 946
15228 2538 5599 46 9629 9583 541
15235 8853 1371 241 13864 13623 119
15293 9927 5105 87 10188 10101 491
15305 6155 10153 16 5152 5136 1064
15330 2879 7515 42 7815 7773 792
15332 9047 11240 11 4092 4081 1212
15335 2293 3917 79 11418 11339 357
15369 3563 12487 8 2882 2874 1350
15587 4376 3976 79 11611 11532 359
15600 4037 11440 15 4160 4145 1238
15744 777 6968 78 8776 8698 726
15857 8046 4396 80 11461 11381 410
15949 9831 7820 31 8129 8098 827
16080 5990 6456 41 9624 9583 664
16086 1440 7121 57 8965 8908 749
16101 3161 1925 125 14176 14051 186
16112 8824 5873 50 10239 10189 591
16136 7229 7108 110 9028 8918 742
16246 4261 11889 15 4357 4342 1287
16305 7787 14679 5 1626 1621 1621
16357 6539 4121 104 12236 12132 367
16370 5437 13274 6 3096 3090 1459
16375 6292 8853 26 7522 7496 920
16431 4259 8858 50 7573 7523 923
16462 1450 5963 84 10499 10415 602
16466 2918 6608 44 9858 9814 674
16517 6425 3807 74 12710 12636 352
16577 4135 6016 50 10561 10511 607
16635 717 13477 9 3158 3149 1480
16904 9905 1773 301 15131 14830 167
16924 6932 5589 54 11335 11281 539
17068 2134 3567 126 13501 13375 326
17088 3192 2455 172 14633 14461 250
17111 1080 2975 167 14136 13969 280
17137 1059 11281 18 5856 5838 1223
17283 8644 9311 27 7972 7945 978
17330 1287 12660 13 4670 4657 1370
17363 7094 2747 156 14616 14460 258
17468 8712 5706 109 11762 11653 560
17474 3860 14152 7 3322 3315 1548
17487 4095 6987 45 10500 10455 724
17507 4177 10432 22 7075 7053 1098
17518 3656 14175 24 3343 3319 1551
17519 4329 11531 33 5988 5955 1249
17542 6012 11554 19 5988 5969 1253
17573 6697 12835 12 4738 4726 1385
17705 7163 8630 39 9075 9036 893
17754 3354 7059 71 10695 10624 742
17760 7691 10563 21 7197 7176 1118
17768 9876 7065 61 10703 10642 743
17775 6970 11705 19 6070 6051 1263
17777 7472 6389 98 11388 11290 653
17862 4464 6433 100 11429 11329 658
17890 5417 7877 57 10013 9956 832
17948 5535 9668 29 8280 8251 1004
17969 362 1479 176 16490 16314 129
17981 5439 5870 100 12111 12011 588
17993 2704 1907 217 16086 15869 174
18026 6440 3093 164 14933 14769 288
18036 1795 9714 26 8322 8296 1012
18062 3658 5395 58 12667 12609 522
18066 4189 5924 61 12142 12081 595
18140 7450 10776 23 7364 7341 1159
18197 806 13253 47 4944 4897 1456
18199 4589 16384 5 1815 1810 1810
18217 9303 11989 16 6228 6212 1299
18241 911 16426 1 1815 1814 1814
18276 6140 14811 6 3465 3459 1639
18279 4327 2887 130 15392 15262 269
18402 4632 5450 93 12952 12859 533
18430 2684 4559 102 13871 13769 422
18461 654 8961 33 9500 9467 935
18485 5919 13482 15 5003 4988 1480
18486 9276 4959 142 13527 13385 470
18559 7676 3830 114 14729 14615 353
18732 1690 6728 79 12004 11925 687
18810 6228 9130 41 9680 9639 946
18850 8889 7496 41 11354 11313 786
18859 8850 13719 39 5140 5101 1509
18890 6765 6770 108 12120 12012 698
18982 7406 10186 30 8796 8766 1061
19070 6066 5645 104 13425 13321 548
19251 7657 7639 43 11612 11569 800
19280 9941 6284 63 12996 12933 637
19291 2396 6931 50 12360 12310 723
19331 393 5695 141 13636 13495 558
19352 1655 6246 172 13106 12934 635
19360 7580 387 337 18973 18636 21
19399 2354 11499 24 7900 7876 1245
19431 1939 7677 92 11754 11662 811
19504 4935 9475 34 10029 9995 982
19518 3403 17578 2 1940 1938 1938
19583 2963 5760 137 13823 13686 575
19682 1862 7811 44 11871 11827 824
19707 8942 17746 4 1961 1957 1957
19733 6232 10571 28 9162 9134 1122
19737 8361 3684 151 16053 15902 342
19757 7879 12995 18 6762 6744 1404
19788 8920 7108 61 12680 12619 746
19797 8203 17833 3 1964 1961 1961
19804 8478 3073 196 16731 16535 286
19854 3632 4862 80 14992 14912 461
19928 5219 5874 64 14054 13990 593
19952 8521 17967 4 1985 1981 1981
20017 2825 4476 111 15541 15430 416
20022 1066 11874 24 8148 8124 1284
20039 3634 3395 177 16644 16467 304
20057 4166 13191 20 6866 6846 1441
20067 406 9708 78 10359 10281 1011
20101 1698 686 261 19415 19154 55
20105 5618 3756 133 16349 16216 349
20139 4045 4123 127 16016 15889 368
20146 6891 2364 152 17782 17630 236
20181 8496 10799 27 9382 9355 1164
20277 4790 1941 241 18336 18095 187
20368 8472 7301 50 13067 13017 760
20388 3375 16546 7 3842 3835 1827
20483 9311 8097 68 12386 12318 842
20486 4832 4132 156 16354 16198 377
20539 5067 4175 127 16364 16237 385
20582 4547 15029 15 5553 5538 1680
20623 5642 3180 207 17443 17236 294
20734 3629 13621 19 7113 7094 1503
20738 5332 12255 67 8483 8416 1335
20842 2488 2706 125 18136 18011 257
20939 5404 6743 143 14196 14053 696
20950 2356 18888 4 2062 2058 2058
21002 3541 7516 55 13486 13431 792
21060 9060 7519 69 13541 13472 798
21096 1700 11245 76 9851 9775 1218
21103 3528 2208 207 18895 18688 216
21113 5886 11274 48 9839 9791 1222
21143 2128 1559 187 19584 19397 133
21227 9731 2473 170 18754 18584 253
21253 3248 6229 88 15024 14936 626
21343 8240 7623 89 13720 13631 795
21379 6496 15595 15 5784 5769 1748
21458 315 11477 30 9981 9951 1242
21484 2607 5197 109 16287 16178 503
21488 6556 11491 29 9997 9968 1245
21512 3995 5718 105 15794 15689 567
21529 7991 8538 44 12991 12947 884
21550 4208 3641 149 17909 17760 331
21628 1867 14226 17 7402 7385 1561
21698 6368 12877 21 8821 8800 1387
21716 3198 12883 23 8833 8810 1392
21753 4233 10503 66 11250 11184 1108
21760 8172 2755 200 19005 18805 260
21768 1960 17687 8 4081 4073 1951
21780 8282 15907 11 5873 5862 1789
21806 5963 15931 11 5875 5864 1790
21809 7935 19687 4 2122 2118 2118
21923 3882 12996 46 8927 8881 1408
22059 2961 7899 49 14160 14111 832
22157 1135 9695 40 12462 12422 1009
22161 2360 9700 36 12461 12425 1010
22189 1861 3749 152 18440 18288 350
22217 3693 1228 216 20989 20773 107
22306 5561 16335 19 5971 5952 1801
22417 9948 20236 2 2181 2179 2179
22487 7508 8894 44 13593 13549 923
22593 1710 8912 56 13681 13625 929
22608 3717 12075 29 10533 10504 1320
22628 2753 13410 23 9218 9195 1475
22738 3021 9908 40 12830 12790 1033
22758 5590 16650 13 6108 6095 1837
22834 6416 18551 10 4283 4273 2014
22957 3592 10009 36 12948 12912 1043
22996 8860 978 265 22018 21753 78
23011 588 2183 208 20828 20620 211
23035 5165 18724 8 4311 4303 2031
23054 6683 15128 59 7926 7867 1694
23081 8230 9105 45 13976 13931 948
23115 8108 4625 161 18490 18329 426
23151 2720 18772 37 4379 4342 2051
23177 9512 9133 41 14044 14003 949
23182 9730 9134 45 14048 14003 952
23189 4625 7473 64 15716 15652 781
23233 8266 5603 90 17630 17540 543
23314 3007 11219 45 12095 12050 1207
23392 9746 5610 146 17782 17636 547
23455 3811 4648 154 18807 18653 431
23507 5429 7564 78 15943 15865 801
23536 4579 19122 7 4414 4407 2082
23548 4105 17227 15 6321 6306 1898
23574 6914 4289 160 19285 19125 391
23602 1093 15513 17 8089 8072 1742
23609 8675 6858 115 16751 16636 707
23623 4043 19194 8 4429 4421 2090
23634 9630 8421 50 15213 15163 879
23754 2695 6906 106 16848 16742 719
23786 4004 6268 109 17518 17409 638
23882 6690 10409 40 13473 13433 1093
23899 2983 15672 68 8227 8159 1765
23923 8834 7719 67 16204 16137 818
23979 7627 3331 161 20648 20487 302
23992 474 4369 152 19623 19471 403
24031 4775 5757 100 18274 18174 572
24047 4739 14257 26 9790 9764 1564
24105 6863 14293 22 9812 9790 1571
24134 5099 11616 64 12518 12454 1255
24174 8766 11642 32 12532 12500 1263
24300 3005 15969 33 8331 8298 1792
24316 9472 8683 46 15633 15587 897
24362 9451 2302 232 22060 21828 234
24385 583 10608 60 13777 13717 1122
24416 3126 2839 159 21577 21418 261
24523 4823 5862 121 18661 18540 584
24553 569 17958 11 6595 6584 1981
24558 3467 17923 51 6635 6584 1978
24664 166 7145 131 17519 17388 746
24675 4431 11887 31 12788 12757 1287
24683 7376 3443 107 21240 21133 310
24686 6576 4108 148 20578 20430 368
24694 8697 20062 6 4632 4626 2162
24791 2446 8843 51 15948 15897 915
24812 9800 16366 16 8446 8430 1805
24893 1807 2875 205 22018 21813 265
24944 2626 13307 39 11637 11598 1470
24952 3331 9810 42 15142 15100 1022
24995 3508 14822 21 10173 10152 1643
25134 5987 14891 21 10243 10222 1661
25247 5257 2385 217 22862 22645 239
25349 7207 12188 31 13161 13130 1336
25511 7279 8152 141 17359 17218 847
25696 6625 18771 15 6925 6910 2051
25708 6311 12315 62 13393 13331 1344
25722 3958 15198 34 10524 10490 1707
25729 4349 7434 124 18295 18171 774
25800 8305 13732 28 12068 12040 1508
25820 4171 16979 19 8841 8822 1872
25871 4097 7496 90 18375 18285 787
25972 890 2226 239 23746 23507 216
26009 2802 7524 101 18485 18384 800
26020 6714 9224 50 16796 16746 970
26060 7149 2989 154 23071 22917 280
26067 4568 6842 72 19225 19153 705
26096 6267 21150 7 4946 4939 2320
26139 7438 1007 254 25132 24878 83
26140 2602 8384 64 17756 17692 875
26167 4237 8365 93 17802 17709 869
26247 6129 21281 6 4966 4960 2329
26263 4826 10271 76 15992 15916 1076
26269 733 1425 222 24844 24622 121
26353 233 9311 91 17042 16951 978
26355 503 23723 1 2632 2631 2631
26364 4988 21381 7 4983 4976 2344
26367 6319 21382 7 4985 4978 2344
26420 636 10330 95 16090 15995 1085
26480 8759 3016 192 23464 23272 286
26490 7380 21475 8 5015 5007 2354
26501 3669 4764 88 21737 21649 447
26534 1877 7697 58 18837 18779 813
26628 5752 7722 74 18906 18832 819
26632 7050 4353 134 22279 22145 399
26650 9929 4356 167 22294 22127 398
26719 4581 6353 105 20366 20261 650
26806 6748 7030 81 19776 19695 740
26823 6420 10476 115 16347 16232 1101
26868 2566 21775 8 5093 5085 2396
26924 2044 15903 59 11021 10962 1786
26953 1196 15945 25 11008 10983 1794
26971 447 15928 65 11043 10978 1787
26999 8277 1180 302 25819 25517 96
27029 7892 21904 10 5125 5115 2412
27043 6549 9573 81 17470 17389 997
27061 9388 14432 31 12629 12598 1580
27091 1040 24381 5 2710 2705 2705
27139 7638 10631 45 16508 16463 1128
27184 7556 4058 160 23126 22966 363
27311 9023 6478 99 20833 20734 668
27331 6170 10695 45 16636 16591 1140
27395 8253 22187 7 5208 5201 2457
27408 4453 6502 116 20906 20790 670
27428 3622 10687 119 16741 16622 1142
27441 6256 1221 293 26220 25927 105
27450 9403 14630 48 12820 12772 1614
27458 1500 20069 15 7389 7374 2163
27494 263 13228 32 14266 14234 1446
27506 6883 13229 33 14277 14244 1448
27548 5911 10764 88 16784 16696 1155
27586 2418 5413 116 22173 22057 527
27649 6156 24889 4 2760 2756 2756
27657 4065 24896 2 2761 2759 2759
27705 6019 13298 68 14407 14339 1461
27712 2429 24945 3 2767 2764 2764
27743 1897 18257 42 9486 9444 1995
27873 1501 13372 49 14501 14452 1476
27911 3501 7271 121 20640 20519 755
28029 6518 12084 76 15945 15869 1327
28093 9280 25279 1 2814 2813 2813
28134 7068 1978 152 26156 26004 196
28139 7070 8103 103 20036 19933 842
28263 884 22903 7 5360 5353 2517
28266 546 7371 111 20895 20784 769
28444 8903 10029 48 18415 18367 1048
28446 6079 1806 260 26640 26380 162
28454 5800 10016 78 18438 18360 1045
28467 9090 6731 130 21736 21606 690
28469 6285 9989 143 18480 18337 1039
28567 4099 20832 11 7735 7724 2284
28589 4365 10069 60 18520 18460 1051
28595 500 18795 19 9800 9781 2053
28686 106 8282 70 20404 20334 863
28746 3751 18883 16 9863 9847 2056
28790 2316 15300 30 13490 13460 1721
28792 1723 25899 1 2893 2892 2892
28802 5533 10140 61 18662 18601 1063
28837 7875 23341 8 5496 5488 2593
28935 3724 17119 25 11816 11791 1886
29114 8104 19140 20 9974 9954 2082
29127 6545 10261 53 18866 18813 1077
29199 9869 17282 21 11917 11896 1908
29211 7605 6249 101 22962 22861 633
29234 3614 12641 36 16593 16557 1367
29239 9100 23676 8 5563 5555 2624
29249 6770 10317 48 18932 18884 1084
29268 127 6892 104 22376 22272 719
29276 3946 26336 2 2940 2938 2938
29323 5286 26375 2 2948 2946 2946
29344 1174 11453 42 17891 17849 1237
29417 8554 26455 4 2962 2958 2958
29423 7825 12683 103 16740 16637 1366
29459 5918 21470 27 7989 7962 2353
29499 1540 2049 190 27450 27260 202
29501 4678 19400 16 10101 10085 2097
29532 2912 15694 53 13838 13785 1766
29538 9376 6958 118 22580 22462 724
29589 9598 7727 65 21862 21797 820
29590 5545 15743 30 13847 13817 1767
29606 5237 12803 38 16803 16765 1382
29619 1878 14197 34 15422 15388 1554
29654 7639 14217 35 15437 15402 1560
29691 1887 24029 8 5662 5654 2667
29729 6041 11602 63 18127 18064 1256
29760 2738 12873 43 16887 16844 1385
29817 5300 5269 108 24548 24440 505
29820 1103 17673 22 12147 12125 1941
29897 2408 21787 14 8110 8096 2395
29916 8914 11627 82 18289 18207 1259
30020 8708 19736 16 10284 10268 2133
30106 4471 4060 126 26046 25920 365
30114 6015 11745 42 18369 18327 1267
30159 1392 21993 11 8166 8155 2423
30188 1194 6430 129 23758 23629 657
30325 9830 1483 161 28842 28681 127
30340 7900 22099 15 8241 8226 2447
30346 111 16160 28 14186 14158 1792
30351 6594 22108 11 8243 8232 2452
30362 7966 22109 18 8253 8235 2454
30376 3092 11816 66 18560 18494 1278
30392 2519 14571 35 15821 15786 1608
30420 3960 27370 5 3050 3045 3045
30494 5691 10697 116 19797 19681 1139
30510 454 10722 75 19788 19713 1140
30517 1449 10744 46 19773 19727 1150
30538 332 1452 232 29086 28854 126
30634 1489 27556 4 3078 3074 3074
30706 8595 8834 108 21872 21764 915
30708 3372 14758 31 15950 15919 1632
30739 4145 22402 12 8337 8325 2478
30767 2459 3162 149 27605 27456 293
30773 9974 6532 147 24241 24094 670
30786 3056 18245 22 12541 12519 1995
30859 4715 14815 35 16044 16009 1641
30881 3892 22500 13 8381 8368 2491
30881 79 25000 7 5881 5874 2770
30884 391 4126 175 26758 26583 371
30890 3748 14826 32 16064 16032 1643
30897 1047 1137 294 29760 29466 92
30909 6233 3478 151 27431 27280 310
30991 8072 25089 8 5902 5894 2784
31019 8004 14879 35 16140 16105 1660
31055 2403 27939 2 3116 3114 3114
31069 6059 22622 39 8447 8408 2503
31096 2996 18402 55 12694 12639 2006
31168 5923 10925 61 20243 20182 1174
31285 2037 20536 16 10749 10733 2253
31287 844 6058 78 25229 25151 612
31289 2852 13484 69 17805 17736 1484
31375 926 3798 219 27577 27358 349
31455 6011 22920 15 8535 8520 2515
31486 5052 25470 10 6016 6006 2834
31500 303 7351 147 24149 24002 765
31513 9629 8986 131 22527 22396 937
31530 5405 28351 4 3179 3175 3175
31587 1568 28402 4 3185 3181 3181
31593 6920 15113 32 16480 16448 1693
31607 6627 6071 147 25536 25389 612
31618 3532 20729 18 10889 10871 2273
31629 5528 10025 59 21604 21545 1048
31634 3182 25573 9 6061 6052 2864
31689 1991 15167 34 16522 16488 1702
31697 2572 4232 173 27465 27292 390
31740 7740 25668 7 6072 6065 2862
31790 3241 20840 20 10950 10930 2286
31825 5497 5088 123 26737 26614 493
31838 966 13708 40 18130 18090 1505
31868 9699 23199 12 8669 8657 2575
31909 925 5080 145 26829 26684 489
31931 5314 25828 8 6103 6095 2882
31954 2804 25844 7 6110 6103 2886
31974 6828 13764 38 18210 18172 1508
32073 748 11231 47 20842 20795 1214
32179 7916 26025 6 6154 6148 2905
32192 8076 13862 37 18330 18293 1523
32218 8312 2689 245 29529 29284 253
32256 8294 23456 32 8800 8768 2612
32293 8958 6807 158 25486 25328 703
32472 5366 12599 72 19873 19801 1364
32484 1405 4686 187 27798 27611 434
32574 2577 6238 152 26336 26184 629
32607 5540 21371 20 11236 11216 2343
32611 9283 8434 100 24177 24077 881
32618 9412 5700 129 26918 26789 557
32693 4199 8459 104 24234 24130 886
32705 8410 2773 171 29932 29761 259
32719 2679 17400 40 15319 15279 1927
32845 8000 11511 49 21334 21285 1245
32888 1875 6306 145 26582 26437 648
32919 8988 26618 8 6301 6293 2976
32930 981 29607 5 3323 3318 3318
32958 217 23942 57 9016 8959 2659
33205 5470 29872 4 3333 3329 3329
33220 7656 29882 5 3338 3333 3333
33286 7213 14338 54 18948 18894 1580
33304 3899 24237 11 9067 9056 2699
33319 1810 19704 27 13615 13588 2121
33437 6868 24330 31 9107 9076 2704
33465 8024 11742 49 21723 21674 1264
33517 1800 13027 45 20490 20445 1420
33550 7581 6422 151 27128 26977 654
33557 8283 14464 45 19093 19048 1596
33568 253 16044 93 17524 17431 1799
33622 9968 24480 12 9142 9130 2718
33627 596 14498 38 19129 19091 1604
33637 6610 19889 23 13748 13725 2154
33661 6928 8737 67 24924 24857 903
33676 7102 24514 11 9162 9151 2728
33738 4111 14547 39 19191 19152 1606
33798 5269 27347 6 6451 6445 3048
33820 3226 8787 72 25033 24961 906
33826 2198 10678 113 23148 23035 1134
33853 7545 2843 217 31010 30793 261
33958 2821 4914 141 29044 28903 467
33979 4878 9733 85 24246 24161 1016
34005 5378 11931 59 22074 22015 1297
34021 9808 13237 64 20784 20720 1446
34047 213 30628 2 3419 3417 3417
34048 8486 24801 15 9247 9232 2742
34075 7649 30650 3 3425 3422 3422
34089 9681 24832 14 9257 9243 2742
34092 832 24832 14 9260 9246 2746
34155 1323 4135 187 30020 29833 378
34219 2331 13307 41 20912 20871 1468
34270 1780 14801 36 19469 19433 1637
34274 3484 12002 67 22272 22205 1303
34301 6346 10842 71 23459 23388 1163
34350 1141 20309 22 14041 14019 2203
34400 6971 13367 42 21033 20991 1475
34408 108 2164 208 32244 32036 206
34416 4016 14855 40 19561 19521 1655
34510 5842 10868 133 23642 23509 1165
34540 20 4991 97 29549 29452 480
34707 692 16632 36 18075 18039 1838
34721 4487 8115 83 26606 26523 848
34740 3063 31261 2 3479 3477 3477
34943 8511 5041 107 29902 29795 484
34989 8286 13571 43 21418 21375 1497
35011 5264 9977 111 25034 24923 1039
35046 2517 25496 14 9550 9536 2845
35078 4508 15105 36 19973 19937 1690
35082 4771 7412 114 27670 27556 770
35117 578 6083 137 29034 28897 614
35157 7410 8194 113 26963 26850 858
35215 7088 20784 25 14431 14406 2271
35223 7137 28499 7 6724 6717 3195
35312 8838 11100 74 24212 24138 1196
35400 7107 11147 69 24253 24184 1199
35426 5899 25787 11 9639 9628 2875
35484 889 10098 97 25386 25289 1055
35493 5490 16989 33 18504 18471 1875
35524 6511 20916 71 14608 14537 2307
35526 7006 17001 31 18525 18494 1875
35571 4432 18895 48 16676 16628 2060
35669 5088 11229 78 24440 24362 1210
35718 4896 11250 59 24468 24409 1219
35733 5600 10182 90 25551 25461 1055
35807 991 15396 46 20411 20365 1733
35855 5954 12526 50 23329 23279 1362
35860 7744 4292 178 31568 31390 396
35884 5884 4696 143 31188 31045 437
35888 9965 2704 234 33184 32950 253
36068 3421 21231 66 14837 14771 2325
36105 429 32491 4 3614 3610 3610
36108 7020 23625 37 12483 12446 2630
36143 5183 29242 8 6901 6893 3279
36211 1386 4725 165 31486 31321 448
36221 3743 29307 8 6914 6906 3291
36445 5846 6950 115 29495 29380 725
36469 6538 12749 50 23720 23670 1376
36497 4399 26560 11 9937 9926 2963
36501 3185 17451 79 19050 18971 1932
36657 4285 32994 3 3663 3660 3660
36707 7205 24043 19 12664 12645 2667
36718 5576 4773 200 31945 31745 450
36725 7204 4359 187 32366 32179 400
36743 1989 17586 88 19157 19069 1937
36856 2259 4387 181 32469 32288 413
36857 2612 9490 120 27367 27247 986
36871 360 21753 22 15118 15096 2387
36950 7573 33250 2 3700 3698 3698
36952 5401 10516 86 26436 26350 1109
37023 7367 24243 16 12780 12764 2699
37040 6278 15942 52 21098 21046 1791
37098 6046 5806 129 31292 31163 585
37178 8457 10605 75 26573 26498 1119
37233 4749 27109 11 10124 10113 3027
37304 5679 33573 2 3731 3729 3729
37511 7993 3089 254 34422 34168 287
37541 6941 14569 41 22972 22931 1605
37549 1730 19984 26 17565 17539 2152
37573 7319 18007 32 19566 19534 1988
37630 8546 33869 4 3761 3757 3757
37702 6974 6534 80 31168 31088 678
37710 3970 7947 149 29763 29614 835
37769 4226 2596 246 35173 34927 252
37791 7516 8820 104 28971 28867 915
37806 866 18160 31 19646 19615 1987
37878 9285 5398 185 32480 32295 524
37940 9465 6561 129 31379 31250 675
37950 3738 16406 39 21544 21505 1811
37953 1869 34173 3 3780 3777 3777
38029 3109 22415 67 15614 15547 2474
38175 8883 25049 16 13126 13110 2774
38318 8180 13374 91 24944 24853 1475
38320 9700 34493 1 3827 3826 3826
38405 4923 12080 72 26325 26253 1325
38415 7112 31108 9 7307 7298 3458
38456 2507 22689 26 15767 15741 2507
38494 9686 5992 197 32502 32305 604
38563 2490 22704 78 15859 15781 2511
38822 2477 20623 28 18199 18171 2266
38950 7238 20669 45 18281 18236 2265
39025 7312 35107 3 3918 3915 3915
39058 3866 16787 103 22271 22168 1861
39071 9504 15122 71 23949 23878 1693
39072 3455 35155 2 3917 3915 3915
39123 8419 7428 114 31695 31581 774
39233 9468 2212 182 37021 36839 218
39337 4186 16943 40 22394 22354 1867
39366 9888 35424 1 3942 3941 3941
39418 103 13722 66 25696 25630 1507
39497 6183 10102 138 29395 29257 1059
39521 5205 18907 31 20614 20583 2064
39523 607 35571 1 3952 3951 3951
39533 5175 9173 77 30360 30283 959
39627 7725 32093 9 7534 7525 3567
39700 5065 28901 11 10799 10788 3239
39710 2593 23368 72 16342 16270 2595
39724 8598 26015 19 13709 13690 2903
39764 8027 5122 130 34642 34512 495
39813 6581 35826 4 3987 3983 3983
39829 466 26077 17 13752 13735 2912
39849 1025 4675 192 35174 34982 434
39860 595 4672 185 35188 35003 433
39896 9394 26087 64 13809 13745 2915
39900 9071 13908 49 25992 25943 1526
39997 9006 19135 31 20862 20831 2081
40003 6541 19117 66 20886 20820 2079
40040 8378 36025 3 4015 4012 4012
40143 8878 26284 18 13859 13841 2934
40207 5705 13989 85 26218 26133 1533
40222 9714 17322 42 22900 22858 1915
40256 2276 3294 255 36962 36707 298
40324 9725 15612 39 24712 24673 1749
40490 5908 10356 132 30134 30002 1088
40542 7998 21502 26 19040 19014 2357
40600 8461 23910 25 16690 16665 2657
40610 3774 7714 100 32896 32796 815
40646 5383 4363 161 36283 36122 402
40823 9709 8561 145 32262 32117 889
40839 6611 4749 228 36090 35862 450
40859 9253 15814 84 25045 24961 1772
40993 3489 2283 260 38710 38450 230
41099 2328 24184 52 16915 16863 2688
41135 3734 19690 33 21445 21412 2120
41193 594 21861 27 19332 19305 2402
41219 7086 26992 18 14227 14209 3016
41340 2422 24357 21 16983 16962 2705
41471 6657 14456 81 27015 26934 1596
41487 2443 19868 32 21619 21587 2146
41492 2561 19826 94 21666 21572 2143
41543 7622 7879 110 33664 33554 834
41549 1566 33615 33 7934 7901 3732
41619 29 9651 80 31968 31888 1004
41655 9373 22087 28 19568 19540 2446
41662 9098 14518 74 27144 27070 1602
41679 3589 37490 2 4189 4187 4187
41687 3011 10680 70 31007 30937 1138
41696 9534 7857 186 33839 33653 830
41736 2980 27302 58 14434 14376 3045
41771 1471 24623 24 17148 17124 2737
41830 8390 33863 9 7967 7958 3757
41874 5524 3110 252 38764 38512 289
41896 6360 27430 37 14466 14429 3053
41921 4654 13185 73 28736 28663 1438
41957 2005 13190 108 28767 28659 1440
41963 3745 33979 6 7984 7978 3764
41965 7929 10760 81 31205 31124 1152
42010 9162 16293 86 25717 25631 1798
42022 9749 14677 82 27345 27263 1621
42124 8444 20194 33 21930 21897 2169
42169 3890 30716 11 11453 11442 3428
42202 2353 10816 80 31386 31306 1165
42225 6741 4127 154 38098 37944 373
42293 697 34242 10 8051 8041 3788
42494 6088 38219 2 4275 4273 4273
42524 1624 12044 93 30480 30387 1312
42566 4952 1636 236 40930 40694 151
42743 4861 28004 16 14739 14723 3122
42765 6789 27995 52 14770 14718 3115
42828 3328 1793 287 41035 40748 161
42856 3244 31210 14 11646 11632 3469
42865 5870 34694 7 8171 8164 3856
42901 7282 20502 49 22399 22350 2245
42950 8962 14989 49 27961 27912 1672
42956 996 14990 46 27966 27920 1672
43063 7343 20567 50 22496 22446 2257
43146 2692 20591 52 22555 22503 2258
43157 4763 1074 281 42083 41802 79
43203 3168 6705 96 36498 36402 685
43216 1100 38855 2 4361 4359 4359
43273 4873 31484 14 11789 11775 3506
43308 1133 3195 215 40113 39898 301
43346 5136 25505 22 17841 17819 2848
43364 1971 2929 202 40435 40233 274
43429 1906 39044 2 4385 4383 4383
43439 6651 28419 19 15020 15001 3181
43508 7562 28466 16 15042 15026 3189
43557 4132 15167 50 28390 28340 1700
43615 6831 35276 8 8339 8331 3919
43620 1275 28532 16 15088 15072 3200
43640 5785 15145 114 28495 28381 1697
43739 2908 28609 19 15130 15111 3202
43765 5200 7458 112 36307 36195 783
43839 8677 18836 72 25003 24931 2053
43876 1424 25825 23 18051 18028 2879
43896 2213 23248 27 20648 20621 2586
43930 3597 28753 17 15177 15160 3216
43939 7805 39496 2 4443 4441 4441
44053 3546 7495 134 36558 36424 785
44111 4843 18972 36 25139 25103 2071
44121 6323 21024 76 23097 23021 2314
44124 3739 32116 14 12008 11994 3570
44168 6785 6774 192 37394 37202 701
44180 9799 12471 83 31709 31626 1348
44192 6194 13855 52 30337 30285 1521
44245 1845 28960 19 15285 15266 3241
44380 8535 10215 118 34165 34047 1064
44503 1798 4703 190 39800 39610 437
44549 6685 19153 36 25396 25360 2087
44559 2632 17257 41 27302 27261 1902
44582 2504 26176 94 18406 18312 2926
44586 6709 40083 3 4503 4500 4500
44711 434 19236 37 25475 25438 2096
44779 2558 26341 25 18438 18413 2937
44806 9582 15594 46 29212 29166 1745
44885 7291 32664 13 12221 12208 3628
44910 2727 17349 86 27561 27475 1918
44968 5280 36358 8 8610 8602 4060
45082 8483 36451 6 8631 8625 4066
45110 2311 36452 30 8658 8628 4069
45187 9390 32870 14 12317 12303 3648
45205 5396 6299 192 38906 38714 643
45262 8738 36586 10 8676 8666 4091
45304 4347 15760 50 29544 29494 1772
45331 3409 21602 44 23729 23685 2365
45340 3298 36642 6 8698 8692 4110
45384 8177 15756 102 29628 29526 1769
45390 9704 36678 10 8712 8702 4115
45444 829 5739 192 39705 39513 572
45522 30 40915 1 4607 4606 4606
45563 3147 7758 147 37805 37658 823
45629 5209 3684 152 41945 41793 343
45648 2500 11622 105 34026 33921 1258
45651 686 12878 132 32773 32641 1390
45687 9543 8622 95 37065 36970 890
45751 2968 9540 81 36211 36130 992
45780 4699 10540 84 35240 35156 1115
45788 7206 15933 66 29855 29789 1788
45808 9939 10541 116 35267 35151 1115
45832 2372 33336 13 12496 12483 3700
45839 823 41194 1 4645 4644 4644
45896 6392 3665 214 42231 42017 345
45919 2267 17785 48 28134 28086 1958
45980 6598 17819 45 28161 28116 1962
45984 7301 11687 131 34297 34166 1264
46116 9674 3714 158 42402 42244 344
46169 6209 13035 104 33134 33030 1422
46253 2674 17913 55 28340 28285 1975
46270 5986 37417 6 8853 8847 4176
46405 6453 3382 238 43023 42785 305
46476 4570 37583 9 8893 8884 4190
46537 2091 11826 143 34711 34568 1280
46539 3841 7927 181 38612 38431 831
46539 4712 20029 37 26510 26473 2157
46545 305 41842 5 4703 4698 4698
46715 3236 9728 119 36987 36868 1014
46819 9983 20179 37 26640 26603 2169
46820 2206 13240 100 33580 33480 1451
46853 3271 34101 11 12752 12741 3767
46939 5367 34172 11 12767 12756 3775
46967 7009 13299 61 33668 33607 1464
47003 7520 14761 87 32242 32155 1636
47049 24 22422 63 24627 24564 2482
47049 4723 27700 31 19349 19318 3097
47058 1841 11929 214 35129 34915 1297
47060 241 20251 73 26809 26736 2179
47108 4867 24956 49 22152 22103 2764
47111 9920 4951 149 42160 42011 466
47121 6943 24952 53 22169 22116 2765
47155 8977 34324 15 12831 12816 3796
47225 1441 38179 9 9046 9037 4261
47228 8941 34375 14 12853 12839 3799
47307 4090 27843 54 19464 19410 3103
47320 8420 8058 109 39262 39153 840
47323 2100 4966 176 42357 42181 471
47356 3049 18364 44 28992 28948 2005
47370 3324 14832 118 32538 32420 1648
47378 739 16518 90 30860 30770 1822
47383 6551 42595 3 4788 4785 4785
47415 43 22585 71 24830 24759 2502
47449 6037 20422 40 27027 26987 2217
47473 2630 20411 67 27062 26995 2216
47511 8777 22669 35 24842 24807 2504
47674 9217 6031 135 41643 41508 612
47691 2822 6013 158 41678 41520 607
47715 7314 5487 141 42228 42087 537
47715 5518 42886 5 4829 4824 4824
47733 7214 25290 29 22443 22414 2811
47739 7901 31227 46 16512 16466 3473
47791 655 34740 52 13051 12999 3857
47869 343 31290 68 16579 16511 3484
47947 4032 7369 130 40578 40448 771
47985 1115 25390 41 22595 22554 2825
48065 1550 15033 84 33032 32948 1688
48072 1915 28269 22 19803 19781 3164
48110 1288 18622 45 29488 29443 2020
48142 1241 3520 192 44622 44430 319
48156 1238 11034 115 37122 37007 1187
48160 8983 22944 31 25216 25185 2530
48190 5666 25495 26 22695 22669 2845
48299 3112 25540 28 22759 22731 2860
48366 3870 25582 30 22784 22754 2865
48384 4777 23040 31 25344 25313 2545
48389 9405 12274 108 36115 36007 1337
48421 3087 10022 124 38399 38275 1048
48456 9091 15164 72 33292 33220 1697
48462 3731 28467 69 19995 19926 3192
48474 1113 43582 4 4892 4888 4888
48513 7779 39203 7 9310 9303 4413
48518 573 43628 1 4890 4889 4889
48527 3965 20807 60 27720 27660 2275
48537 6571 5054 247 43483 43236 486
48600 2387 20828 48 27772 27724 2284
48648 1879 20834 73 27814 27741 2289
48655 8769 2197 297 46458 46161 215
48696 9431 43788 2 4908 4906 4906
48735 1136 11145 101 37590 37489 1199
48751 9894 7455 159 41296 41137 777
48781 5413 9132 154 39649 39495 948
48890 4962 31994 20 16896 16876 3552
48891 634 25876 32 23015 22983 2885
48915 3702 9163 110 39752 39642 955
48990 3117 6116 231 42874 42643 615
49007 7408 2685 335 46322 45987 252
49011 4653 12410 115 36601 36486 1345
49112 7737 4270 188 44842 44654 389
49124 1240 39695 10 9429 9419 4460
49132 4718 18950 103 30182 30079 2067
49174 2521 15339 126 33835 33709 1730
49192 7689 17078 131 32114 31983 1882
49255 751 28977 27 20278 20251 3243
49262 4078 39817 6 9445 9439 4472
49271 6668 35827 13 13444 13431 3988
49375 1463 23481 65 25894 25829 2616
49459 2158 1295 303 48164 47861 118
49500 5792 40012 7 9488 9481 4492
49511 4458 40023 6 9488 9482 4494
49532 7225 32411 19 17121 17102 3606
49612 7416 29186 24 20426 20402 3269
49678 445 36127 11 13551 13540 4025
49836 4698 23735 32 26101 26069 2632
49840 8345 44820 5 5020 5015 5015
49850 7870 26344 75 23506 23431 2940
49928 9000 23743 65 26185 26120 2635
49932 3780 36312 15 13620 13605 4050
49934 9422 40373 10 9561 9551 4532
49994 1640 29397 35 20597 20562 3300
50044 9901 15651 63 34393 34330 1758
50055 3778 23774 103 26281 26178 2643
50081 7572 26496 29 23585 23556 2961
50081 3664 45051 1 5030 5029 5029
50106 4410 9399 74 40707 40633 982
50234 4000 6308 141 43926 43785 649
50334 3763 14148 126 36186 36060 1546
50371 7272 14136 135 36235 36100 1550
50397 38 2527 264 47870 47606 256
50426 2555 26673 34 23753 23719 2983
50460 6582 5183 260 45277 45017 501
50514 4958 21679 38 28835 28797 2377
50537 3571 7746 181 42791 42610 821
50599 5910 6377 129 44222 44093 654
50640 367 17652 49 32988 32939 1941
50715 613 14302 77 36413 36336 1574
50773 7097 5281 175 45492 45317 508
50791 693 24185 32 26606 26574 2690
50848 256 19660 68 31188 31120 2120
50964 3805 30012 26 20952 20926 3343
50985 2872 37088 15 13897 13882 4139
50987 1722 4785 231 46202 45971 455
50991 3059 4821 154 46170 46016 454
50993 6958 19712 85 31281 31196 2125
51015 9163 6404 137 44611 44474 653
51187 2365 14449 65 36738 36673 1592
51230 948 17868 48 33362 33314 1966
51276 1451 14449 120 36827 36707 1593
51416 475 5833 204 45583 45379 588
51418 4328 37397 42 14021 13979 4170
51422 285 41605 10 9817 9807 4668
51475 2988 27269 29 24206 24177 3038
51559 544 27286 68 24273 24205 3042
51560 5643 41713 10 9847 9837 4680
51587 7635 2097 243 49490 49247 208
51708 7322 13158 66 38550 38484 1437
51798 3084 37684 13 14114 14101 4210
51847 5795 37718 13 14129 14116 4214
51872 7355 41962 7 9910 9903 4710
51921 1468 14650 133 37271 37138 1620
51991 5938 13208 159 38783 38624 1445
52069 1684 7224 214 44845 44631 745
52084 9456 22371 38 29713 29675 2468
52125 270 27616 27 24509 24482 3087
52149 4002 42179 7 9970 9963 4742
52199 591 14761 78 37438 37360 1637
52264 1265 6546 183 45718 45535 673
52285 1427 42304 7 9981 9974 4746
52286 1544 7218 181 45068 44887 745
52403 1292 8873 140 43530 43390 920
52421 5408 20300 45 32121 32076 2200
52476 6444 5448 169 47028 46859 531
52609 5483 25095 33 27514 27481 2784
52664 8912 34496 20 18168 18148 3825
52735 4402 34541 17 18194 18177 3833
52803 4341 10905 114 41898 41784 1167
52838 4315 4166 176 48672 48496 386
52840 310 47573 1 5267 5266 5266
52905 1003 42804 8 10101 10093 4817
52910 2056 34647 19 18263 18244 3848
52993 1052 20475 89 32518 32429 2242
53065 2110 25275 67 27790 27723 2812
53088 7091 42971 9 10117 10108 4832
53103 728 14973 102 38130 38028 1670
53119 464 38671 14 14448 14434 4319
53136 7837 43001 21 10135 10114 4834
53159 7263 34787 63 18372 18309 3873
53208 7038 9946 114 43262 43148 1037
53414 6393 34936 49 18478 18429 3898
53432 5519 48109 3 5323 5320 5320
53461 1781 43270 10 10191 10181 4857
53476 8055 38885 43 14591 14548 4363
53540 3994 31538 25 22002 21977 3511
53686 417 18694 47 34992 34945 2032
53784 6820 25563 113 28221 28108 2863
53824 7814 6735 138 47089 46951 692
53853 1246 23077 40 30776 30736 2563
53880 238 18756 64 35124 35060 2041
53884 8285 10054 88 43830 43742 1053
54016 700 9109 117 44907 44790 949
54061 4252 23156 73 30905 30832 2572
54081 2914 23182 38 30899 30861 2575
54100 5025 43801 7 10299 10292 4907
54159 1310 20900 74 33259 33185 2296
54207 7840 13673 178 40534 40356 1505
54227 9578 20939 41 33288 33247 2307
54273 4254 16987 83 37286 37203 1871
54277 31 5102 133 49175 49042 493
54310 7058 2427 296 51883 51587 247
54314 7849 35565 17 18749 18732 3946
54315 3265 4639 223 49676 49453 425
54377 5783 25890 58 28487 28429 2889
54427 8936 21009 75 33418 33343 2310
54444 7499 28863 29 25581 25552 3225
54531 6578 39656 58 14875 14817 4456
54562 9485 8305 170 46257 46087 863
54700 4456 12511 81 42189 42108 1356
54852 1418 29062 28 25790 25762 3260
54877 9809 12541 102 42336 42234 1362
54954 4933 17219 95 37735 37640 1894
55023 8994 23605 37 31418 31381 2623
55067 3752 6859 152 48208 48056 708
55101 529 10253 142 44848 44706 1074
55165 5191 23674 38 31491 31453 2625
55167 2978 9281 151 45886 45735 972
55223 3747 26328 33 28895 28862 2934
55238 6007 40222 15 15016 15001 4520
55254 3848 10249 214 45005 44791 1075
55286 3547 29296 30 25990 25960 3291
55287 7346 21345 71 33942 33871 2336
55361 939 4721 197 50640 50443 443
55376 5123 36287 16 19089 19073 4049
55387 4954 1564 247 53823 53576 140
55398 4239 10322 130 45076 44946 1086
55404 3274 23762 39 31642 31603 2639
55435 5428 36330 16 19105 19089 4055
55469 8737 19323 56 36146 36090 2098
55472 6841 29404 28 26068 26040 3302
55473 6389 14088 70 41385 41315 1542
55549 165 40477 13 15072 15059 4551
55561 8459 5717 129 49844 49715 565
55641 818 17405 125 38236 38111 1927
55674 3230 19396 61 36278 36217 2098
55703 5076 29523 27 26180 26153 3316
55745 5491 21543 43 34202 34159 2364
55794 767 50278 3 5516 5513 5513
55909 5719 50383 2 5526 5524 5524
55936 9159 32980 25 22956 22931 3654
55976 8220 23968 86 32008 31922 2664
55998 8621 14236 72 41762 41690 1559
56007 5669 36689 20 19318 19298 4116
56029 541 50488 3 5541 5538 5538
56055 7798 6996 156 49059 48903 727
56179 8322 40931 14 15248 15234 4610
56238 944 21739 40 34499 34459 2382
56253 5898 24131 37 32122 32085 2681
56348 9505 14311 78 42037 41959 1577
56379 2621 36907 57 19472 19415 4127
56407 6608 9527 98 46880 46782 994
56480 6736 45795 9 10685 10676 5084
56482 5707 37017 16 19465 19449 4139
56528 5651 26970 32 29558 29526 3013
56552 7113 21864 41 34688 34647 2403
56694 1413 51083 2 5611 5609 5609
56700 8711 33411 62 23289 23227 3712
56914 7053 4846 165 52068 51903 453
56947 8626 24433 73 32514 32441 2709
56960 6270 10626 130 46334 46204 1128
57021 1402 27203 46 29818 29772 3029
57049 7510 14468 109 42581 42472 1599
57102 6827 10651 113 46451 46338 1132
57124 6325 22081 44 35043 34999 2443
57142 2954 3113 214 54029 53815 292
57200 5853 33751 22 23449 23427 3748
57275 1110 46447 8 10828 10820 5159
57396 630 33863 24 23533 23509 3754
57415 9643 37641 20 19774 19754 4201
57443 2734 22203 44 35240 35196 2462
57455 2823 13153 109 44302 44193 1431
57457 1311 46593 6 10864 10858 5179
57491 6902 30510 27 26981 26954 3404
57509 4168 13178 103 44331 44228 1438
57529 1490 51846 5 5683 5678 5678
57534 34 30521 48 27013 26965 3401
57551 9312 22267 44 35284 35240 2461
57567 4603 27452 82 30115 30033 3055
57625 7765 24756 49 32869 32820 2739
57639 6160 37785 19 19854 19835 4226
57679 6700 27543 35 30136 30101 3069
57701 8584 24802 36 32899 32863 2742
57728 4516 22337 48 35391 35343 2467
57740 8171 24797 82 32943 32861 2740
57770 9917 34097 25 23673 23648 3769
57772 6150 16369 75 41403 41328 1807
57786 4422 14731 83 43055 42972 1629
57837 3227 24858 37 32979 32942 2746
57839 9847 42158 15 15681 15666 4738
57905 3969 13274 112 44631 44519 1456
57911 3016 52180 2 5731 5729 5729
58013 3609 20241 78 37772 37694 2177
58026 1262 11940 175 46086 45911 1297
58028 4729 47053 6 10975 10969 5228
58066 5073 47035 54 11031 10977 5228
58133 6024 22420 126 35713 35587 2479
58140 100 42366 13 15774 15761 4760
58156 9748 24992 36 33164 33128 2769
58156 7862 10797 204 47359 47155 1161
58205 6459 34326 57 23879 23822 3800
58245 9570 30922 27 27323 27296 3437
58289 6448 16501 79 41788 41709 1818
58327 5980 38219 36 20108 20072 4270
58385 6642 34454 24 23931 23907 3817
58442 9841 38317 17 20125 20108 4276
58452 8443 38322 20 20130 20110 4276
58485 7496 27866 138 30619 30481 3106
58490 8195 38347 16 20143 20127 4280
58581 968 6620 150 51961 51811 676
58631 1302 20426 89 38205 38116 2221
58658 2321 47576 6 11082 11076 5266
58688 1521 13438 88 45250 45162 1477
58699 1064 20458 64 38241 38177 2229
58720 7938 25225 43 33495 33452 2803
58733 9632 7341 98 51392 51294 758
58776 2562 31199 30 27577 27547 3465
58784 4198 52961 2 5823 5821 5821
58823 7409 2159 285 56664 56379 210
58892 7784 9921 115 48971 48856 1036
58922 1559 8974 129 49948 49819 938
59024 9696 1159 342 57865 57523 95
59044 9132 8952 199 50092 49893 936
59066 8607 47920 9 11146 11137 5286
59106 9161 38762 33 20344 20311 4334
59115 9903 38778 16 20337 20321 4339
59156 6094 16716 78 42440 42362 1843
59199 7809 38827 20 20372 20352 4347
59264 2199 38854 19 20410 20391 4355
59286 409 53408 2 5878 5876 5876
59295 6795 28265 67 31030 30963 3162
59297 9120 53415 5 5882 5877 5877
59306 6281 25445 39 33861 33822 2832
59354 9099 34993 24 24361 24337 3905
59451 3821 25488 64 33963 33899 2841
59531 7850 35093 24 24438 24414 3914
59675 7815 3882 179 55793 55614 356
59783 8153 1835 210 57948 57738 169
59797 1089 28529 33 31268 31235 3195
59874 2656 975 360 58899 58539 73
59894 2754 53954 3 5940 5937 5937
59895 6000 18767 66 41128 41062 2048
59909 870 23113 41 36796 36755 2572
59914 6099 43683 18 16231 16213 4896
59922 7401 3875 216 56047 55831 355
60120 1576 48778 9 11342 11333 5382
60126 3080 31912 28 28214 28186 3545
60224 8335 5085 222 55139 54917 493
60278 4240 43966 15 16312 16297 4941
60352 4741 39566 19 20786 20767 4455
60493 4089 13805 147 46688 46541 1515
60583 9001 54571 3 6012 6009 6009
60614 9333 28948 34 31666 31632 3236
60679 4118 26018 88 34661 34573 2906
60692 1184 54673 1 6019 6018 6018
60799 609 26100 40 34699 34659 2912
60825 3806 49345 9 11480 11471 5425
60835 1864 35872 31 24963 24932 3995
60871 39 19092 55 41779 41724 2076
60893 4900 12514 120 48379 48259 1356
60894 1507 29057 34 31837 31803 3259
61020 9092 17236 55 43784 43729 1901
61054 240 23575 42 37479 37437 2623
61139 5235 29127 107 32012 31905 3267
61144 9665 8376 157 52768 52611 873
61177 1498 49629 10 11548 11538 5450
61189 9741 36075 53 25114 25061 4023
61226 9777 40142 16 21084 21068 4515
61234 3418 17262 100 43972 43872 1904
61275 7130 49715 10 11560 11550 5459
61278 6597 49719 7 11559 11552 5461
61317 280 21344 62 39973 39911 2334
61341 5839 32564 29 28777 28748 3614
61368 7882 17326 59 44042 43983 1917
61393 9792 29293 33 32100 32067 3290
61423 4383 32624 29 28799 28770 3616
61467 3978 19265 98 42202 42104 2097
61478 8015 11444 84 50034 49950 1237
61498 9645 23760 43 37738 37695 2635
61512 9540 10345 123 51167 51044 1087
61533 1456 5701 160 55832 55672 561
61570 448 32680 67 28890 28823 3631
61574 3434 32707 26 28867 28841 3631
61574 3402 17385 92 44189 44097 1918
61574 8902 21419 68 40155 40087 2345
61577 9548 5712 178 55865 55687 560
61582 5936 8452 160 53130 52970 887
61620 7767 8479 172 53141 52969 886
61646 9299 26476 40 35170 35130 2961
61752 1457 23844 83 37908 37825 2651
61786 5250 50155 7 11631 11624 5496
61787 6772 40526 49 21261 21212 4555
61811 8123 32803 59 29008 28949 3640
61815 637 45133 14 16682 16668 5039
61885 2358 5723 177 56162 55985 569
62081 4854 14170 142 47911 47769 1551
62098 7766 55938 4 6160 6156 6156
62158 4732 26689 43 35469 35426 2985
62183 6485 10460 147 51723 51576 1099
62280 7211 5780 133 56500 56367 577
62302 5128 33070 60 29232 29172 3663
62366 3426 21711 46 40655 40609 2381
62389 6930 36787 68 25602 25534 4118
62472 6898 21748 47 40724 40677 2385
62528 4303 19599 134 42929 42795 2109
62594 5246 26891 39 35703 35664 3007
62760 2559 56540 4 6220 6216 6216
62825 3364 14363 118 48462 48344 1579
62864 8359 56636 2 6228 6226 6226
62884 115 9587 98 53297 53199 1001
62900 4618 51051 8 11849 11841 5607
62913 902 1914 234 60999 60765 179
62933 3105 11717 112 51216 51104 1263
62947 1055 24308 94 38639 38545 2702
62952 2417 56709 4 6243 6239 6239
62973 3565 51109 6 11864 11858 5617
62987 8164 2084 268 60903 60635 206
63002 8049 19764 96 43238 43142 2135
63083 556 56834 1 6249 6248 6248
63107 4151 46091 12 17016 17004 5115
63123 8045 37265 23 25858 25835 4162
63205 8543 56945 3 6260 6257 6257
63238 1082 10639 107 52599 52492 1131
63263 1138 33613 36 29650 29614 3733
63315 7476 3385 264 59930 59666 307
63364 4686 9578 219 53786 53567 1002
63376 8654 30291 41 33085 33044 3379
63377 3374 8700 190 54677 54487 899
63514 9500 24572 43 38942 38899 2730
63569 5743 41743 18 21826 21808 4692
63584 993 17973 82 45611 45529 1984
63611 6188 41770 18 21841 21823 4695
63642 3089 4881 202 58761 58559 464
63710 5875 37596 53 26114 26061 4195
63754 5151 5379 185 58375 58190 520
63812 292 9693 184 54119 53935 1005
63842 4540 11898 80 51944 51864 1290
63888 961 14630 117 49258 49141 1616
63895 3139 57558 5 6337 6332 6332
63924 8808 51889 9 12035 12026 5691
63989 2327 57639 2 6350 6348 6348
64014 1582 37803 23 26211 26188 4226
64030 8163 30620 32 33410 33378 3416
64064 158 5404 173 58660 58487 525
64069 6947 52008 9 12061 12052 5700
64075 4353 52011 10 12064 12054 5701
64093 8125 52029 10 12064 12054 5701
64131 5944 46856 11 17275 17264 5204
64158 6995 42135 18 22023 22005 4738
64174 7072 20164 112 44010 43898 2164
64275 7742 6550 159 57725 57566 673
64351 7745 42261 16 22090 22074 4743
64418 2803 24950 44 39468 39424 2762
64426 6490 18223 137 46203 46066 1989
64443 4597 34236 78 30207 30129 3785
64534 8525 24961 83 39573 39490 2769
64555 7646 47156 13 17399 17386 5235
64559 4266 9805 147 54754 54607 1021
64631 6962 20317 59 44314 44255 2201
64736 6447 47294 14 17442 17428 5246
64745 4892 12038 123 52707 52584 1307
64764 7348 47292 41 17472 17431 5248
64792 3515 4143 285 60649 60364 381
64863 1787 7277 159 57586 57427 757
64888 2251 25077 110 39811 39701 2779
64917 1752 47428 15 17489 17474 5258
64925 1528 22628 48 42297 42249 2505
64934 7270 31060 34 33874 33840 3452
64978 8326 58542 1 6436 6435 6435
64997 5638 14913 90 50084 49994 1664
65032 439 34571 28 30461 30433 3839
65044 7531 10896 177 54148 53971 1164
65075 3835 9883 94 55192 55098 1034
65149 4682 58700 1 6449 6448 6448
65283 3786 10946 91 54337 54246 1180
65314 3692 53004 7 12310 12303 5826
65317 9978 20453 125 44864 44739 2227
65426 3709 22772 112 42654 42542 2518
65434 2034 20504 104 44930 44826 2249
65463 6667 28145 77 37318 37241 3136
65487 6482 53155 8 12332 12324 5843
65587 5086 4989 239 60598 60359 477
65670 4202 12186 108 53484 53376 1337
65817 1635 18608 71 47209 47138 2022
65828 9190 34972 27 30856 30829 3899
65834 8191 53437 6 12397 12391 5879
65839 277 31463 33 34376 34343 3505
65851 7654 13538 148 52313 52165 1487
65867 3116 48136 13 17731 17718 5323
65925 9592 59416 3 6509 6506 6506
65932 4901 35034 29 30898 30869 3908
65940 1495 13578 103 52362 52259 1498
65964 8262 20655 122 45309 45187 2267
66041 1626 2409 227 63632 63405 247
66058 716 11061 107 54997 54890 1189
66108 3 23003 52 43105 43053 2542
66125 4742 23006 49 43119 43070 2545
66147 6165 22988 101 43159 43058 2539
66151 6074 43468 20 22683 22663 4874
66199 9774 35173 42 31026 30984 3917
66304 7199 15157 103 51147 51044 1697
66321 6595 48473 14 17848 17834 5361
66460 1381 43655 49 22805 22756 4893
66555 9196 20857 65 45698 45633 2291
66575 5934 35385 26 31190 31164 3940
66601 3990 15214 95 51387 51292 1711
66710 6878 13709 134 53001 52867 1507
66715 1448 60122 3 6593 6590 6590
66728 8930 60131 5 6597 6592 6592
66773 3131 31946 33 34827 34794 3545
66788 3816 25841 43 40947 40904 2884
66873 7717 11200 91 55673 55582 1204
66967 9860 32037 35 34930 34895 3552
66983 7565 39562 24 27421 27397 4452
67048 877 15329 78 51719 51641 1728
67065 9044 8256 258 58809 58551 862
67088 8355 32105 33 34983 34950 3568
67108 7218 18952 96 48156 48060 2068
67221 4627 13808 140 53413 53273 1516
67327 1274 39782 24 27545 27521 4470
67385 7463 49264 14 18121 18107 5415
67388 1998 19029 98 48359 48261 2070
67397 4875 2237 269 65160 64891 222
67454 9861 54738 10 12716 12706 6029
67485 311 19042 114 48443 48329 2072
67530 9923 5134 154 62396 62242 500
67535 8010 29028 49 38507 38458 3248
67555 9004 23510 48 44045 43997 2611
67570 2796 23516 49 44054 44005 2613
67570 2613 21190 53 46380 46327 2320
67619 1122 60943 5 6676 6671 6671
67700 3242 29122 36 38578 38542 3267
67718 9571 61037 5 6681 6676 6676
67734 3934 5660 181 62074 61893 555
67736 6640 2015 339 65721 65382 197
67774 4441 44583 16 23191 23175 4992
67820 4229 36071 27 31749 31722 4021
67829 5907 17252 99 50577 50478 1901
67957 47 44684 18 23273 23255 5003
67983 342 26309 44 41674 41630 2932
68184 7232 36263 30 31921 31891 4038
68190 5527 3627 248 64563 64315 329
68248 3572 26413 42 41835 41793 2953
68251 1905 26352 131 41899 41768 2946
68259 7075 7639 178 60620 60442 798
68265 3204 26426 41 41839 41798 2957
68436 9703 11474 125 56962 56837 1240
68499 5034 10379 148 58120 57972 1089
68525 1352 19381 83 49144 49061 2097
68556 1020 55678 8 12878 12870 6125
68703 3715 36551 27 32152 32125 4084
68733 307 11523 132 57210 57078 1249
68744 7905 55823 9 12921 12912 6146
68758 4238 61987 5 6771 6766 6766
68760 9672 61989 1 6771 6770 6770
68783 1889 45271 16 23512 23496 5053
68846 2709 19459 81 49387 49306 2104
68911 3967 26664 66 42247 42181 2981
68919 2516 50421 11 18498 18487 5539
68920 2888 55962 7 12958 12951 6161
69000 7029 11562 154 57438 57284 1257
69048 8987 26706 87 42342 42255 2986
69211 8969 14264 145 54947 54802 1569
69217 4968 24104 46 45113 45067 2681
69233 3155 19578 144 49655 49511 2107
69318 2952 36858 35 32460 32425 4124
69405 5225 33225 34 36180 36146 3693
69469 9834 3656 244 65813 65569 340
69582 4938 50903 17 18679 18662 5592
69621 8572 56532 7 13089 13082 6211
69629 1771 26970 44 42659 42615 3014
69635 796 29932 103 39703 39600 3338
69727 5598 11638 200 58089 57889 1256
69730 2873 12946 148 56784 56636 1407
69734 3191 11701 95 58033 57938 1263
69770 3106 51044 13 18726 18713 5605
69862 3366 33449 33 36413 36380 3720
69884 4082 14401 111 55483 55372 1585
69933 8011 51168 12 18765 18753 5619
70000 494 24386 72 45614 45542 2706
70028 6955 14428 135 55600 55465 1578
70042 5075 8676 191 61366 61175 895
70167 9264 30219 40 39948 39908 3374
70185 3216 24463 68 45722 45654 2717
70187 8669 46180 41 24007 23966 5128
70244 6585 27221 42 43023 42981 3035
70329 5409 46298 19 24031 24012 5143
70361 6621 46317 18 24044 24026 5148
70407 3596 22084 75 48323 48248 2443
70444 6659 27287 61 43157 43096 3042
70453 7631 37447 101 33006 32905 4184
70566 6027 16181 83 54385 54302 1800
70584 2535 3418 190 67166 66976 309
70592 4414 19985 80 50607 50527 2155
70690 2940 37595 59 33095 33036 4191
70771 2497 30480 61 40291 40230 3401
70787 7912 1472 303 69315 69012 127
70807 9218 11871 125 58936 58811 1283
70814 2444 11866 155 58948 58793 1285
70840 787 4914 164 65926 65762 469
70844 7156 20033 126 50811 50685 2161
70848 2183 57535 8 13313 13305 6331
70852 3019 7941 165 62911 62746 834
70860 5604 41941 29 28919 28890 4710
70892 9002 51873 12 19019 19007 5687
70895 8133 46681 17 24214 24197 5191
70907 8339 5924 168 64983 64815 596
70933 4501 37727 66 33206 33140 4219
70990 4733 27475 127 43515 43388 3056
71000 8018 64004 3 6996 6993 6993
71006 7459 30593 56 40413 40357 3411
71007 9641 64015 1 6992 6991 6991
71031 6991 13240 132 57791 57659 1449
71158 6506 24830 88 46328 46240 2743
71163 8819 52091 13 19072 19059 5708
71201 9013 52118 11 19083 19072 5720
71208 880 14726 123 56482 56359 1625
71208 3441 46909 16 24299 24283 5208
71282 2309 24871 47 46411 46364 2750
71302 1024 27648 42 43654 43612 3093
71314 1160 11956 193 59358 59165 1296
71330 8041 20208 114 51122 51008 2173
71413 183 34233 31 37180 37149 3781
71453 8814 38047 29 33406 33377 4252
71504 9260 42339 22 29165 29143 4746
71505 5626 64465 3 7040 7037 7037
71622 5673 47142 50 24480 24430 5234
71633 6434 42358 76 29275 29199 4760
71671 2322 30895 39 40776 40737 3442
71743 6173 9834 126 61909 61783 1026
71770 9980 14848 81 56922 56841 1651
71789 9566 20323 91 51466 51375 2207
71858 8059 13372 129 58486 58357 1476
71884 3200 34453 35 37431 37396 3815
71911 8179 22572 95 49339 49244 2498
71928 4977 12056 96 59872 59776 1313
71959 804 31026 36 40933 40897 3450
72032 851 42640 23 29392 29369 4793
72040 7844 27945 48 44095 44047 3113
72108 9970 25171 57 46937 46880 2793
72193 4973 25193 49 47000 46951 2799
72255 7123 20437 95 51818 51723 2225
72269 6599 31141 81 41128 41047 3458
72274 3359 18390 165 53884 53719 2005
72306 9918 6609 202 65697 65495 676
72368 4865 16618 72 55750 55678 1834
72398 8067 25190 158 47208 47050 2799
72451 8929 4991 218 67460 67242 476
72455 6361 31236 38 41219 41181 3472
72480 3926 47733 19 24747 24728 5276
72484 955 25289 48 47195 47147 2811
72532 5426 14968 111 57564 57453 1668
72538 3618 28137 43 44401 44358 3135
72548 1922 65406 1 7142 7141 7141
72558 9833 53088 11 19470 19459 5834
72583 8299 42987 21 29596 29575 4831
72589 5728 38621 76 33968 33892 4319
72625 9474 28157 61 44468 44407 3142
72649 5835 38694 27 33955 33928 4322
72688 4340 38725 27 33963 33936 4327
72740 1101 12148 185 60592 60407 1334
72763 2843 12147 225 60616 60391 1329
72799 5710 7367 177 65432 65255 767
72821 6414 9937 174 62884 62710 1038
72864 8634 38810 27 34054 34027 4348
72899 4476 3833 196 69066 68870 356
72952 9791 4173 243 68779 68536 382
73026 6077 65823 3 7203 7200 7200
73028 8144 53428 11 19600 19589 5876
73060 5942 65861 1 7199 7198 7198
73094 6286 11030 119 62064 61945 1185
73119 3616 22943 62 50176 50114 2528
73120 9984 13560 141 59560 59419 1492
73123 250 53505 13 19618 19605 5892
73138 1663 53514 12 19624 19612 5898
73147 5726 25487 50 47660 47610 2842
73218 1553 20685 93 52533 52440 2269
73260 4056 22960 126 50300 50174 2532
73271 8673 25503 81 47768 47687 2847
73323 6401 35078 95 38245 38150 3908
73400 1529 5543 241 67857 67616 540
73486 8855 12275 115 61211 61096 1339
73547 6566 2401 278 71146 70868 249
73569 2598 31705 36 41864 41828 3523
73661 5020 48533 19 25128 25109 5363
73664 6330 31735 62 41929 41867 3532
73731 5580 28550 69 45181 45112 3203
73745 8625 31766 73 41979 41906 3533
73762 6438 13664 150 60098 59948 1502
73887 7739 5585 160 68302 68142 537
73938 9987 6124 161 67814 67653 621
73951 1023 43798 44 30153 30109 4907
74009 2667 43843 23 30166 30143 4918
74027 1957 20852 180 53175 52995 2286
74063 9594 43876 25 30187 30162 4927
74119 2522 39459 42 34660 34618 4435
74134 9537 28706 88 45428 45340 3215
74209 703 60264 7 13945 13938 6615
74287 1351 28785 61 45502 45441 3222
74321 727 6787 182 67534 67352 701
74441 6637 3561 282 70880 70598 323
74552 2329 54534 13 20018 20005 5995
74596 9807 67229 1 7367 7366 7366
74617 7260 49142 45 25475 25430 5403
74662 2534 10199 121 64463 64342 1066
74674 3085 7529 151 67145 66994 801
74724 2324 32217 36 42507 42471 3583
74744 8628 28975 43 45769 45726 3244
74795 9848 26025 95 48770 48675 2908
74945 6766 44391 21 30554 30533 4974
74958 3846 13909 84 61049 60965 1527
74992 2170 60915 7 14077 14070 6666
75001 8614 54873 11 20128 20117 6044
75034 6060 13921 119 61113 60994 1529
75070 2838 26149 117 48921 48804 2919
75081 2381 11326 147 63755 63608 1225
75085 1162 19114 109 55971 55862 2078
75106 7274 8391 144 66715 66571 873
75141 6952 26201 50 48940 48890 2929
75192 6263 23572 107 51620 51513 2620
75408 3321 36136 35 39272 39237 4026
75427 3518 29236 56 46191 46135 3275
75524 2965 55256 12 20268 20256 6092
75532 3454 32563 64 42969 42905 3612
75541 261 49755 56 25786 25730 5467
75577 6050 68117 3 7460 7457 7457
75596 8287 32611 39 42985 42946 3612
75645 2445 32630 37 43015 42978 3622
75696 6669 14025 148 61671 61523 1537
75785 3013 36336 32 39449 39417 4055
75785 8827 36336 32 39449 39417 4055
75791 6469 36339 33 39452 39419 4058
75824 3949 1877 266 73947 73681 174
75832 2799 14086 123 61746 61623 1539
75857 8989 55511 12 20346 20334 6110
75964 4235 15629 170 60335 60165 1750
75980 7968 40491 63 35489 35426 4550
76030 4617 29465 73 46565 46492 3309
76041 8351 1538 360 74503 74143 130
76042 7645 5714 203 70328 70125 566
76075 6999 61805 8 14270 14262 6747
76106 687 23859 86 52247 52161 2655
76131 2400 61857 8 14274 14266 6747
76150 9437 61868 8 14282 14274 6748
76153 9837 68624 3 7529 7526 7526
76277 811 6298 219 69979 69760 641
76302 6975 29604 44 46698 46654 3320
76400 5 62062 12 14338 14326 6782
76428 7626 11536 142 64892 64750 1249
76492 9494 32977 60 43515 43455 3656
76517 6994 15793 90 60724 60634 1773
76520 1881 40786 41 35734 35693 4582
76544 8185 56020 12 20524 20512 6157
76568 2665 50491 18 26077 26059 5539
76571 7404 50492 17 26079 26062 5542
76575 5281 50496 18 26079 26061 5542
76578 2779 4381 204 72197 71993 408
76628 6798 69055 5 7573 7568 7568
76733 6086 4016 227 72717 72490 363
76753 753 62347 10 14406 14396 6815
76785 3801 24065 124 52720 52596 2667
76833 3497 45578 21 31255 31234 5075
76838 931 56224 14 20614 20600 6185
77036 3165 33214 60 43822 43762 3692
77095 9550 62629 9 14466 14457 6850
77107 1949 21762 149 55345 55196 2387
77127 3433 24186 104 52941 52837 2691
77133 4306 62660 10 14473 14463 6853
77179 6260 56475 12 20704 20692 6205
77201 3097 7798 169 69403 69234 822
77208 2398 26946 47 50262 50215 3014
77208 5310 50903 18 26305 26287 5593
77219 7008 41168 30 36051 36021 4632
77229 1757 56514 12 20715 20703 6210
77271 3300 26934 104 50337 50233 3008
77297 7258 9548 142 67749 67607 996
77410 9346 4048 196 73362 73166 362
77435 3326 51048 25 26387 26362 5607
77443 268 17769 114 59674 59560 1961
77448 7878 27045 52 50403 50351 3020
77508 5596 62954 9 14554 14545 6887
77538 4006 19779 88 57759 57671 2133
77601 8313 30115 74 47486 47412 3356
77611 9944 37229 34 40382 40348 4158
77661 6383 41402 30 36259 36229 4657
77706 7637 4846 214 72860 72646 453
77776 5683 19854 75 57922 57847 2148
77948 8417 14490 118 63458 63340 1603
77950 8038 57049 13 20901 20888 6269
78042 5530 63407 6 14635 14629 6937
78042 3759 51450 32 26592 26560 5653
78044 7023 22061 97 55983 55886 2430
78113 9575 63463 7 14650 14643 6946
78149 1462 57197 12 20952 20940 6284
78240 8580 41740 26 36500 36474 4690
78249 4753 41740 27 36509 36482 4692
78298 9784 33806 40 44492 44452 3753
78307 5945 10669 161 67638 67477 1137
78311 6522 11827 148 66484 66336 1281
78318 2426 27375 50 50943 50893 3047
78450 9915 20017 75 58433 58358 2157
78524 5457 24655 79 53869 53790 2742
78670 5129 20104 80 58566 58486 2163
78710 2336 33988 45 44722 44677 3767
78722 7095 37755 72 40967 40895 4211
78752 6239 57637 13 21115 21102 6340
78760 4836 16312 113 62448 62335 1803
78854 9846 14730 81 64124 64043 1627
78892 5202 13249 124 65643 65519 1454
78923 795 10792 167 68131 67964 1159
78936 4669 14725 108 64211 64103 1625
78944 2896 42113 44 36831 36787 4738
78954 387 46885 21 32069 32048 5207
78977 2807 37892 54 41085 41031 4232
79052 7546 30720 43 48332 48289 3427
79069 3125 20166 133 58903 58770 2167
79154 3292 71350 5 7804 7799 7799
79170 2851 64339 10 14831 14821 7019
79199 4575 27673 79 51526 51447 3095
79335 9750 64470 8 14865 14857 7036
79506 7761 71667 5 7839 7834 7834
79517 8487 8022 190 71495 71305 842
79527 2375 16456 134 63071 62937 1817
79543 3350 27813 48 51730 51682 3097
79552 9486 42436 28 37116 37088 4773
79568 9426 34320 86 45248 45162 3797
79576 2609 25017 78 54559 54481 2772
79581 8716 64666 9 14915 14906 7068
79689 4825 30955 81 48734 48653 3444
79820 4093 42588 26 37232 37206 4783
79838 5044 71974 1 7864 7863 7863
79846 5961 25107 97 54739 54642 2784
79851 2787 3786 253 76065 75812 349
80037 4606 58590 14 21447 21433 6444
80094 8103 65084 7 15010 15003 7109
80098 1176 58612 36 21486 21450 6448
80147 3044 25187 105 54960 54855 2799
80201 5774 34643 39 45558 45519 3843
80201 1357 72295 5 7906 7901 7901
80205 163 47616 25 32589 32564 5273
80226 5865 58731 12 21495 21483 6449
80239 7473 9874 192 70365 70173 1033
80287 8826 47666 21 32621 32600 5276
80313 8874 34662 76 45651 45575 3850
80316 8374 72399 2 7917 7915 7915
80355 8755 65284 10 15071 15061 7139
80368 2913 42880 27 37488 37461 4824
80391 3067 34694 61 45697 45636 3855
80437 6212 38603 34 41834 41800 4313
80449 5352 28097 77 52352 52275 3134
80557 9343 14990 125 65567 65442 1672
80578 3954 28148 72 52430 52358 3140
80599 8117 13511 94 67088 66994 1488
80688 9572 28199 49 52489 52440 3151
80780 8918 47937 58 32843 32785 5292
80822 3570 8153 147 72669 72522 852
80870 3945 34925 36 45945 45909 3892
80988 7703 65784 9 15204 15195 7198
81009 7227 48085 25 32924 32899 5314
81140 7389 43300 27 37840 37813 4859
81148 7522 5034 207 76114 75907 485
81186 4811 73164 1 8022 8021 8021
81207 1126 4187 305 77020 76715 383
81243 6692 28370 55 52873 52818 3179
81362 5263 16758 174 64604 64430 1853
81393 504 13598 152 67795 67643 1496
81416 6882 8188 202 73228 73026 854
81494 1391 28407 118 53087 52969 3181
81579 5517 11093 120 70486 70366 1193
81671 1616 25631 64 56040 55976 2863
81681 6122 15155 120 66526 66406 1698
81706 7529 16863 117 64843 64726 1863
81812 5922 48567 21 33245 33224 5368
81825 6787 73738 1 8087 8086 8086
81839 9203 48586 24 33253 33229 5373
81873 8970 39274 31 42599 42568 4421
81881 5372 28586 46 53295 53249 3203
81964 8817 16923 115 65041 64926 1867
81967 87 20864 75 61103 61028 2294
82041 6746 60060 12 21981 21969 6577
82061 517 43813 29 38248 38219 4913
82195 4176 54177 49 28018 27969 5951
82260 3346 35481 88 46779 46691 3946
82276 7326 54255 17 28021 28004 5952
82414 1912 60303 13 22111 22098 6619
82420 5038 74269 5 8151 8146 8146
82426 9122 28762 81 53664 53583 3219
82455 4817 43999 47 38456 38409 4944
82533 4352 18923 86 63610 63524 2064
82586 3103 28833 84 53753 53669 3222
82625 174 67099 8 15526 15518 7349
82704 7547 54512 17 28192 28175 5994
82750 6536 21023 152 61727 61575 2314
82825 5102 32179 42 50646 50604 3575
82876 8401 8304 217 74572 74355 861
82938 4421 54657 17 28281 28264 6016
83116 4366 32244 86 50872 50786 3588
83177 7989 35887 37 47290 47253 3994
83220 3003 26131 58 57089 57031 2915
83221 1096 17178 110 66043 65933 1893
83524 5074 49588 56 33936 33880 5436
83529 8058 49600 25 33929 33904 5440
83555 3120 55072 16 28483 28467 6081
83564 1491 55073 20 28491 28471 6084
83569 7452 61168 14 22401 22387 6683
83576 2018 61177 14 22399 22385 6686
83652 3685 29219 50 54433 54383 3273
83657 140 40130 67 43527 43460 4509
83665 6249 9300 152 74365 74213 977
83727 4598 1707 259 82020 81761 155
83817 6190 68059 7 15758 15751 7449
83839 9396 55263 17 28576 28559 6092
83848 5158 68086 10 15762 15752 7452
83854 2107 12638 140 71216 71076 1370
83856 8403 23693 86 60163 60077 2625
83882 1281 44780 30 39102 39072 5016
83980 1545 44844 29 39136 39107 5015
84011 1420 11410 168 72601 72433 1234
84036 2508 44885 30 39151 39121 5018
84075 6208 36315 36 47760 47724 4047
84160 5773 49991 35 34169 34134 5472
84169 5893 50007 34 34162 34128 5471
84190 1123 55499 28 28691 28663 6103
84231 5708 61652 11 22579 22568 6734
84330 4195 45062 30 39268 39238 5036
84372 6115 9372 171 75000 74829 982
84621 5826 32869 89 51752 51663 3645
84683 4783 29582 67 55101 55034 3313
84697 5122 45256 27 39441 39414 5052
84703 1929 26619 58 58084 58026 2978
84717 1134 29607 46 55110 55064 3318
84749 7079 32906 87 51843 51756 3650
84750 699 29601 64 55149 55085 3317
84796 9094 3644 227 81152 80925 333
84813 2033 29619 70 55194 55124 3323
84873 3347 29611 136 55262 55126 3320
84911 8334 29661 50 55250 55200 3320
85028 207 33040 59 51988 51929 3660
85288 9293 40909 102 44379 44277 4602
85322 5827 21713 105 63609 63504 2381
85341 5042 40955 64 44386 44322 4614
85406 8611 33177 41 52229 52188 3686
85448 5560 33195 51 52253 52202 3686
85452 4268 26824 105 58628 58523 3003
85487 9117 14315 84 71172 71088 1578
85520 8002 45702 30 39818 39788 5076
85521 7640 21767 91 63754 63663 2392
85524 7132 3060 289 82464 82175 286
85533 3830 19629 140 65904 65764 2117
85549 9315 33240 43 52309 52266 3696
85555 7874 77063 4 8492 8488 8488
85614 415 41089 77 44525 44448 4637
85683 1850 15880 177 69803 69626 1784
85780 2864 33343 44 52437 52393 3704
85884 6314 69722 9 16162 16153 7642
85903 6207 27001 82 58902 58820 3020
85966 6097 69794 8 16172 16164 7647
86001 4174 62928 14 23073 23059 6883
86240 4223 21946 130 64294 64164 2416
86299 4102 19839 85 66460 66375 2145
86303 4789 11754 145 74549 74404 1266
86413 344 37303 68 49110 49042 4161
86432 2844 63225 13 23207 23194 6920
86614 1444 57091 19 29523 29504 6276
86645 7937 27215 107 59430 59323 3033
86715 9885 37427 130 49288 49158 4178
86718 287 16069 205 70649 70444 1798
86757 1061 51499 58 35258 35200 5656
86759 4033 70436 6 16323 16317 7699
86800 5520 19942 81 66858 66777 2154
86817 8425 22100 86 64717 64631 2451
86893 1081 16164 108 70729 70621 1794
86920 1701 13095 133 73825 73692 1429
86966 8086 63628 15 23338 23323 6965
87019 83 78376 4 8643 8639 8639
87086 2840 30454 48 56632 56584 3397
87155 4387 78506 1 8649 8648 8648
87160 116 30475 59 56685 56626 3399
87357 5006 46701 29 40656 40627 5192
87367 5955 63948 11 23419 23408 6984
87375 9623 51901 42 35474 35432 5691
87400 2050 63960 30 23440 23410 6986
87486 622 78814 4 8672 8668 8668
87492 7847 8822 153 78670 78517 915
87552 7424 57717 45 29835 29790 6349
87594 394 64129 12 23465 23453 6999
87724 6032 52135 25 35589 35564 5727
87727 4115 57871 17 29856 29839 6351
87738 3558 34146 45 53592 53547 3774
87759 5316 22388 61 65371 65310 2475
87812 189 34123 96 53689 53593 3773
87872 1075 18191 137 69681 69544 1991
87971 5695 38026 37 49945 49908 4249
87979 2260 11995 110 75984 75874 1305
87989 8085 52276 23 35713 35690 5743
88070 8620 79339 1 8731 8730 8730
88080 924 16436 156 71644 71488 1812
88086 8599 20263 99 67823 67724 2185
88181 8646 52350 69 35831 35762 5758
88297 9596 64628 11 23669 23658 7070
88299 7753 64630 13 23669 23656 7073
88302 4915 5435 245 82867 82622 524
88315 7441 42437 31 45878 45847 4775
88338 8409 42449 35 45889 45854 4777
88444 9518 25043 118 63401 63283 2771
88461 5983 47307 30 41154 41124 5252
88479 4497 34397 79 54082 54003 3802
88535 4545 34456 45 54079 54034 3821
88580 3234 64815 54 23765 23711 7082
88604 7797 64873 11 23731 23720 7086
88660 9287 16553 97 72107 72010 1831
88731 2120 14884 144 73847 73703 1658
88847 5957 25135 144 63712 63568 2794
89021 1891 38495 50 50526 50476 4297
89048 3297 16602 114 72446 72332 1831
89053 7579 52924 24 36129 36105 5817
89068 2849 52938 24 36130 36106 5820
89077 4246 38523 37 50554 50517 4304
89092 3031 38533 37 50559 50522 4307
89135 5072 38527 68 50608 50540 4305
89232 5900 72500 10 16732 16722 7923
89244 7212 31258 48 57986 57938 3476
89259 854 12104 205 77155 76950 1331
89281 2147 5497 168 83784 83616 537
89339 5277 58930 20 30409 30389 6479
89399 8924 65467 15 23932 23917 7156
89401 8106 28157 82 61244 61162 3139
89407 6158 65471 15 23936 23921 7155
89409 5965 25330 80 64079 63999 2817
89411 8354 34806 49 54605 54556 3872
89429 7035 28164 78 61265 61187 3144
89512 2103 65554 14 23958 23944 7162
89542 4638 38745 36 50797 50761 4331
89587 124 47917 67 41670 41603 5285
89700 9158 48004 27 41696 41669 5296
89763 7315 43184 35 46579 46544 4843
89796 2557 72934 6 16862 16856 7986
89799 648 16729 161 73070 72909 1845
89802 7045 20609 138 69193 69055 2262
89809 8617 43197 31 46612 46581 4848
89877 5920 43219 35 46658 46623 4854
89940 3859 28271 101 61669 61568 3165
89985 3065 34976 71 55009 54938 3901
89988 8336 28285 93 61703 61610 3169
90012 8324 10997 202 79015 78813 1184
90015 5889 11036 108 78979 78871 1188
90041 3224 48168 30 41873 41843 5326
90147 2916 16796 96 73351 73255 1864
90240 5148 39010 39 51230 51191 4382
90254 5312 10003 153 80251 80098 1042
90411 2800 6100 176 84311 84135 615
90413 3414 73388 51 17025 16974 8036
90437 236 11075 140 79362 79222 1191
90461 5188 9032 208 81429 81221 941
90591 8723 20754 116 69837 69721 2270
90646 5913 53861 23 36785 36762 5927
90679 8464 59813 17 30866 30849 6547
90794 61 20814 94 69980 69886 2280
90831 5384 66478 13 24353 24340 7272
90857 4571 81878 3 8979 8976 8976
90882 1846 15208 86 75674 75588 1707
90893 858 35334 69 55559 55490 3932
90929 9871 54029 21 36900 36879 5941
90958 1230 25742 69 65216 65147 2866
91016 4463 66628 12 24388 24376 7284
91027 3184 23175 104 67852 67748 2573
91067 4391 5575 242 85492 85250 538
91093 5121 7456 197 83637 83440 778
91139 8145 66720 19 24419 24400 7297
91178 7124 35478 44 55700 55656 3949
91204 7493 28709 61 62495 62434 3213
91205 5462 82199 3 9006 9003 9003
91272 9476 74123 10 17149 17139 8126
91283 4275 60201 20 31082 31062 6595
91337 4108 60229 20 31108 31088 6604
91351 6312 82318 4 9033 9029 9029
91389 9951 28764 75 62625 62550 3217
91415 998 82383 3 9032 9029 9029
91432 1290 60295 18 31137 31119 6621
91444 1239 9168 144 82276 82132 956
91457 8575 82421 5 9036 9031 9031
91522 9655 74330 8 17192 17184 8151
91573 8806 23262 135 68311 68176 2591
91574 5284 32047 50 59527 59477 3560
91672 3996 60453 18 31219 31201 6636
91681 9673 28837 101 62844 62743 3224
91683 3881 54446 54 37237 37183 5977
91733 378 49092 29 42641 42612 5396
91741 6316 17080 96 74661 74565 1884
91765 4534 67164 13 24601 24588 7350
91858 4371 32143 51 59715 59664 3577
91885 9184 67234 15 24651 24636 7364
91954 653 74667 10 17287 17277 8196
91955 4418 32191 48 59764 59716 3579
91989 5296 82906 3 9083 9080 9080
92003 6289 11264 176 80739 80563 1220
92020 7030 54654 22 37366 37344 6015
92035 8689 74738 10 17297 17287 8202
92096 9806 67401 12 24695 24683 7384
92102 3706 32233 50 59869 59819 3587
92141 3078 3553 320 88588 88268 319
92144 766 35846 43 56298 56255 3991
92266 3700 44370 34 47896 47862 4971
92467 6382 19121 121 73346 73225 2080
92542 9382 26192 92 66350 66258 2926
92655 7342 55031 43 37624 37581 6071
92672 4927 49591 69 43081 43012 5434
92685 1963 40091 50 52594 52544 4499
92714 2491 55076 24 37638 37614 6088
92740 8092 67888 11 24852 24841 7429
92776 3447 61213 18 31563 31545 6694
92834 3026 75397 8 17437 17429 8285
92882 3701 6892 189 85990 85801 717
92927 5612 61276 53 31651 31598 6706
92946 9131 49747 32 43199 43167 5463
93005 580 36193 44 56812 56768 4036
93081 5182 12657 117 80424 80307 1370
93213 1538 23717 138 69496 69358 2630
93218 7764 40290 108 52928 52820 4526
93365 9290 40436 40 52929 52889 4539
93396 5166 68360 11 25036 25025 7492
93398 8257 45000 32 48398 48366 5027
93404 4514 14098 106 79306 79200 1541
93425 1628 17393 141 76032 75891 1922
93456 1337 36398 45 57058 57013 4066
93461 5878 45027 35 48434 48399 5026
93507 7110 50081 28 43426 43398 5481
93512 3201 21446 145 72066 71921 2347
93583 2096 75998 8 17585 17577 8357
93612 7297 40504 79 53108 53029 4555
93640 1974 50147 30 43493 43463 5490
93645 4506 26522 85 67123 67038 2964
93737 1264 45137 66 48600 48534 5040
93748 9212 50195 56 43553 43497 5500
93762 6419 6960 161 86802 86641 723
93795 8578 55706 63 38089 38026 6125
93818 2302 17493 101 76325 76224 1935
93819 5315 40604 61 53215 53154 4563
93903 7578 15706 139 78197 78058 1764
93972 6609 26607 81 67365 67284 2974
94033 5997 62025 16 32008 31992 6771
94089 7995 55859 64 38230 38166 6149
94150 9527 62083 17 32067 32050 6787
94214 4104 36614 114 57600 57486 4107
94267 2141 3645 317 90622 90305 335
94273 5732 7734 185 86539 86354 821
94372 9180 24004 151 70368 70217 2668
94379 5755 7006 223 87373 87150 729
94388 4762 4015 219 90373 90154 362
94432 2554 56089 24 38343 38319 6172
94437 4870 4369 265 90068 89803 403
94467 575 85143 1 9324 9323 9323
94542 6691 62337 17 32205 32188 6812
94568 1228 8614 134 85954 85820 887
94685 8460 45590 35 49095 49060 5075
94812 5432 69352 21 25460 25439 7599
94833 9530 12884 195 81949 81754 1396
94839 826 8621 189 86218 86029 887
94841 4912 33210 47 61631 61584 3689
94869 8406 26873 67 67996 67929 3002
94903 3035 21768 146 73135 72989 2392
94919 2051 5266 246 89653 89407 505
94980 885 1585 325 93395 93070 144
95003 8362 21803 70 73200 73130 2400
95023 8804 29918 79 65105 65026 3337
95079 6412 85711 4 9368 9364 9364
95165 2086 77284 6 17881 17875 8502
95203 3101 50964 30 44239 44209 5600
95215 746 19683 175 75532 75357 2118
95316 5890 45921 34 49395 49361 5103
95371 5753 62915 17 32456 32439 6876
95391 1686 30069 79 65322 65243 3345
95418 4655 6419 192 88999 88807 654
95434 2906 17794 111 77640 77529 1958
95482 2288 33457 50 62025 61975 3724
95559 6816 46035 34 49524 49490 5115
95563 706 13007 178 82556 82378 1415
95639 4864 16016 172 79623 79451 1795
95674 1650 56848 22 38826 38804 6251
95716 472 30148 102 65568 65466 3362
95731 5363 19807 138 75924 75786 2135
95788 8347 46148 32 49640 49608 5124
95791 7888 2820 357 92971 92614 260
95852 2452 22011 120 73841 73721 2425
95857 8904 77788 55 18069 18014 8568
95863 9061 70141 13 25722 25709 7680
95906 9878 13049 114 82857 82743 1427
95918 9324 24434 122 71484 71362 2710
95926 7055 46179 55 49747 49692 5128
95946 2742 51353 27 44593 44566 5644
96048 4703 33630 88 62418 62330 3734
96055 5302 63343 20 32712 32692 6932
96088 2450 30277 68 65811 65743 3380
96115 908 57060 69 39055 38986 6275
96170 754 22069 133 74101 73968 2437
96212 665 57168 23 39044 39021 6278
96223 6493 24527 120 71696 71576 2727
96228 146 4076 237 92152 91915 365
96245 6940 16115 166 80130 79964 1794
96251 1975 14532 108 81719 81611 1605
96443 8056 70565 15 25878 25863 7719
96483 7970 24607 90 71876 71786 2737
96507 1612 41783 40 54724 54684 4694
96508 6217 33829 49 62679 62630 3751
96526 7356 51669 28 44857 44829 5659
96528 6561 41757 93 54771 54678 4695
96602 3509 13156 128 83446 83318 1434
96713 5640 22202 71 74511 74440 2460
96714 4692 14592 171 82122 81951 1611
96906 8279 33975 49 62931 62882 3764
96922 3865 63935 19 32987 32968 6980
96984 720 63974 19 33010 32991 6987
97136 6067 78864 10 18272 18262 8676
97142 3817 30644 62 66498 66436 3417
97181 5445 64120 17 33061 33044 6999
97297 12 5937 250 91360 91110 596
97300 5772 34109 85 63191 63106 3770
97438 3791 87825 1 9613 9612 9612
97456 6825 37964 60 59492 59432 4233
97532 6005 16410 127 81122 80995 1808
97551 3564 8869 124 88682 88558 918
97571 2496 38012 41 59559 59518 4246
97609 5109 20251 87 77358 77271 2182
97628 5089 18233 140 79395 79255 1991
97678 9415 34234 114 63444 63330 3784
97695 5495 27696 148 69999 69851 3096
97708 4378 11995 137 85713 85576 1308
97742 482 27726 121 70016 69895 3097
97755 8481 13306 186 84449 84263 1466
97831 4269 20281 85 77550 77465 2190
97907 6650 9791 186 88116 87930 1018
97985 8471 79557 8 18428 18420 8751
97985 3495 42437 39 55548 55509 4772
98173 4940 34418 96 63755 63659 3802
98177 1235 64777 17 33400 33383 7083
98195 1259 64787 16 33408 33392 7084
98219 7902 18347 105 79872 79767 2001
98241 5696 34427 100 63814 63714 3805
98281 4193 14840 142 83441 83299 1652
98344 9336 38314 68 60030 59962 4277
98354 8663 58475 24 39879 39855 6420
98361 1056 8902 179 89459 89280 927
98427 8245 9872 129 88555 88426 1032
98429 7015 12074 142 86355 86213 1319
98448 9488 58536 21 39912 39891 6432
98553 1619 8896 237 89657 89420 925
98605 1151 88880 3 9725 9722 9722
98706 6435 58684 23 40022 39999 6446
98828 192 38515 44 60313 60269 4300
98933 2696 52964 54 45969 45915 5820
99014 7816 72495 15 26519 26504 7921
99066 7345 89276 1 9790 9789 9789
99092 1183 3813 258 95279 95021 352
99120 392 22768 134 76352 76218 2516
99148 9972 4555 257 94593 94336 421
99152 9497 47765 96 51387 51291 5280
99199 3630 47843 64 51356 51292 5279
99294 7555 28134 168 71160 70992 3135
99400 6781 6044 215 93356 93141 612
99439 1694 3192 278 96247 95969 299
99448 6729 25375 117 74073 73956 2825
99514 6528 59158 23 40356 40333 6493
99632 3673 53354 26 46278 46252 5864
99632 685 80922 7 18710 18703 8867
99850 7647 53470 30 46380 46350 5885
99905 7323 90038 1 9867 9866 9866
99918 1779 73130 13 26788 26775 8018
99929 5001 2174 341 97755 97414 208
99993 2243 53538 48 46455 46407 5897
