70 8289 45 17 25 8 0
123 3268 3 78 120 42 0
221 4060 5 114 216 102 0
488 4551 401 5 87 82 82
594 792 64 65 530 465 2
639 8489 26 155 613 458 0
720 8488 156 59 564 505 14
730 3741 400 13 330 317 80
826 3137 109 76 717 641 13
872 3243 159 128 713 585 17
935 8228 518 11 417 406 112
1007 3987 235 40 772 732 30
1098 7143 928 1 170 169 169
1165 4898 310 31 855 824 53
1197 81 682 15 515 500 142
1283 7666 496 25 787 762 104
1692 3523 475 90 1217 1127 110
1857 2925 1513 3 344 341 341
1928 137 458 75 1470 1395 94
1998 4124 1311 8 687 679 296
2020 8438 621 28 1399 1371 134
2145 4786 166 109 1979 1870 21
2352 1940 275 60 2077 2017 38
2580 7172 942 25 1638 1613 172
2620 755 1129 18 1491 1473 238
2691 6494 369 57 2322 2265 60
2853 5181 318 67 2535 2468 55
2933 860 1025 23 1908 1885 211
2943 3166 2346 3 597 594 594
2961 965 1903 10 1058 1048 450
2964 8771 462 62 2502 2440 97
3056 129 1576 14 1480 1466 360
3112 8821 1580 44 1532 1488 368
3312 3386 1383 34 1929 1895 308
3348 887 1409 20 1939 1919 312
3557 6757 686 40 2871 2831 150
3764 1480 239 93 3525 3432 32
3769 8202 2425 14 1344 1330 615
3865 6702 751 37 3114 3077 147
4014 8876 2599 7 1415 1408 648
4555 849 2973 9 1582 1573 704
4630 456 1564 24 3066 3042 351
4650 7648 3025 6 1625 1619 720
4685 5989 2431 15 2254 2239 624
4706 8122 1580 25 3126 3101 373
4724 954 2457 15 2267 2252 628
4995 5775 328 152 4667 4515 59
5065 5678 1142 33 3923 3890 249
5152 638 531 66 4621 4555 121
5325 3260 3489 8 1836 1828 808
5501 9718 1002 83 4499 4416 208
5521 6381 1523 30 3998 3968 344
5716 9957 4640 2 1076 1074 1074
5823 8013 1295 35 4528 4493 282
5971 5146 4836 2 1135 1133 1133
5973 2571 1615 33 4358 4325 384
5990 4175 3912 9 2078 2069 931
6004 4666 1096 36 4908 4872 218
6027 7135 3185 11 2842 2831 747
6062 5329 180 152 5882 5730 20
6216 269 2637 20 3579 3559 652
6280 6799 1404 31 4876 4845 312
6542 6424 5285 3 1257 1254 1254
6784 9251 2288 22 4496 4474 584
6905 9811 562 100 6343 6243 123
6952 4085 1246 61 5706 5645 284
7069 8967 3732 12 3337 3325 890
7103 5978 1908 85 5195 5110 457
7608 7950 293 144 7315 7171 44
7620 389 4005 13 3615 3602 943
7895 9469 6331 3 1564 1561 1561
8187 892 5299 10 2888 2878 1253
8318 8065 1197 77 7121 7044 270
8578 8602 6870 3 1708 1705 1705
8672 7136 460 77 8212 8135 96
8691 4227 4538 45 4153 4108 1054
8822 8385 1917 35 6905 6870 472
8908 4990 5747 6 3161 3155 1375
8979 857 5795 7 3184 3177 1391
9072 1503 5833 28 3239 3211 1408
9126 2345 5873 8 3253 3245 1424
9294 3552 2004 34 7290 7256 498
9524 3943 2052 31 7472 7441 514
9625 6341 4970 24 4655 4631 1171
9663 2700 1374 42 8289 8247 305
9925 4125 1725 39 8200 8161 410
10044 6686 1169 48 8875 8827 252
10291 1372 4289 19 6002 5983 1012
10313 9258 1191 85 9122 9037 266
10359 4367 1809 38 8550 8512 432
10692 9981 4451 20 6241 6221 1054
10798 7757 6901 7 3897 3890 1709
11091 3808 8840 1 2251 2250 2250
11425 3306 1972 37 9453 9416 486
11509 6836 569 138 10940 10802 128
11557 5203 5906 28 5651 5623 1437
11674 852 2001 38 9673 9635 495
11748 661 2504 79 9244 9165 642
11759 1330 6004 14 5755 5741 1464
11762 2518 6008 11 5754 5743 1463
11819 4837 6029 14 5790 5776 1475
11847 9107 3190 30 8657 8627 745
11972 6369 613 136 11359 11223 130
12079 1036 7674 9 4405 4396 1951
12118 4904 623 104 11495 11391 138
12177 5193 253 182 11924 11742 36
12198 9574 5000 52 7198 7146 1185
12314 8442 948 100 11366 11266 175
12460 1152 657 79 11803 11724 137
12509 7604 5115 59 7394 7335 1215
12650 2232 1148 85 11502 11417 249
12745 4142 3436 27 9309 9282 793
13090 9356 10429 3 2661 2658 2658
13112 216 2843 33 10269 10236 679
13264 2073 10553 1 2711 2710 2710
13287 4553 10570 1 2717 2716 2716
13317 1099 197 158 13120 12962 21
13658 2289 3652 29 10006 9977 863
14056 7183 5727 18 8329 8311 1373
14127 6376 5763 19 8364 8345 1381
14287 6113 9024 7 5263 5256 2309
14302 9595 4712 22 9590 9568 1104
14389 8800 3825 29 10564 10535 918
14413 6283 9115 7 5298 5291 2329
14523 1731 11529 1 2994 2993 2993
14550 2463 7352 11 7198 7187 1829
14578 101 3834 79 10744 10665 923
14602 424 3120 35 11482 11447 732
14637 7151 1612 46 13025 12979 378
14642 7419 504 91 14138 14047 106
14677 8707 5953 16 8724 8708 1450
14980 6997 11888 5 3092 3087 3087
15052 9565 2041 45 13011 12966 510
15147 9316 7629 11 7518 7507 1932
15208 5297 7657 11 7551 7540 1948
15300 5570 1116 146 14184 14038 228
15325 1860 2636 37 12689 12652 647
15511 2650 9791 10 5720 5710 2497
15553 8793 12329 5 3224 3219 3219
15866 1375 10031 9 5835 5826 2557
16018 2019 10130 7 5888 5881 2583
16272 4996 2233 45 14039 13994 561
16445 5813 2251 44 14194 14150 573
16455 8931 5355 31 11100 11069 1262
16770 3249 6737 20 10033 10013 1664
16917 9501 10635 8 6282 6274 2737
16980 1990 10679 6 6301 6295 2753
17003 3395 2891 58 14112 14054 700
17016 4396 4423 67 12593 12526 1052
17109 9849 13542 2 3567 3565 3565
17591 4460 370 116 17221 17105 65
17759 770 3746 35 14013 13978 892
17776 2431 7109 18 10667 10649 1774
18106 3815 9039 11 9067 9056 2324
18532 2189 2502 44 16030 15986 638
18561 7787 14679 5 3882 3877 3877
18585 9427 7395 61 11190 11129 1846
18740 62 9362 12 9378 9366 2398
18845 3479 11811 7 7034 7027 3061
18960 7591 4894 26 14066 14040 1152
19301 1422 12073 10 7228 7218 3147
19382 4897 1365 87 18017 17930 296
19623 2690 9790 13 9833 9820 2492
19925 3563 12487 8 7438 7430 3249
20224 4820 1437 65 18787 18722 321
20339 6426 512 164 19827 19663 110
20393 6064 8113 32 12280 12248 2065
20695 4589 16384 5 4311 4306 4306
20706 4643 10353 12 10353 10341 2644
20752 911 16426 1 4326 4325 4325
20792 762 300 168 20492 20324 45
20826 2416 3527 37 17299 17262 818
20888 5461 5388 28 15500 15472 1266
21099 2193 3547 65 17552 17487 822
21173 5437 13274 6 7899 7893 3489
21254 5850 2857 72 18397 18325 683
21256 3574 2861 76 18395 18319 688
21480 717 13477 9 8003 7994 3546
22051 5787 2961 78 19090 19012 702
22174 2523 8771 65 13403 13338 2220
22175 3403 17578 2 4597 4595 4595
22384 8942 17746 4 4638 4634 4634
22501 8203 17833 3 4668 4665 4665
22546 3860 14152 7 8394 8387 3716
22566 9047 11240 11 11326 11315 2917
22613 3656 14175 24 8438 8414 3726
22665 8521 17967 4 4698 4694 4694
22722 8938 2444 47 20278 20231 623
22797 2338 4708 62 18089 18027 1098
22800 6200 4710 57 18090 18033 1100
22962 4037 11440 15 11522 11507 2962
23477 9143 7440 23 16037 16014 1861
23593 6140 14811 6 8782 8776 3921
23797 2356 18888 4 4909 4905 4905
23913 4261 11889 15 12024 12009 3087
23915 7317 6061 26 17854 17828 1485
24058 1499 3219 44 20839 20795 758
24188 4787 3246 42 20942 20900 754
24692 1017 3308 43 21384 21341 771
24769 7935 19687 4 5082 5078 5078
24789 6728 5054 43 19735 19692 1199
25341 875 10043 16 15298 15282 2563
25443 1287 12660 13 12783 12770 3291
25482 9948 20236 2 5246 5244 5244
25533 9145 807 112 24726 24614 159
25623 6155 10153 16 15470 15454 2588
25639 8470 6486 28 19153 19125 1607
25772 5029 6507 40 19265 19225 1616
25775 6697 12835 12 12940 12928 3325
25841 3804 8158 21 17683 17662 2074
26052 2652 1800 96 24252 24156 421
26192 3961 3506 43 22686 22643 815
26378 3375 16546 7 9832 9825 4341
26561 5174 963 153 25598 25445 184
26567 7169 5399 63 21168 21105 1279
26724 806 13253 47 13471 13424 3483
26814 372 8443 23 18371 18348 2152
26900 2078 8462 24 18438 18414 2162
27129 5919 13482 15 13647 13632 3551
27204 5167 5517 70 21687 21617 1313
27713 8850 13719 39 13994 13955 3611
28230 1960 17687 8 10543 10535 4624
28680 1059 11281 18 17399 17381 2930
28918 211 3809 41 25109 25068 907
29120 8686 9128 22 19992 19970 2335
29271 9658 4763 37 24508 24471 1113
29380 4329 11531 33 17849 17816 2993
29415 6012 11554 19 17861 17842 3004
29418 9517 5911 32 23507 23475 1437
29454 2284 4786 40 24668 24628 1126
29521 5769 470 142 29051 28909 104
29570 2987 2481 82 27089 27007 632
29594 6416 18551 10 11043 11033 4817
29655 4622 909 99 28746 28647 169
29658 3353 3156 47 26502 26455 731
29709 4382 5958 72 23751 23679 1456
29741 6970 11705 19 18036 18017 3031
29856 5165 18724 8 11132 11124 4848
29987 2720 18772 37 11215 11178 4881
30029 503 23723 1 6306 6305 6305
30323 1578 73 227 30250 30023 7
30373 4547 15029 15 15344 15329 4003
30514 4579 19122 7 11392 11385 4966
30584 9303 11989 16 18595 18579 3123
30625 4043 19194 8 11431 11423 4986
30848 262 7662 63 23186 23123 1944
30863 1040 24381 5 6482 6477 6477
30944 4674 2066 129 28878 28749 518
30946 9615 5006 36 25940 25904 1187
31206 809 127 230 31079 30849 15
31248 1167 6242 71 25006 24935 1523
31327 4052 6256 31 25071 25040 1539
31451 6496 15595 15 15856 15841 4134
31483 3799 3342 48 28141 28093 773
31497 6156 24889 4 6608 6604 6604
31506 4065 24896 2 6610 6608 6608
31573 2429 24945 3 6628 6625 6625
31677 3036 3343 48 28334 28286 778
31692 2269 1718 100 29974 29874 405
32004 8697 20062 6 11942 11936 5200
32015 9280 25279 1 6736 6735 6735
32056 8567 7991 35 24065 24030 2029
32099 8282 15907 11 16192 16181 4215
32135 5963 15931 11 16204 16193 4225
32249 7032 8013 97 24236 24139 2030
32795 1723 25899 1 6896 6895 6895
32919 4797 4266 85 28653 28568 1005
33007 5561 16335 19 16672 16653 4291
33085 7879 12995 18 20090 20072 3380
33355 3946 26336 2 7019 7017 7017
33394 4177 10432 22 22962 22940 2664
33408 5286 26375 2 7033 7031 7031
33529 8554 26455 4 7074 7070 7070
33661 7760 834 155 32827 32672 155
33662 4166 13191 20 20471 20451 3450
33666 5590 16650 13 17016 17003 4375
33738 9210 5423 49 28315 28266 1293
33846 6267 21150 7 12696 12689 5542
33879 7691 10563 21 23316 23295 2713
33965 6563 6734 116 27231 27115 1657
34013 3761 4383 84 29630 29546 1038
34019 6129 21281 6 12738 12732 5569
34041 864 3565 48 30476 30428 832
34175 2386 6789 32 27386 27354 1684
34202 4988 21381 7 12821 12814 5608
34205 6319 21382 7 12823 12816 5612
34341 7380 21475 8 12866 12858 5625
34676 3960 27370 5 7306 7301 7301
34686 7450 10776 23 23910 23887 2804
34717 2255 3641 59 31076 31017 850
34754 3629 13621 19 21133 21114 3594
34765 4105 17227 15 17538 17523 4489
34844 9706 3651 65 31193 31128 852
34892 2566 21775 8 13117 13109 5752
34907 4356 667 135 34240 34105 145
34924 1489 27556 4 7368 7364 7364
35129 7892 21904 10 13225 13215 5790
35395 2403 27939 2 7456 7454 7454
35428 3217 2365 100 33063 32963 597
35559 518 848 148 34711 34563 159
35574 8253 22187 7 13387 13380 5887
35772 1137 1916 84 33856 33772 467
35778 8261 7056 60 28722 28662 1761
35839 6292 8853 26 26986 26960 2256
35917 4259 8858 50 27059 27009 2263
35933 5405 28351 4 7582 7578 7578
36006 1568 28402 4 7604 7600 7600
36322 3467 17923 51 18399 18348 4688
36324 569 17958 11 18366 18355 4694
36392 1867 14226 17 22166 22149 3750
36654 7235 5832 36 30822 30786 1406
36699 884 22903 7 13796 13789 6041
36716 9735 3814 49 32902 32853 911
37133 2354 11499 24 25634 25610 2987
37196 5094 1977 100 35219 35119 487
37305 813 7346 68 29959 29891 1823
37355 6987 900 110 36455 36345 167
37448 7875 23341 8 14107 14099 6207
37518 981 29607 5 7911 7906 7906
37662 8644 9311 27 28351 28324 2390
37667 9858 4838 44 32829 32785 1134
37818 5470 29872 4 7946 7942 7942
37831 7656 29882 5 7949 7944 7944
37918 6625 18771 15 19147 19132 4871
37948 9100 23676 8 14272 14264 6287
38164 2879 7515 42 30649 30607 1899
38309 1066 11874 24 26435 26411 3083
38505 1887 24029 8 14476 14468 6393
38755 213 30628 2 8127 8125 8125
38779 7649 30650 3 8129 8126 8126
38805 6683 15128 59 23677 23618 4043
38915 1296 1119 122 37796 37674 230
39093 5535 9668 29 29425 29396 2447
39326 1795 9714 26 29612 29586 2475
39390 633 647 119 38743 38624 138
39549 3063 31261 2 8288 8286 8286
39559 5332 12255 67 27304 27237 3195
39610 1093 15513 17 24097 24080 4124
39729 9831 7820 31 31909 31878 1999
39866 5469 530 115 39336 39221 118
40032 79 25000 7 15032 15025 6642
40091 2983 15672 68 24419 24351 4170
40181 8072 25089 8 15092 15084 6672
40523 1500 20069 15 20454 20439 5211
40567 9097 5123 143 35444 35301 1220
40602 1154 6398 108 34204 34096 1576
40828 5052 25470 10 15358 15348 6763
40848 3005 15969 33 24879 24846 4241
41023 3182 25573 9 15450 15441 6814
41144 429 32491 4 8653 8649 8649
41150 7740 25668 7 15482 15475 6831
41172 7406 10186 30 30986 30956 2600
41406 5314 25828 8 15578 15570 6869
41432 2804 25844 7 15588 15581 6881
41476 6368 12877 21 28599 28578 3342
41510 3198 12883 23 28627 28604 3348
41702 7916 26025 6 15677 15671 6935
41745 4285 32994 3 8751 8748 8748
41809 9800 16366 16 25443 25427 4300
41829 1983 374 194 41455 41261 64
41887 542 6608 39 35279 35240 1634
41896 3882 12996 46 28900 28854 3384
41986 484 6622 37 35364 35327 1639
42038 4357 4310 72 37728 37656 1022
42085 7573 33250 2 8835 8833 8833
42150 4099 20832 11 21318 21307 5453
42325 6203 113 332 42212 41880 15
42475 8704 4376 48 38099 38051 1033
42477 5679 33573 2 8904 8902 8902
42687 8988 26618 8 16069 16061 7121
42848 8546 33869 4 8979 8975 8975
42881 6232 10571 28 32310 32282 2717
42980 9480 5441 81 37539 37458 1299
43236 1869 34173 3 9063 9060 9060
43299 2753 13410 23 29889 29866 3538
43350 4171 16979 19 26371 26352 4433
43452 5918 21470 27 21982 21955 5618
43502 5349 765 286 42737 42451 154
43657 9700 34493 1 9164 9163 9163
43825 5930 541 187 43284 43097 125
43860 5269 27347 6 16513 16507 7295
43900 4564 2313 104 41587 41483 587
43999 8496 10799 27 33200 33173 2817
44131 7163 8630 39 35501 35462 2187
44189 2408 21787 14 22402 22388 5752
44432 7728 1529 107 42903 42796 344
44460 7312 35107 3 9353 9350 9350
44511 3455 35155 2 9356 9354 9354
44637 1392 21993 11 22644 22633 5820
44750 777 6968 78 37782 37704 1730
44840 9888 35424 1 9416 9415 9415
44864 7900 22099 15 22765 22750 5872
44875 822 2334 122 42541 42419 592
44895 6594 22108 11 22787 22776 5883
44910 7966 22109 18 22801 22783 5888
45015 607 35571 1 9444 9443 9443
45105 8635 4620 50 40485 40435 1068
45347 6581 35826 4 9521 9517 9517
45475 4145 22402 12 23073 23061 5929
45618 8378 36025 3 9593 9590 9590
45648 9608 4647 85 41001 40916 1075
45699 1440 7121 57 38578 38521 1774
45703 3892 22500 13 23203 23190 5951
45742 7229 7108 110 38634 38524 1769
45780 7137 28499 7 17281 17274 7633
45861 1539 5773 45 40088 40043 1383
45937 654 8961 33 36976 36943 2293
45989 6059 22622 39 23367 23328 5975
45997 1700 11245 76 34752 34676 2922
46101 5886 11274 48 34827 34779 2931
46157 1269 4693 49 41464 41415 1095
46168 1997 4667 93 41501 41408 1080
46219 4739 14257 26 31962 31936 3760
46313 6863 14293 22 32020 31998 3769
46560 6011 22920 15 23640 23625 6049
46816 1897 18257 42 28559 28517 4754
46832 6228 9130 41 37702 37661 2338
46850 315 11477 30 35373 35343 2973
46968 5183 29242 8 17726 17718 7833
46978 6556 11491 29 35487 35458 2983
47086 3743 29307 8 17779 17771 7865
47164 9699 23199 12 23965 23953 6161
47494 3589 37490 2 10004 10002 10002
47672 8294 23456 32 24216 24184 6237
47924 9736 2518 82 45406 45324 640
47985 3508 14822 21 33163 33142 3931
48070 500 18795 19 29275 29256 4877
48283 5987 14891 21 33392 33371 3978
48297 3751 18883 16 29414 29398 4904
48324 669 2018 103 46306 46203 506
48399 6088 38219 2 10180 10178 10178
48467 1617 3184 124 45283 45159 743
48578 4935 9475 34 39103 39069 2408
48668 217 23942 57 24726 24669 6375
48946 8104 19140 20 29806 29786 4975
49212 3899 24237 11 24975 24964 6453
49233 1100 38855 2 10378 10376 10376
49291 3958 15198 34 34093 34059 4070
49327 4594 4967 83 44360 44277 1166
49378 257 4968 71 44410 44339 1167
49387 3717 12075 29 37312 37283 3151
49400 6868 24330 31 25070 25039 6478
49474 1906 39044 2 10430 10428 10428
49601 4678 19400 16 30201 30185 5032
49682 9968 24480 12 25202 25190 6508
49759 7102 24514 11 25245 25234 6523
49847 7112 31108 9 18739 18730 8238
49857 406 9708 78 40149 40071 2470
49977 175 5000 107 44977 44870 1183
50037 7805 39496 2 10541 10539 10539
50294 8486 24801 15 25493 25478 6573
50362 9681 24832 14 25530 25516 6591
50367 832 24832 14 25535 25521 6596
50411 8708 19736 16 30675 30659 5113
50679 1968 3341 77 47338 47261 774
50704 5417 7877 57 42827 42770 2008
50749 6709 40083 3 10666 10663 10663
51427 7725 32093 9 19334 19325 8523
51488 2044 15903 59 35585 35526 4217
51552 447 15928 65 35624 35559 4222
51564 1196 15945 25 35619 35594 4231
51754 2517 25496 14 26258 26244 6779
51784 5468 1758 167 50026 49859 413
51791 30 40915 1 10876 10875 10875
51811 5990 6456 41 45355 45314 1601
52145 823 41194 1 10951 10950 10950
52317 5899 25787 11 26530 26519 6854
52558 2037 20536 16 32022 32006 5375
52945 305 41842 5 11103 11098 11098
52984 2918 6608 44 46376 46332 1631
53066 3532 20729 18 32337 32319 5429
53383 3241 20840 20 32543 32523 5468
53861 1566 33615 33 20246 20213 8916
53913 6551 42595 3 11318 11315 11315
53924 4399 26560 11 27364 27353 7102
53927 4233 10503 66 43424 43358 2681
54244 8390 33863 9 20381 20372 8974
54300 5518 42886 5 11414 11409 11409
54383 2626 13307 39 41076 41037 3509
54411 3745 33979 6 20432 20426 9002
54417 9546 2845 130 51572 51442 683
54724 5540 21371 20 33353 33333 5594
54821 697 34242 10 20579 20569 9076
54951 540 2299 95 52652 52557 581
54999 4749 27109 11 27890 27879 7231
55164 1113 43582 4 11582 11578 11578
55212 573 43628 1 11584 11583 11583
55373 3724 17119 25 38254 38229 4472
55430 9431 43788 2 11642 11640 11640
55596 5870 34694 7 20902 20895 9223
55875 7807 3641 124 52234 52110 844
55918 5190 446 220 55472 55252 89
56039 9869 17282 21 38757 38736 4521
56101 7518 1896 70 54205 54135 451
56129 2538 5599 46 50530 50484 1328
56291 8305 13732 28 42559 42531 3618
56525 6831 35276 8 21249 21241 9389
56594 9306 3692 62 52902 52840 874
56628 4095 6987 45 49641 49596 1733
56697 8345 44820 5 11877 11872 11872
56968 3664 45051 1 11917 11916 11916
57243 1103 17673 22 39570 39548 4620
57283 3354 7059 71 50224 50153 1764
57347 9876 7065 61 50282 50221 1764
57878 3007 11219 45 46659 46614 2909
58213 5280 36358 8 21855 21847 9703
58349 8483 36451 6 21898 21892 9722
58383 2311 36452 30 21931 21901 9723
58581 8738 36586 10 21995 21985 9760
58680 3298 36642 6 22038 22032 9793
58697 5065 28901 11 29796 29785 7742
58739 9704 36678 10 22061 22051 9799
59059 9388 14432 31 44627 44596 3799
59066 3056 18245 22 40821 40799 4751
59289 8824 5873 50 53416 53366 1425
59669 2996 18402 55 41267 41212 4787
59880 5986 37417 6 22463 22457 9964
59897 9403 14630 48 45267 45219 3862
59953 5099 11616 64 48337 48273 3010
59985 8766 11642 32 48343 48311 3014
60103 310 47573 1 12530 12529 12529
60132 4570 37583 9 22549 22540 10003
60206 1450 5963 84 54243 54159 1457
60651 7020 23625 37 37026 36989 6286
60750 4135 6016 50 54734 54684 1470
60758 8889 7496 41 53262 53221 1888
60768 5519 48109 3 12659 12656 12656
61061 1441 38179 9 22882 22873 10151
61353 4431 11887 31 49466 49435 3083
61597 7205 24043 19 37554 37535 6397
62093 7657 7639 43 54454 54411 1936
62145 7367 24243 16 37902 37886 6453
62172 3890 30716 11 31456 31445 8145
62605 2316 15300 30 47305 47275 4096
62618 1939 7677 92 54941 54849 1955
62692 7779 39203 7 23489 23482 10460
62785 1135 9695 40 53090 53050 2466
62792 2360 9700 36 53092 53056 2467
62858 7207 12188 31 50670 50639 3188
63125 3244 31210 14 31915 31901 8269
63206 4646 1386 84 61820 61736 313
63391 1862 7811 44 55580 55536 1991
63441 6311 12315 62 51126 51064 3214
63457 767 50278 3 13179 13176 13176
63463 1240 39695 10 23768 23758 10582
63475 1810 19704 27 43771 43744 5086
63586 5719 50383 2 13203 13201 13201
63656 4078 39817 6 23839 23833 10607
63689 4873 31484 14 32205 32191 8346
63715 541 50488 3 13227 13224 13224
63936 5792 40012 7 23924 23917 10646
63944 4458 40023 6 23921 23915 10649
63999 3021 9908 40 54091 54051 2528
64067 9927 5105 87 58962 58875 1208
64087 8883 25049 16 39038 39022 6656
64095 2912 15694 53 48401 48348 4169
64112 6610 19889 23 44223 44200 5166
64270 5545 15743 30 48527 48497 4183
64471 1413 51083 2 13388 13386 13386
64519 9422 40373 10 24146 24136 10737
64670 3592 10009 36 54661 54625 2543
64881 7472 6389 98 58492 58394 1568
64955 3739 32116 14 32839 32825 8529
65228 4464 6433 100 58795 58695 1597
65240 9174 1762 99 63478 63379 415
65408 1490 51846 5 13562 13557 13557
65588 1141 20309 22 45279 45257 5284
65596 3329 1749 132 63847 63715 410
65711 9311 8097 68 57614 57546 2057
65836 3016 52180 2 13656 13654 13654
65943 111 16160 28 49783 49755 4267
66059 7291 32664 13 33395 33382 8685
66425 9390 32870 14 33555 33541 8716
66451 285 41605 10 24846 24836 11039
66583 8598 26015 19 40568 40549 6929
66613 5643 41713 10 24900 24890 11068
66763 466 26077 17 40686 40669 6954
66843 4198 52961 2 13882 13880 13880
66861 9394 26087 64 40774 40710 6953
66902 5412 3499 78 63403 63325 810
67017 7355 41962 7 25055 25048 11137
67192 7088 20784 25 46408 46383 5435
67279 8166 2237 132 65042 64910 569
67298 8878 26284 18 41014 40996 6999
67303 6690 10409 40 56894 56854 2657
67359 4002 42179 7 25180 25173 11193
67385 2372 33336 13 34049 34036 8853
67394 409 53408 2 13986 13984 13984
67409 9120 53415 5 13994 13989 13989
67558 1427 42304 7 25254 25247 11217
67768 6511 20916 71 46852 46781 5499
68073 2754 53954 3 14119 14116 14116
68132 263 13228 32 54904 54872 3459
68187 6883 13229 33 54958 54925 3464
68320 1690 6728 79 61592 61513 1651
68356 1003 42804 8 25552 25544 11383
68540 6019 13298 68 55242 55174 3491
68597 7091 42971 9 25626 25617 11413
68663 7837 43001 21 25662 25641 11425
68672 3421 21231 66 47441 47375 5555
68706 583 10608 60 58098 58038 2722
68833 9001 54571 3 14262 14259 14259
68865 6765 6770 108 62095 61987 1675
68871 3271 34101 11 34770 34759 9038
68873 1501 13372 49 55501 55452 3530
68950 1184 54673 1 14277 14276 14276
69012 5367 34172 11 34840 34829 9059
69075 1781 43270 10 25805 25795 11481
69080 7086 26992 18 42088 42070 7202
69329 2772 3572 112 65757 65645 836
69330 8977 34324 15 35006 34991 9106
69448 8941 34375 14 35073 35059 9107
69571 7991 8538 44 61033 60989 2169
69602 5765 1872 111 67730 67619 435
69618 5262 1234 117 68384 68267 277
69830 1711 1875 104 67955 67851 442
69963 5025 43801 7 26162 26155 11644
70005 2815 3609 136 66396 66260 832
70010 2980 27302 58 42708 42650 7287
70280 655 34740 52 35540 35488 9232
70310 6360 27430 37 42880 42843 7318
70425 360 21753 22 48672 48650 5729
70568 7766 55938 4 14630 14626 14626
70752 6932 5589 54 65163 65109 1323
70799 2396 6931 50 63868 63818 1720
70909 4995 1244 165 69665 69500 285
71090 6193 4552 67 66538 66471 1061
71213 2679 17400 40 53813 53773 4564
71314 2559 56540 4 14774 14770 14770
71416 8359 56636 2 14780 14778 14778
71518 2417 56709 4 14809 14805 14805
71629 4861 28004 16 43625 43609 7473
71667 6789 27995 52 43672 43620 7467
71671 556 56834 1 14837 14836 14836
71807 8543 56945 3 14862 14859 14859
71921 6656 2373 136 69548 69412 601
72335 6668 35827 13 36508 36495 9521
72582 3139 57558 5 15024 15019 15019
72617 8920 7108 61 65509 65448 1772
72627 3109 22415 67 50212 50145 5934
72653 8712 5706 109 66947 66838 1357
72664 7508 8894 44 63770 63726 2276
72690 2327 57639 2 15051 15049 15049
72777 6651 28419 19 44358 44339 7606
72875 7562 28466 16 44409 44393 7624
72950 1710 8912 56 64038 63982 2282
72952 445 36127 11 36825 36814 9634
72999 6736 45795 9 27204 27195 12089
73061 1275 28532 16 44529 44513 7648
73255 2908 28609 19 44646 44627 7664
73308 1878 14197 34 59111 59077 3737
73342 3780 36312 15 37030 37015 9684
73414 7639 14217 35 59197 59162 3746
73481 2507 22689 26 50792 50766 6004
73583 3597 28753 17 44830 44813 7695
73664 2490 22704 78 50960 50882 6019
73819 8326 58542 1 15277 15276 15276
74000 1110 46447 8 27553 27545 12242
74008 4682 58700 1 15308 15307 15307
74147 1845 28960 19 45187 45168 7755
74263 1311 46593 6 27670 27664 12293
74322 8230 9105 45 65217 65172 2327
74502 8472 7301 50 67201 67151 1820
74659 9512 9133 41 65526 65485 2341
74663 5138 1577 158 73086 72928 364
74772 9730 9134 45 65638 65593 2347
74778 5439 5870 100 68908 68808 1415
74836 2872 37088 15 37748 37733 9887
74877 9592 59416 3 15461 15458 15458
74934 4729 47053 6 27881 27875 12406
74968 5073 47035 54 27933 27879 12403
75248 2519 14571 35 60677 60642 3861
75405 4189 5924 61 69481 69420 1440
75486 4328 37397 42 38089 38047 9959
75683 2593 23368 72 52315 52243 6210
75784 2321 47576 6 28208 28202 12534
75794 1448 60122 3 15672 15669 15669
75812 8930 60131 5 15681 15676 15676
76027 3084 37684 13 38343 38330 10046
76038 3372 14758 31 61280 61249 3902
76091 5795 37718 13 38373 38360 10060
76301 8607 47920 9 28381 28372 12592
76355 4715 14815 35 61540 61505 3926
76478 3748 14826 32 61652 61620 3939
76764 8004 14879 35 61885 61850 3966
76812 1122 60943 5 15869 15864 15864
76909 3541 7516 55 69393 69338 1901
76912 9571 61037 5 15875 15870 15870
76969 4432 18895 48 58074 58026 4913
77019 9060 7519 69 69500 69431 1904
77302 8461 23910 25 53392 53367 6376
77627 1576 48778 9 28849 28840 12809
77895 464 38671 14 39224 39210 10289
77944 6920 15113 32 62831 62799 4034
78070 8240 7623 89 70447 70358 1922
78123 4238 61987 5 16136 16131 16131
78125 9672 61989 1 16136 16135 16135
78143 2328 24184 52 53959 53907 6426
78200 3911 935 155 77265 77110 176
78308 1991 15167 34 63141 63107 4056
78474 8055 38885 43 39589 39546 10379
78539 3806 49345 9 29194 29185 12953
78682 2422 24357 21 54325 54304 6474
78780 6518 12084 76 66696 66620 3157
78967 1498 49629 10 29338 29328 12996
79091 7130 49715 10 29376 29366 13016
79100 6597 49719 7 29381 29374 13020
79517 1471 24623 24 54894 54870 6562
79694 7901 31227 46 48467 48421 8281
79812 5250 50155 7 29657 29650 13133
79912 343 31290 68 48622 48554 8300
79948 3331 9810 42 70138 70096 2506
80010 6578 39656 58 40354 40296 10565
80026 1655 6246 172 73780 73608 1529
80183 9941 6284 63 73899 73836 1545
80236 139 420 173 79816 79643 90
80583 6590 2131 172 78452 78280 538
80704 8018 64004 3 16700 16697 16697
80715 9641 64015 1 16700 16699 16699
80866 2961 7899 49 72967 72918 2016
81031 6007 40222 15 40809 40794 10713
81212 1730 19984 26 61228 61202 5179
81237 4618 51051 8 30186 30178 13376
81277 5626 64465 3 16812 16809 16809
81339 3565 51109 6 30230 30224 13395
81594 165 40477 13 41117 41104 10761
81618 4962 31994 20 49624 49604 8489
81922 6687 1425 145 80497 80352 320
82020 3614 12641 36 69379 69343 3286
82414 5136 25505 22 56909 56887 6786
82476 8322 40931 14 41545 41531 10881
82520 1922 65406 1 17114 17113 17113
82589 7825 12683 103 69906 69803 3295
82630 8808 51889 9 30741 30732 13577
82730 7225 32411 19 50319 50300 8623
82807 6947 52008 9 30799 30790 13593
82818 4353 52011 10 30807 30797 13596
82854 8125 52029 10 30825 30815 13606
82912 253 16044 93 66868 66775 4253
83066 5237 12803 38 70263 70225 3319
83071 6077 65823 3 17248 17245 17245
83131 5942 65861 1 17270 17269 17269
83509 1424 25825 23 57684 57661 6866
83613 2738 12873 43 70740 70697 3340
84010 4826 10271 76 73739 73663 2632
84093 2477 20623 28 63470 63442 5403
84361 7238 20669 45 63692 63647 5415
84452 3692 53004 7 31448 31441 13888
84560 636 10330 95 74230 74135 2635
84678 6482 53155 8 31523 31515 13919
84741 2504 26176 94 58565 58471 6971
84855 9807 67229 1 17626 17625 17625
84989 9847 42158 15 42831 42816 11196
85109 2558 26341 25 58768 58743 7021
85114 8191 53437 6 31677 31671 14003
85417 100 42366 13 43051 43038 11253
85467 3658 5395 58 80072 80014 1271
85753 6420 10476 115 75277 75162 2673
85783 692 16632 36 69151 69115 4375
85970 6050 68117 3 17853 17850 17850
86530 9630 8421 50 78109 78059 2146
86567 8046 4396 80 82171 82091 1042
86647 9837 68624 3 18023 18020 18020
86763 5404 6743 143 80020 79877 1666
86876 4632 5450 93 81426 81333 1302
86916 7638 10631 45 76285 76240 2735
87180 9861 54738 10 32442 32432 14303
87192 6798 69055 5 18137 18132 18132
87390 5490 16989 33 70401 70368 4436
87494 7006 17001 31 70493 70462 4446
87544 6170 10695 45 76849 76804 2769
87654 7998 21502 26 66152 66126 5634
87692 2852 13484 69 74208 74139 3555
87701 3622 10687 119 77014 76895 2765
88025 8912 34496 20 53529 53509 9165
88071 6099 43683 18 44388 44370 11598
88166 4402 34541 17 53625 53608 9171
88282 1526 261 250 88021 87771 40
88305 3285 2913 117 85392 85275 705
88405 2056 34647 19 53758 53739 9206
88467 5911 10764 88 77703 77615 2792
88624 4240 43966 15 44658 44643 11685
88641 1020 55678 8 32963 32955 14553
88817 7263 34787 63 54030 53967 9249
88862 7905 55823 9 33039 33030 14594
89092 2888 55962 7 33130 33123 14629
89170 6393 34936 49 54234 54185 9286
89449 594 21861 27 67588 67561 5777
89461 966 13708 40 75753 75713 3610
89646 4723 27700 31 61946 61915 7420
89702 9472 8683 46 81019 80973 2212
89801 9701 1518 158 88283 88125 340
89856 6828 13764 38 76092 76054 3627
90032 8572 56532 7 33500 33493 14769
90075 3292 71350 5 18725 18720 18720
90103 4090 27843 54 62260 62206 7442
90179 3185 17451 79 72728 72649 4573
90330 9373 22087 28 68243 68215 5866
90366 6066 5645 104 84721 84617 1338
90423 8076 13862 37 76561 76524 3647
90486 7761 71667 5 18819 18814 18814
90627 7849 35565 17 55062 55045 9434
90822 1989 17586 88 73236 73148 4596
90840 8647 1911 207 88929 88722 460
90844 5044 71974 1 18870 18869 18869
90901 637 45133 14 45768 45754 11961
90965 8254 2391 113 88574 88461 607
91068 393 5695 141 85373 85232 1348
91250 2446 8843 51 82407 82356 2254
91262 1357 72295 5 18967 18962 18962
91329 1915 28269 22 63060 63038 7552
91414 8374 72399 2 19015 19013 19013
91618 2183 57535 8 34083 34075 15019
91688 7193 1923 109 89765 89656 472
92121 3731 28467 69 63654 63585 7628
92398 4811 73164 1 19234 19233 19233
92513 5123 36287 16 56226 56210 9675
92537 2963 5760 137 86777 86640 1379
92617 5428 36330 16 56287 56271 9684
92734 4151 46091 12 46643 46631 12141
92885 7319 18007 32 74878 74846 4707
93117 6787 73738 1 19379 19378 19378
93509 7213 14338 54 79171 79117 3789
93535 5669 36689 20 56846 56826 9802
93549 866 18160 31 75389 75358 4731
93702 751 28977 27 64725 64698 7764
93756 4221 873 164 92883 92719 165
93768 5038 74269 5 19499 19494 19494
93923 1174 11453 42 82470 82428 2961
94097 2621 36907 57 57190 57133 9843
94253 5944 46856 11 47397 47386 12351
94284 7416 29186 24 65098 65074 7805
94355 5707 37017 16 57338 57322 9874
94357 8283 14464 45 79893 79848 3831
94433 5219 5874 64 88559 88495 1429
94627 596 14498 38 80129 80091 3838
94854 7646 47156 13 47698 47685 12439
94920 4111 14547 39 80373 80334 3859
94978 1640 29397 35 65581 65546 7867
95091 2213 23248 27 71843 71816 6183
95127 6447 47294 14 47833 47819 12472
95150 7348 47292 41 47858 47817 12468
95204 5467 499 167 94705 94538 107
95269 6714 9224 50 86045 85995 2376
95273 6041 11602 63 83671 83608 3010
95380 1752 47428 15 47952 47937 12489
95706 8914 11627 82 84079 83997 3016
95898 9643 37641 20 58257 58237 10029
95953 703 60264 7 35689 35682 15710
96141 233 9311 91 86830 86739 2385
96274 6015 11745 42 84529 84487 3043
96291 6160 37785 19 58506 58487 10089
96349 1780 14801 36 81548 81512 3919
96425 4625 7473 64 88952 88888 1881
96591 2293 3917 79 92674 92595 934
96783 3805 30012 26 66771 66745 7977
96813 4016 14855 40 81958 81918 3963
96829 3116 48136 13 48693 48680 12668
96968 2170 60915 7 36053 36046 15850
97112 3092 11816 66 85296 85230 3062
97198 5205 18907 31 78291 78260 4909
97315 7874 77063 4 20252 20248 20248
97326 5980 38219 36 59107 59071 10177
97445 6595 48473 14 48972 48958 12744
97525 9841 38317 17 59208 59191 10198
97535 8443 38322 20 59213 59193 10199
97616 8195 38347 16 59269 59253 10206
97655 1423 2030 96 95625 95529 506
97806 5429 7564 78 90242 90164 1917
98105 4376 3976 79 94129 94050 938
98306 6541 19117 66 79189 79123 4956
98343 9006 19135 31 79208 79177 4972
98366 4508 15105 36 83261 83225 4030
98370 6999 61805 8 36565 36557 16068
98439 2400 61857 8 36582 36574 16083
98454 9437 61868 8 36586 36578 16084
98659 9161 38762 33 59897 59864 10329
98736 9903 38778 16 59958 59942 10343
98788 6549 9573 81 89215 89134 2439
98795 5 62062 12 36733 36721 16169
98881 7809 38827 20 60054 60034 10363
98925 2199 38854 19 60071 60052 10366
98983 83 78376 4 20607 20603 20603
98994 7463 49264 14 49730 49716 12927
99133 4387 78506 1 20627 20626 20626
99236 753 62347 10 36889 36879 16241
99371 8928 1638 178 97733 97555 394
99495 622 78814 4 20681 20677 20677
99502 9276 4959 142 94543 94401 1158
99690 9550 62629 9 37061 37052 16328
99698 8834 7719 67 91979 91912 1954
99750 4306 62660 10 37090 37080 16338
