87 8289 45 17 42 25 25
119 3268 3 78 116 38 0
163 4060 5 114 158 44 18
314 3243 159 128 155 27 5
416 4551 401 5 15 10 10
430 3741 400 13 30 17 17
549 8228 518 11 31 20 20
595 5193 253 182 342 160 4
626 3523 475 90 151 61 5
698 81 682 15 16 1 1
861 7666 496 25 365 340 340
941 5775 328 152 613 461 22
943 7143 928 1 15 14 14
1127 860 1025 23 102 79 79
1160 755 1129 18 31 13 13
1164 9718 1002 83 162 79 41
1326 4085 1246 61 80 19 9
1335 4124 1311 8 24 16 16
1427 3386 1383 34 44 10 8
1448 887 1409 20 39 19 19
1531 2925 1513 3 18 15 15
1619 129 1576 14 43 29 29
1638 8821 1580 44 58 14 1
1646 5570 1116 146 530 384 12
1666 2571 1615 33 51 18 5
1728 456 1564 24 164 140 140
1836 6836 569 138 1267 1129 969
1889 7172 942 25 947 922 922
1926 965 1903 10 23 13 13
2080 5978 1908 85 172 87 55
2156 5094 1977 100 179 79 0
2239 4674 2066 129 173 44 15
2333 9251 2288 22 45 23 23
2366 3166 2346 3 20 17 17
2453 5989 2431 15 22 7 7
2458 8202 2425 14 33 19 7
2474 954 2457 15 17 2 2
2619 8876 2599 7 20 13 13
2630 661 2504 79 126 47 11
2656 8122 1580 25 1076 1051 1051
2697 269 2637 20 60 40 40
3000 849 2973 9 27 18 18
3049 7648 3025 6 24 18 18
3071 5787 2961 78 110 32 11
3212 7135 3185 11 27 16 16
3271 3574 2861 76 410 334 17
3508 3260 3489 8 19 11 11
3763 8967 3732 12 31 19 19
3945 4175 3912 9 33 24 24
3977 101 3834 79 143 64 26
4001 2193 3547 65 454 389 18
4040 389 4005 13 35 22 22
4062 1112 3399 105 663 558 209
4352 1372 4289 19 63 44 44
4497 9981 4451 20 46 26 26
4528 4396 4423 67 105 38 16
4607 4227 4538 45 69 24 14
4644 9957 4640 2 4 2 2
4713 474 4369 152 344 192 87
4813 2338 4708 62 105 43 21
4846 5146 4836 2 10 8 8
4954 9595 4712 22 242 220 220
5012 6341 4970 24 42 18 14
5062 9574 5000 52 62 10 9
5143 6728 5054 43 89 46 9
5191 7604 5115 59 76 17 0
5294 6424 5285 3 9 6 6
5315 892 5299 10 16 6 6
5363 9097 5123 143 240 97 21
5433 8931 5355 31 78 47 16
5521 7169 5399 63 122 59 4
5633 5167 5517 70 116 46 13
5694 257 4968 71 726 655 612
5757 4990 5747 6 10 4 4
5803 857 5795 7 8 1 1
5866 9480 5441 81 425 344 115
5872 1503 5833 28 39 11 9
5881 2345 5873 8 8 0 0
5929 7183 5727 18 202 184 184
5954 5203 5906 28 48 20 2
5971 8707 5953 16 18 2 2
6021 2518 6008 11 13 2 2
6036 1330 6004 14 32 18 18
6051 4837 6029 14 22 8 8
6071 6376 5763 19 308 289 289
6338 9469 6331 3 7 4 4
6543 1154 6398 108 145 37 3
6585 5029 6507 40 78 38 3
6604 1167 6242 71 362 291 4
6821 4464 6433 100 388 288 273
6874 8602 6870 3 4 1 1
6928 7757 6901 7 27 20 20
7159 2431 7109 18 50 32 32
7184 3249 6737 20 447 427 427
7223 777 6968 78 255 177 7
7243 6563 6734 116 509 393 372
7273 7229 7108 110 165 55 19
7376 166 7145 131 231 100 15
7388 2463 7352 11 36 25 25
7462 8675 6858 115 604 489 448
7487 9427 7395 61 92 31 6
7654 9316 7629 11 25 14 14
7680 5297 7657 11 23 12 12
7696 1036 7674 9 22 13 13
7780 262 7662 63 118 55 35
7981 5417 7877 57 104 47 6
8107 8567 7991 35 116 81 14
8141 7032 8013 97 128 31 5
8157 6064 8113 32 44 12 4
8179 3804 8158 21 21 0 0
8538 9686 5992 197 2546 2349 2188
8748 6765 6770 108 1978 1870 1830
8846 3808 8840 1 6 5 5
8856 2523 8771 65 85 20 0
8961 4259 8858 50 103 53 10
9057 6113 9024 7 33 26 26
9078 3815 9039 11 39 28 28
9132 6283 9115 7 17 10 10
9225 8686 9128 22 97 75 75
9242 9730 9134 45 108 63 26
9306 6228 9130 41 176 135 113
9334 4349 7434 124 1900 1776 1667
9395 62 9362 12 33 21 21
9498 9143 7440 23 2058 2035 2035
9695 372 8443 23 1252 1229 1229
9812 2650 9791 10 21 11 11
9826 2690 9790 13 36 23 23
9976 5936 8452 160 1524 1364 1279
9982 233 9311 91 671 580 10
10060 1375 10031 9 29 20 20
10091 875 10043 16 48 32 32
10140 2019 10130 7 10 3 3
10174 6285 9989 143 185 42 17
10261 6155 10153 16 108 92 92
10301 5264 9977 111 324 213 115
10369 4643 10353 12 16 4 4
10447 9356 10429 3 18 15 15
10488 636 10330 95 158 63 1
10534 4177 10432 22 102 80 80
10571 2073 10553 1 18 17 17
10575 4553 10570 1 5 4 4
10597 7691 10563 21 34 13 13
10657 9501 10635 8 22 14 14
10686 1990 10679 6 7 1 1
10890 5691 10697 116 193 77 13
10922 2198 10678 113 244 131 9
10958 5911 10764 88 194 106 61
11065 8457 10605 75 460 385 122
11264 9047 11240 11 24 13 13
11331 1059 11281 18 50 32 32
11350 5886 11274 48 76 28 3
11366 1700 11245 76 121 45 41
11461 4037 11440 15 21 6 6
11541 1731 11529 1 12 11 11
11594 4329 11531 33 63 30 11
11614 6012 11554 19 60 41 41
11745 5099 11616 64 129 65 21
11765 6970 11705 19 60 41 41
11827 3479 11811 7 16 9 9
11896 6997 11888 5 8 3 3
11912 4261 11889 15 23 8 8
11931 6549 9573 81 2358 2277 2122
12014 9303 11989 16 25 9 9
12091 1422 12073 10 18 8 8
12335 8793 12329 5 6 1 1
12344 5332 12255 67 89 22 14
12370 6518 12084 76 286 210 86
12437 1841 11929 214 508 294 3
12498 3563 12487 8 11 3 3
12544 5378 11931 59 613 554 6
12677 1287 12660 13 17 4 4
12850 6697 12835 12 15 3 3
13022 7879 12995 18 27 9 9
13049 2738 12873 43 176 133 109
13090 6368 12877 21 213 192 192
13100 3882 12996 46 104 58 54
13286 5437 13274 6 12 6 6
13323 806 13253 47 70 23 10
13488 717 13477 9 11 2 2
13506 2626 13307 39 199 160 82
13522 8180 13374 91 148 57 2
13538 5919 13482 15 56 41 41
13555 9849 13542 2 13 11 11
13654 3629 13621 19 33 14 14
13680 4166 13191 20 489 469 469
13766 8850 13719 39 47 8 7
14099 9808 13237 64 862 798 378
14113 2852 13484 69 629 560 549
14169 3860 14152 7 17 10 10
14211 3656 14175 24 36 12 9
14273 1867 14226 17 47 30 30
14321 6194 13855 52 466 414 277
14323 4739 14257 26 66 40 37
14630 9388 14432 31 198 167 11
14695 7787 14679 5 16 11 11
14706 9403 14630 48 76 28 1
14820 6140 14811 6 9 3 3
14952 3508 14822 21 130 109 109
14967 4715 14815 35 152 117 97
15011 5987 14891 21 120 99 99
15058 4547 15029 15 29 14 14
15176 6863 14293 22 883 861 861
15216 6683 15128 59 88 29 17
15296 3958 15198 34 98 64 3
15354 7450 10776 23 4578 4555 4555
15453 991 15396 46 57 11 6
15564 1093 15513 17 51 34 34
15627 6496 15595 15 32 17 17
15750 2983 15672 68 78 10 9
15825 2912 15694 53 131 78 57
15861 1160 11956 193 3905 3712 13
15908 5366 12599 72 3309 3237 22
15922 8282 15907 11 15 4 4
15962 5963 15931 11 31 20 20
15981 2044 15903 59 78 19 6
16010 447 15928 65 82 17 8
16035 3005 15969 33 66 33 13
16174 253 16044 93 130 37 1
16345 3198 12883 23 3462 3439 3439
16388 5561 16335 19 53 34 13
16394 4589 16384 5 10 5 5
16437 911 16426 1 11 10 10
16462 686 12878 132 3584 3452 3405
16481 9800 16366 16 115 99 99
16564 3375 16546 7 18 11 11
16676 6019 13298 68 3378 3310 3308
16689 692 16632 36 57 21 12
16703 5590 16650 13 53 40 40
16830 2753 13410 23 3420 3397 3397
16945 3866 16787 103 158 55 10
17022 4171 16979 19 43 24 24
17254 4105 17227 15 27 12 12
17270 7689 17078 131 192 61 31
17451 2679 17400 40 51 11 3
17524 9869 17282 21 242 221 221
17595 3403 17578 2 17 15 15
17666 9714 17322 42 344 302 287
17710 1989 17586 88 124 36 10
17719 1960 17687 8 32 24 24
17767 8942 17746 4 21 17 17
17842 8203 17833 3 9 6 6
17966 1103 17673 22 293 271 271
17971 8521 17967 4 4 0 0
17983 569 17958 11 25 14 14
17997 3467 17923 51 74 23 5
18021 7213 14338 54 3683 3629 7
18289 3056 18245 22 44 22 22
18320 1897 18257 42 63 21 2
18472 6490 18223 137 249 112 18
18480 2996 18402 55 78 23 19
18570 6416 18551 10 19 9 9
18590 3359 18390 165 200 35 7
18742 5165 18724 8 18 10 10
18819 2720 18772 37 47 10 4
18835 6625 18771 15 64 49 49
18855 500 18795 19 60 41 41
18892 2356 18888 4 4 0 0
18909 3751 18883 16 26 10 10
18940 8677 18836 72 104 32 20
18977 4432 18895 48 82 34 15
19001 2674 17913 55 1088 1033 17
19107 4718 18950 103 157 54 28
19140 5576 4773 200 14367 14167 138
19148 4579 19122 7 26 19 19
19196 8104 19140 20 56 36 36
19205 4043 19194 8 11 3 3
19430 4678 19400 16 30 14 14
19698 7935 19687 4 11 7 7
19789 8708 19736 16 53 37 37
19842 1810 19704 27 138 111 11
19962 2561 19826 94 136 42 17
20071 4303 19599 134 472 338 6
20078 8697 20062 6 16 10 10
20107 1500 20069 15 38 23 23
20131 6610 19889 23 242 219 219
20244 9948 20236 2 8 6 6
20280 4382 5958 72 14322 14250 14240
20364 241 20251 73 113 40 5
20592 7282 20502 49 90 41 33
20621 2037 20536 16 85 69 69
20661 2692 20591 52 70 18 2
20749 3532 20729 18 20 2 2
20819 7238 20669 45 150 105 8
20855 4099 20832 11 23 12 12
20958 3965 20807 60 151 91 13
20995 3241 20840 20 155 135 135
21063 1310 20900 74 163 89 12
21073 6511 20916 71 157 86 82
21172 6267 21150 7 22 15 15
21186 6323 21024 76 162 86 56
21279 7123 20437 95 842 747 9
21292 6129 21281 6 11 5 5
21337 3421 21231 66 106 40 21
21389 8262 20655 122 734 612 49
21402 4988 21381 7 21 14 14
21410 6319 21382 7 28 21 21
21489 5540 21371 20 118 98 98
21498 7380 21475 8 23 15 15
21535 5918 21470 27 65 38 29
21639 1141 20309 22 1330 1308 1308
21793 2566 21775 8 18 10 10
21808 2408 21787 14 21 7 7
21933 7892 21904 10 29 19 19
22008 1392 21993 11 15 4 4
22109 1949 21762 149 347 198 3
22142 6594 22108 11 34 23 23
22144 7966 22109 18 35 17 9
22173 7900 22099 15 74 59 59
22199 8253 22187 7 12 5 5
22312 1879 20834 73 1478 1405 33
22448 4145 22402 12 46 34 34
22464 1957 20852 180 1612 1432 4
22513 3892 22500 13 13 0 0
22560 3109 22415 67 145 78 68
22636 360 21753 22 883 861 861
22683 43 22585 71 98 27 1
22690 6059 22622 39 68 29 15
22756 2507 22689 26 67 41 26
22816 4516 22337 48 479 431 18
22823 2490 22704 78 119 41 7
22847 8041 20208 114 2639 2525 118
22871 9978 20453 125 2418 2293 1
22927 884 22903 7 24 17 17
22959 6011 22920 15 39 24 24
23204 7533 22919 237 285 48 9
23217 9699 23199 12 18 6 6
23351 7875 23341 8 10 2 2
23387 4223 21946 130 1441 1311 36
23461 2593 23368 72 93 21 20
23510 8294 23456 32 54 22 20
23612 1463 23481 65 131 66 52
23677 7020 23625 37 52 15 12
23686 9100 23676 8 10 2 2
23722 9348 20806 145 2916 2771 2066
23724 503 23723 1 1 0 0
23910 3778 23774 103 136 33 12
23944 9000 23743 65 201 136 11
24021 217 23942 57 79 22 3
24039 1887 24029 8 10 2 2
24088 8220 23968 86 120 34 2
24127 7205 24043 19 84 65 65
24264 3899 24237 11 27 16 16
24294 2328 24184 52 110 58 9
24311 7367 24243 16 68 52 52
24399 6868 24330 31 69 38 17
24405 1040 24381 5 24 19 19
24427 2422 24357 21 70 49 49
24459 3433 24186 104 273 169 138
24499 9968 24480 12 19 7 7
24553 7102 24514 11 39 28 28
24594 8626 24433 73 161 88 27
24638 494 24386 72 252 180 7
24667 1055 24308 94 359 265 4
24830 8486 24801 15 29 14 14
24869 9681 24832 14 37 23 23
24884 832 24832 14 52 38 38
24907 8171 24797 82 110 28 6
24910 4065 24896 2 14 12 12
24915 6156 24889 4 26 22 22
24965 2429 24945 3 20 17 17
25013 79 25000 7 13 6 6
25064 4867 24956 49 108 59 21
25081 8883 25049 16 32 16 16
25113 8072 25089 8 24 16 16
25136 6943 24952 53 184 131 14
25292 9280 25279 1 13 12 12
25425 8067 25190 158 235 77 12
25473 1115 25390 41 83 42 36
25484 5052 25470 10 14 4 4
25533 2517 25496 14 37 23 23
25595 3182 25573 9 22 13 13
25691 7740 25668 7 23 16 16
25776 3821 25488 64 288 224 19
25798 6820 25563 113 235 122 101
25810 5899 25787 11 23 12 12
25850 5314 25828 8 22 14 14
25858 2804 25844 7 14 7 7
25909 1723 25899 1 10 9 9
25991 634 25876 32 115 83 43
26046 7916 26025 6 21 15 15
26078 8598 26015 19 63 44 44
26096 466 26077 17 19 2 2
26145 4118 26018 88 127 39 4
26185 9394 26087 64 98 34 20
26259 5390 25926 175 333 158 6
26306 2504 26176 94 130 36 10
26325 8878 26284 18 41 23 23
26345 3946 26336 2 9 7 7
26390 5286 26375 2 15 13 13
26472 8554 26455 4 17 13 13
26485 7870 26344 75 141 66 60
26526 3747 26328 33 198 165 2
26575 4399 26560 11 15 4 4
26603 5136 25505 22 1098 1076 1076
26628 8988 26618 8 10 2 2
26741 2555 26673 34 68 34 5
26777 3967 26664 66 113 47 2
27022 7086 26992 18 30 12 12
27137 4749 27109 11 28 17 17
27246 9998 26821 229 425 196 16
27295 8987 26706 87 589 502 493
27359 5269 27347 6 12 6 6
27370 544 27286 68 84 16 10
27378 2980 27302 58 76 18 13
27384 3960 27370 5 14 9 9
27491 1402 27203 46 288 242 21
27495 6360 27430 37 65 28 18
27561 1489 27556 4 5 1 1
27760 4723 27700 31 60 29 12
27857 667 27219 121 638 517 468
27933 4090 27843 54 90 36 15
27941 2403 27939 2 2 0 0
27965 2251 25077 110 2888 2778 5
27996 1424 25825 23 2171 2148 2148
28046 4861 28004 16 42 26 26
28049 7496 27866 138 183 45 5
28056 6789 27995 52 61 9 2
28364 5405 28351 4 13 9 9
28386 3954 28148 72 238 166 21
28419 1568 28402 4 17 13 13
28454 6651 28419 19 35 16 16
28510 7562 28466 16 44 28 28
28518 7137 28499 7 19 12 12
28554 3731 28467 69 87 18 6
28568 1391 28407 118 161 43 13
28585 1275 28532 16 53 37 37
28644 2908 28609 19 35 16 16
28800 3597 28753 17 47 30 30
28821 5580 28550 69 271 202 95
28916 5065 28901 11 15 4 4
28938 9708 28275 218 663 445 0
29030 751 28977 27 53 26 16
29080 8221 28443 205 637 432 143
29100 1845 28960 19 140 121 121
29171 9673 28837 101 334 233 13
29194 1915 28269 22 925 903 903
29251 5183 29242 8 9 1 1
29269 9815 29038 147 231 84 63
29280 5235 29127 107 153 46 5
29326 3743 29307 8 19 11 11
29444 1640 29397 35 47 12 3
29465 7209 29304 114 161 47 9
29490 3518 29236 56 254 198 49
29615 981 29607 5 8 3 3
29742 2277 29473 160 269 109 18
29886 5470 29872 4 14 10 10
29892 7656 29882 5 10 5 5
29918 4733 27475 127 2443 2316 21
30052 796 29932 103 120 17 2
30062 3805 30012 26 50 24 18
30209 1686 30069 79 140 61 5
30372 8654 30291 41 81 40 22
30555 2497 30480 61 75 14 3
30607 34 30521 48 86 38 1
30640 213 30628 2 12 10 10
30658 7649 30650 3 8 5 5
30680 8313 30115 74 565 491 157
30739 3890 30716 11 23 12 12
30743 472 30148 102 595 493 408
30868 7459 30593 56 275 219 211
30890 1880 30124 131 766 635 581
31117 7112 31108 9 9 0 0
31176 909 29426 108 1750 1642 1465
31254 3244 31210 14 44 30 30
31272 3063 31261 2 11 9 9
31283 7901 31227 46 56 10 2
31396 343 31290 68 106 38 25
31533 4873 31484 14 49 35 35
32022 4962 31994 20 28 8 8
32090 6330 31735 62 355 293 9
32108 7725 32093 9 15 6 6
32135 3739 32116 14 19 5 5
32232 1450 5963 84 26269 26185 151
32445 7225 32411 19 34 15 15
32514 429 32491 4 23 19 19
32606 4366 32244 86 362 276 271
32676 4728 32170 156 506 350 2
32690 7291 32664 13 26 13 13
32772 856 32576 101 196 95 31
32783 448 32680 67 103 36 29
32890 9390 32870 14 20 6 6
32941 8123 32803 59 138 79 4
32997 4285 32994 3 3 0 0
33180 5128 33070 60 110 50 30
33256 7573 33250 2 6 4 4
33379 2372 33336 13 43 30 30
33529 8711 33411 62 118 56 2
33576 5679 33573 2 3 1 1
33595 2461 33433 61 162 101 0
33656 1566 33615 33 41 8 7
33689 1138 33613 36 76 40 4
33790 3354 7059 71 26731 26660 26656
33813 5853 33751 22 62 40 40
33874 8390 33863 9 11 2 2
33879 8546 33869 4 10 6 6
33894 3541 7516 55 26378 26323 3
33996 3745 33979 6 17 11 11
34115 3271 34101 11 14 3 3
34183 5367 34172 11 11 0 0
34187 1869 34173 3 14 11 11
34264 697 34242 10 22 12 12
34345 8977 34324 15 21 6 6
34392 7279 8152 141 26240 26099 26069
34407 8941 34375 14 32 18 18
34437 6459 34326 57 111 54 37
34494 9700 34493 1 1 0 0
34504 4597 34236 78 268 190 175
34558 3200 34453 35 105 70 52
34576 4402 34541 17 35 18 18
34656 8912 34496 20 160 140 140
34712 5870 34694 7 18 11 11
34752 5696 34427 100 325 225 170
34787 2056 34647 19 140 121 121
34825 655 34740 52 85 33 13
34857 7263 34787 63 70 7 1
34891 9415 34234 114 657 543 31
35010 6393 34936 49 74 25 2
35110 7312 35107 3 3 0 0
35176 3455 35155 2 21 19 19
35201 6401 35078 95 123 28 14
35294 6831 35276 8 18 10 10
35427 8354 34806 49 621 572 26
35429 9888 35424 1 5 4 4
35552 4940 34418 96 1134 1038 801
35579 607 35571 1 8 7 7
35597 7849 35565 17 32 15 15
35630 2078 8462 24 27168 27144 27144
35831 6581 35826 4 5 1 1
35859 6668 35827 13 32 19 19
35920 1864 35872 31 48 17 10
36045 8378 36025 3 20 17 17
36156 445 36127 11 29 18 18
36165 7061 36006 86 159 73 18
36201 9741 36075 53 126 73 10
36324 5123 36287 16 37 21 3
36340 3780 36312 15 28 13 13
36382 5280 36358 8 24 16 16
36429 5428 36330 16 99 83 83
36465 8483 36451 6 14 8 8
36489 2311 36452 30 37 7 4
36596 8738 36586 10 10 0 0
36651 3298 36642 6 9 3 3
36691 9704 36678 10 13 3 3
36770 4104 36614 114 156 42 18
36849 5669 36689 20 160 140 140
36894 6930 36787 68 107 39 5
36948 2952 36858 35 90 55 22
36973 2621 36907 57 66 9 1
37041 5707 37017 16 24 8 8
37102 5453 35821 140 1281 1141 100
37118 2872 37088 15 30 15 15
37151 6636 36189 157 962 805 72
37442 5986 37417 6 25 19 19
37450 4328 37397 42 53 11 8
37506 3589 37490 2 16 14 14
37575 7631 37447 101 128 27 4
37601 4570 37583 9 18 9 9
37695 9885 37427 130 268 138 31
37733 5875 37596 53 137 84 39
37762 3084 37684 13 78 65 65
37787 5795 37718 13 69 56 56
37880 2940 37595 59 285 226 7
37924 7095 37755 72 169 97 89
37994 6160 37785 19 209 190 190
38015 9643 37641 20 374 354 354
38189 1441 38179 9 10 1 1
38225 6088 38219 2 6 4 4
38315 5980 38219 36 96 60 1
38341 9841 38317 17 24 7 7
38378 8195 38347 16 31 15 15
38399 8443 38322 20 77 57 57
38449 344 37303 68 1146 1078 28
38610 5072 38527 68 83 15 12
38690 464 38671 14 19 5 5
38711 5728 38621 76 90 14 2
38839 9161 38762 33 77 44 36
38856 9903 38778 16 78 62 62
38859 1100 38855 2 4 2 2
38924 2199 38854 19 70 51 51
38952 8055 38885 43 67 24 5
38964 3423 35847 187 3117 2930 2892
39024 7809 38827 20 197 177 177
39053 1906 39044 2 9 7 7
39100 995 38854 137 246 109 71
39193 3013 36336 32 2857 2825 5
39202 1280 38983 138 219 81 6
39210 7779 39203 7 7 0 0
39466 2807 37892 54 1574 1520 9
39498 7805 39496 2 2 0 0
39623 4741 39566 19 57 38 38
39713 1240 39695 10 18 8 8
39739 6578 39656 58 83 25 12
39839 4078 39817 6 22 16 16
40031 4458 40023 6 8 2 2
40039 5792 40012 7 27 20 20
40072 1435 39010 49 1062 1013 964
40091 6709 40083 3 8 5 5
40172 9777 40142 16 30 14 14
40229 140 40130 67 99 32 9
40288 6007 40222 15 66 51 51
40392 9422 40373 10 19 9 9
40497 165 40477 13 20 7 7
40585 7968 40491 63 94 31 7
40590 6772 40526 49 64 15 13
40805 8045 37265 23 3540 3517 3517
40921 30 40915 1 6 5 5
40951 8322 40931 14 20 6 6
41059 9293 40909 102 150 48 5
41198 823 41194 1 4 3 3
41280 6904 41078 147 202 55 20
41358 1582 37803 23 3555 3532 3532
41366 5042 40955 64 411 347 326
41423 1070 37762 114 3661 3547 1
41570 348 38212 112 3358 3246 14
41622 285 41605 10 17 7 7
41694 7983 40080 218 1614 1396 38
41739 5643 41713 10 26 16 16
41812 5743 41743 18 69 51 51
41825 6188 41770 18 55 37 18
41847 305 41842 5 5 0 0
41971 7355 41962 7 9 2 2
41990 5604 41941 29 49 20 6
41992 6561 41757 93 235 142 111
42174 9847 42158 15 16 1 1
42186 2896 42113 44 73 29 15
42194 4002 42179 7 15 8 8
42213 6995 42135 18 78 60 60
42281 7745 42261 16 20 4 4
42298 82 41974 120 324 204 133
42333 1427 42304 7 29 22 22
42356 8696 40630 143 1726 1583 1022
42406 100 42366 13 40 27 27
42441 6434 42358 76 83 7 4
42583 8465 42240 172 343 171 8
42602 6551 42595 3 7 4 4
42711 6356 42551 83 160 77 8
42717 6257 42565 114 152 38 19
42827 1003 42804 8 23 15 15
42872 9260 42339 22 533 511 511
42911 5518 42886 5 25 20 20
42997 7091 42971 9 26 17 17
43036 7837 43001 21 35 14 11
43184 8299 42987 21 197 176 176
43218 4752 42916 79 302 223 20
43280 1781 43270 10 10 0 0
43429 7673 40919 181 2510 2329 3
43537 6074 43468 20 69 49 49
43598 1113 43582 4 16 12 12
43645 573 43628 1 17 16 16
43713 6099 43683 18 30 12 0
43728 1381 43655 49 73 24 17
43801 9431 43788 2 13 11 11
43813 5025 43801 7 12 5 5
43868 1023 43798 44 70 26 16
43926 9594 43876 25 50 25 16
43982 4240 43966 15 16 1 1
44048 4817 43999 47 49 2 1
44069 2413 43872 104 197 93 55
44134 851 42640 23 1494 1471 1471
44200 9909 43789 203 411 208 13
44224 2667 43843 23 381 358 358
44478 6766 44391 21 87 66 66
44481 1816 44345 88 136 48 23
44601 4441 44583 16 18 2 2
44620 5908 10356 132 34264 34132 14
44729 3349 44547 106 182 76 16
44763 47 44684 18 79 61 61
44831 583 10608 60 34223 34163 12
44837 8345 44820 5 17 12 12
44905 3622 10687 119 34218 34099 9
45010 5842 10868 133 34142 34009 137
45068 3664 45051 1 17 16 16
45137 2354 11499 24 33638 33614 33614
45158 576 45075 39 83 44 15
45173 637 45133 14 40 26 26
45272 1066 11874 24 33398 33374 33374
45289 1889 45271 16 18 2 2
45311 7301 11687 131 33624 33493 2
45344 8685 45189 63 155 92 6
45530 4112 45360 86 170 84 45
45587 2843 12147 225 33440 33215 11
45680 3497 45578 21 102 81 81
45807 6736 45795 9 12 3 3
45850 4106 45740 65 110 45 28
46020 2441 45743 113 277 164 5
46082 7840 13673 178 32409 32231 8
46101 8200 45806 181 295 114 2
46114 4151 46091 12 23 11 11
46200 7520 14761 87 31439 31352 14
46261 8669 46180 41 81 40 24
46355 6621 46317 18 38 20 20
46375 5409 46298 19 77 58 58
46465 1110 46447 8 18 10 10
46582 2521 15339 126 31243 31117 31080
46604 1311 46593 6 11 5 5
46710 8133 46681 17 29 12 12
46833 8960 46538 117 295 178 130
46869 5944 46856 11 13 2 2
46942 3441 46909 16 33 17 17
47002 387 46885 21 117 96 96
47066 4729 47053 6 13 7 7
47123 5073 47035 54 88 34 19
47172 7646 47156 13 16 3 3
47217 5673 47142 50 75 25 11
47318 6447 47294 14 24 10 10
47340 7348 47292 41 48 7 4
47456 1752 47428 15 28 13 13
47583 310 47573 1 10 9 9
47590 2321 47576 6 14 8 8
47698 8826 47666 21 32 11 11
47766 3926 47733 19 33 14 14
47948 8607 47920 9 28 19 19
48007 8918 47937 58 70 12 0
48123 124 47917 67 206 139 3
48127 5519 48109 3 18 15 15
48155 3116 48136 13 19 6 6
48266 1678 48075 153 191 38 10
48322 3871 48241 49 81 32 26
48477 5901 48409 64 68 4 0
48531 6595 48473 14 58 44 44
48605 5020 48533 19 72 53 53
48667 5922 48567 21 100 79 79
48725 9497 47765 96 960 864 2
48796 1576 48778 9 18 9 9
48815 7161 47965 146 850 704 9
49197 3418 17262 100 31935 31835 15
49209 7260 49142 45 67 22 8
49290 7463 49264 14 26 12 12
49382 3806 49345 9 37 28 28
49468 2498 49314 103 154 51 7
49490 639 49171 68 319 251 241
49661 1498 49629 10 32 22 22
49680 5074 49588 56 92 36 15
49693 1946 49474 115 219 104 25
49713 4927 49591 69 122 53 37
49739 6597 49719 7 20 13 13
49750 7130 49715 10 35 25 25
49822 261 49755 56 67 11 9
49846 9131 49747 32 99 67 43
50063 5773 49991 35 72 37 11
50092 8776 49960 61 132 71 59
50128 5893 50007 34 121 87 6
50176 5250 50155 7 21 14 14
50259 9212 50195 56 64 8 0
50278 6733 50054 98 224 126 14
50282 767 50278 3 4 1 1
50368 4386 50197 60 171 111 101
50392 5719 50383 2 9 7 7
50429 1681 50334 80 95 15 3
50441 2516 50421 11 20 9 9
50504 541 50488 3 16 13 13
50522 7404 50492 17 30 13 13
50541 2665 50491 18 50 32 32
50560 5281 50496 18 64 46 46
50658 582 50105 74 553 479 473
50813 1954 50200 136 613 477 117
50948 4938 50903 17 45 28 19
50971 5310 50903 18 68 50 50
51065 4618 51051 8 14 6 6
51079 3106 51044 13 35 22 22
51098 1413 51083 2 15 13 13
51117 3326 51048 25 69 44 32
51124 3565 51109 6 15 9 9
51193 8011 51168 12 25 13 9
51393 2884 51040 114 353 239 94
51470 4241 51298 64 172 108 96
51518 3759 51450 32 68 36 27
51585 9226 50987 76 598 522 506
51607 1061 51499 58 108 50 26
51719 4876 51609 77 110 33 23
51819 1874 51571 182 248 66 15
51855 1490 51846 5 9 4 4
51867 4830 51783 73 84 11 0
51906 8808 51889 9 17 8 8
51919 9002 51873 12 46 34 34
52013 9623 51901 42 112 70 65
52031 6947 52008 9 23 14 14
52046 4353 52011 10 35 25 25
52064 8125 52029 10 35 25 25
52105 8819 52091 13 14 1 1
52130 9013 52118 11 12 1 1
52189 3016 52180 2 9 7 7
52208 7120 52039 103 169 66 8
52425 8646 52350 69 75 6 4
52735 2237 52472 123 263 140 24
52967 4198 52961 2 6 4 4
53024 3692 53004 7 20 13 13
53089 2696 52964 54 125 71 7
53101 9833 53088 11 13 2 2
53147 4850 53031 76 116 40 9
53181 6482 53155 8 26 18 18
53205 8085 52276 23 929 906 906
53396 3054 52499 118 897 779 15
53416 3673 53354 26 62 36 12
53419 409 53408 2 11 9 9
53425 9120 53415 5 10 5 5
53446 8191 53437 6 9 3 3
53458 8144 53428 11 30 19 19
53532 1663 53514 12 18 6 6
53546 250 53505 13 41 28 28
53811 5228 53638 86 173 87 9
53884 6546 53464 175 420 245 5
53966 2754 53954 3 12 9 9
54212 5443 54094 57 118 61 60
54237 2865 54068 72 169 97 5
54252 4176 54177 49 75 26 15
54283 7326 54255 17 28 11 11
54326 4212 54199 65 127 62 14
54372 9871 54029 21 343 322 322
54523 3881 54446 54 77 23 4
54563 2329 54534 13 29 16 16
54574 9001 54571 3 3 0 0
54678 7547 54512 17 166 149 149
54680 1184 54673 1 7 6 6
54762 9861 54738 10 24 14 14
54797 4421 54657 17 140 123 123
54911 8614 54873 11 38 27 27
54931 8429 54496 80 435 355 28
55088 7342 55031 43 57 14 7
55105 3120 55072 16 33 17 17
55171 1491 55073 20 98 78 78
55206 7049 55020 58 186 128 111
55295 2965 55256 12 39 27 27
55313 9396 55263 17 50 33 33
55387 2243 53538 48 1849 1801 1798
55458 1661 54095 109 1363 1254 42
55525 8989 55511 12 14 2 2
55542 1123 55499 28 43 15 6
55641 7030 54654 22 987 965 965
55691 1020 55678 8 13 5 5
55776 8246 55688 66 88 22 4
55793 8578 55706 63 87 24 22
55849 7905 55823 9 26 17 17
55918 3795 55847 42 71 29 3
55946 7766 55938 4 8 4 4
55997 7995 55859 64 138 74 0
56000 2888 55962 7 38 31 16
56051 8185 56020 12 31 19 19
56172 126 56069 74 103 29 14
56256 931 56224 14 32 18 18
56456 7843 55933 62 523 461 427
56490 6260 56475 12 15 3 3
56540 8572 56532 7 8 1 1
56545 2559 56540 4 5 1 1
56558 1757 56514 12 44 32 32
56653 7746 54951 77 1702 1625 754
56656 8359 56636 2 20 18 18
56714 2417 56709 4 5 1 1
56844 556 56834 1 10 9 9
56891 8366 55982 113 909 796 219
56954 8543 56945 3 9 6 6
57068 8038 57049 13 19 6 6
57139 1444 57091 19 48 29 29
57154 908 57060 69 94 25 9
57228 1462 57197 12 31 19 19
57388 1756 57238 109 150 41 11
57532 1650 56848 22 684 662 662
57557 2183 57535 8 22 14 14
57563 3139 57558 5 5 0 0
57649 2327 57639 2 10 8 8
57674 6239 57637 13 37 24 24
57784 7424 57717 45 67 22 17
57921 5059 57692 124 229 105 5
57939 4115 57871 17 68 51 51
57975 9317 57876 54 99 45 20
58430 9083 52843 79 5587 5508 101
58498 5913 53861 23 4637 4614 4614
58557 9488 58536 21 21 0 0
58559 8326 58542 1 17 16 16
58574 9832 53370 122 5204 5082 3
58613 4606 58590 14 23 9 9
58668 1176 58612 36 56 20 2
58714 4682 58700 1 14 13 13
58751 5865 58731 12 20 8 8
58766 4829 58690 51 76 25 2
59015 5277 58930 20 85 65 65
59157 6237 54832 183 4325 4142 14
59220 2069 59053 133 167 34 9
59423 9592 59416 3 7 4 4
59530 9697 59486 32 44 12 6
59598 2013 59544 48 54 6 5
59613 1819 59506 43 107 64 58
59678 7243 59587 47 91 44 27
59785 4380 59587 45 198 153 0
59847 8464 59813 17 34 17 17
60058 7984 56759 170 3299 3129 18
60090 6746 60060 12 30 18 18
60142 1448 60122 3 20 17 17
60148 8930 60131 5 17 12 12
60169 6336 60099 42 70 28 19
60227 4275 60201 20 26 6 6
60250 7081 59884 48 366 318 8
60285 703 60264 7 21 14 14
60329 1912 60303 13 26 13 13
60370 1290 60295 18 75 57 57
60414 2319 60374 33 40 7 4
60430 9729 60233 115 197 82 18
60456 6586 60234 97 222 125 99
60475 3996 60453 18 22 4 4
60496 4108 60229 20 267 247 247
60654 4565 60472 80 182 102 80
60677 3250 60271 22 406 384 384
60730 665 57168 23 3562 3539 3539
60784 7729 60720 51 64 13 11
60932 6435 58684 23 2248 2225 2225
60940 2170 60915 7 25 18 18
60951 8379 57863 75 3088 3013 4
60957 1122 60943 5 14 9 9
61032 6195 54136 183 6896 6713 330
61049 9571 61037 5 12 7 7
61185 6528 59158 23 2027 2004 2004
61213 7452 61168 14 45 31 31
61274 506 59149 104 2125 2021 1969
61289 2018 61177 14 112 98 98
61348 5612 61276 53 72 19 14
61410 3447 61213 18 197 179 179
61475 1692 61410 60 65 5 1
61683 5708 61652 11 31 20 20
61705 2813 61242 21 463 442 442
61769 1236 61378 21 391 370 370
61812 8961 61566 21 246 225 225
61829 6999 61805 8 24 16 16
61884 2400 61857 8 27 19 19
61893 9437 61868 8 25 17 17
61918 4734 61796 68 122 54 17
62003 9672 61989 1 14 13 13
62012 4238 61987 5 25 20 20
62054 5997 62025 16 29 13 13
62088 5 62062 12 26 14 10
62106 9527 62083 17 23 6 6
62359 753 62347 10 12 2 2
62367 7405 62280 70 87 17 6
62385 6691 62337 17 48 31 31
62532 1751 62389 103 143 40 20
62539 6040 62441 64 98 34 15
62638 9550 62629 9 9 0 0
62684 4306 62660 10 24 14 14
62879 9397 62365 21 514 493 493
62901 752 62725 21 176 155 155
62955 4174 62928 14 27 13 13
62965 5596 62954 9 11 2 2
62983 5753 62915 17 68 51 51
63132 9291 63025 57 107 50 43
63177 1664 63012 100 165 65 4
63241 2844 63225 13 16 3 3
63392 7166 63343 23 49 26 9
63415 5530 63407 6 8 2 2
63476 9575 63463 7 13 6 6
63503 1999 63359 51 144 93 78
63676 8086 63628 15 48 33 33
63697 5302 63343 20 354 334 334
63799 3272 63697 34 102 68 52
63801 8875 63649 123 152 29 0
63962 3865 63935 19 27 8 8
63983 5955 63948 11 35 24 24
64001 2050 63960 30 41 11 3
64021 720 63974 19 47 28 28
64023 9641 64015 1 8 7 7
64027 8018 64004 3 23 20 20
64153 394 64129 12 24 12 12
64171 5445 64120 17 51 34 34
64352 2851 64339 10 13 3 3
64474 7951 64390 50 84 34 11
64478 5626 64465 3 13 10 10
64487 9750 64470 8 17 9 9
64547 9824 64360 62 187 125 9
64642 729 64503 54 139 85 56
64654 9596 64628 11 26 15 15
64678 8716 64666 9 12 3 3
64692 7753 64630 13 62 49 49
64715 9828 64606 72 109 37 6
64810 1259 64787 16 23 7 7
64838 1235 64777 17 61 44 44
64873 3234 64815 54 58 4 3
64885 7797 64873 11 12 1 1
64907 3213 64258 107 649 542 7
64942 5674 64832 21 110 89 89
65030 8520 61703 77 3327 3250 3
65067 1575 61940 22 3127 3105 3105
65101 8103 65084 7 17 10 10
65188 2410 65067 86 121 35 14
65294 8755 65284 10 10 0 0
65320 2581 65099 127 221 94 3
65422 1922 65406 1 16 15 15
65489 8924 65467 15 22 7 7
65505 6158 65471 15 34 19 19
65583 2103 65554 14 29 15 15
65752 1994 65615 106 137 31 6
65800 7703 65784 9 16 7 7
65842 6077 65823 3 19 16 16
65865 5942 65861 1 4 3 3
65918 4493 62578 22 3340 3318 3318
65966 2733 65761 45 205 160 114
66051 4415 65925 63 126 63 42
66130 9553 62616 76 3514 3438 3436
66152 9679 66084 21 68 47 47
66263 737 66192 55 71 16 3
66491 5384 66478 13 13 0 0
66555 8136 66492 19 63 44 44
66633 5131 64487 22 2146 2124 2124
66640 9281 66480 53 160 107 76
66662 8779 66525 112 137 25 2
66693 4463 66628 12 65 53 53
66770 8145 66720 19 50 31 16
66920 7308 66757 115 163 48 14
67039 9532 66973 49 66 17 12
67108 3197 65266 90 1842 1752 3
67117 174 67099 8 18 10 10
67177 4534 67164 13 13 0 0
67231 9807 67229 1 2 1 1
67283 4636 65406 174 1877 1703 40
67294 7395 67183 74 111 37 13
67308 1770 65510 141 1798 1657 8
67324 9184 67234 15 90 75 75
67428 9806 67401 12 27 15 15
67551 3047 67483 22 68 46 46
67612 1590 67584 21 28 7 7
67718 8034 59276 58 8442 8384 8366
67810 3196 67698 62 112 50 37
67913 8092 67888 11 25 14 14
68008 4758 67959 17 49 32 32
68030 7598 67892 21 138 117 117
68076 7254 67736 69 340 271 192
68084 6190 68059 7 25 18 18
68125 5158 68086 10 39 29 29
68129 6050 68117 3 12 9 9
68375 5166 68360 11 15 4 4
68390 7253 68137 52 253 201 167
68546 8746 68488 20 58 38 6
68634 9837 68624 3 10 7 7
68650 4546 68341 25 309 284 272
68676 7446 68621 30 55 25 14
68710 9178 68248 279 462 183 10
68805 3141 68650 19 155 136 136
68861 8730 68703 107 158 51 2
68977 1218 68868 18 109 91 91
69060 6798 69055 5 5 0 0
69125 8925 69080 17 45 28 28
69204 6632 68998 22 206 184 184
69334 258 60985 85 8349 8264 16
69359 4871 60968 157 8391 8234 5
69392 5432 69352 21 40 19 8
69464 3028 62866 23 6598 6575 6575
69481 6273 69460 16 21 5 5
69524 4806 62906 23 6618 6595 6595
69689 7327 69532 21 157 136 136
69742 440 63689 23 6053 6030 6030
69755 6314 69722 9 33 24 24
69820 6097 69794 8 26 18 18
69885 3051 69816 46 69 23 5
69909 9205 64237 144 5672 5528 49
69951 5305 69914 19 37 18 18
70186 9061 70141 13 45 32 32
70279 7019 70035 18 244 226 226
70330 9449 70192 116 138 22 2
70352 5711 69938 54 414 360 14
70448 4033 70436 6 12 6 6
70469 1790 70413 20 56 36 36
70631 8056 70565 15 66 51 51
70964 9872 70722 56 242 186 134
71036 3964 65140 75 5896 5821 0
71053 74 70931 58 122 64 54
71214 1753 71101 72 113 41 37
71252 4906 71204 27 48 21 11
71309 6295 71271 19 38 19 19
71335 4803 65562 23 5773 5750 5750
71361 3292 71350 5 11 6 6
71413 112 71234 133 179 46 36
71439 6805 61952 160 9487 9327 6
71484 5201 66542 23 4942 4919 4919
71682 7761 71667 5 15 10 10
71825 2092 67042 63 4783 4720 4701
71928 6031 71810 81 118 37 16
71985 5044 71974 1 11 10 10
72083 2708 72020 34 63 29 16
72302 1357 72295 5 7 2 2
72326 8048 72188 84 138 54 24
72404 8374 72399 2 5 3 3
72430 2278 72391 17 39 22 22
72459 732 72306 116 153 37 12
72511 7816 72495 15 16 1 1
72522 5900 72500 10 22 12 12
72719 690 69073 23 3646 3623 3623
72746 2482 68636 76 4110 4034 4006
72813 3043 72751 51 62 11 1
72942 2557 72934 6 8 2 2
72977 5847 72874 54 103 49 19
73010 497 69246 71 3764 3693 3619
73053 7168 72820 106 233 127 14
73154 1779 73130 13 24 11 11
73171 4811 73164 1 7 6 6
73365 4126 73123 153 242 89 8
73391 5630 73308 36 83 47 29
73452 8591 73012 22 440 418 418
73456 3414 73388 51 68 17 4
73490 7363 73107 22 383 361 361
73603 2411 73555 16 48 32 32
73678 563 73602 21 76 55 12
73747 6787 73738 1 9 8 8
73832 9751 73503 22 329 307 307
73842 6354 73489 114 353 239 9
73881 7628 73754 22 127 105 105
73905 4602 69606 23 4299 4276 4276
74013 2252 73902 90 111 21 7
74118 8965 74026 55 92 37 31
74128 6682 74062 45 66 21 18
74139 9476 74123 10 16 6 6
74169 6509 74143 11 26 15 15
74256 6487 74227 16 29 13 13
74275 5038 74269 5 6 1 1
74346 9655 74330 8 16 8 8
74392 3885 73110 71 1282 1211 3
74509 8656 73234 99 1275 1176 1163
74522 8427 74445 56 77 21 0
74566 283 74530 11 36 25 25
74687 653 74667 10 20 10 10
74761 8689 74738 10 23 13 13
74901 7468 74862 17 39 22 22
74934 2638 74909 13 25 12 12
74999 1429 74778 68 221 153 15
75037 2184 75020 13 17 4 4
75129 7713 75040 60 89 29 24
75156 4139 75014 107 142 35 24
75220 1077 75176 19 44 25 25
75245 5113 74908 97 337 240 222
75331 8259 75308 13 23 10 10
75408 3026 75397 8 11 3 3
75439 3521 74917 57 522 465 447
75487 9710 75455 18 32 14 14
75655 2631 75631 11 24 13 13
75728 5966 75686 13 42 29 29
76015 2096 75998 8 17 9 9
76353 70 76275 54 78 24 11
76396 3439 76370 16 26 10 10
76455 2229 76401 12 54 42 42
76518 3645 76294 20 224 204 204
76597 5319 76316 159 281 122 81
76773 8446 76742 16 31 15 15
76949 2118 75229 110 1720 1610 17
77069 7874 77063 4 6 2 2
77105 8307 77019 48 86 38 25
77172 6364 77078 21 94 73 73
77196 4992 75331 23 1865 1842 1842
77294 2086 77284 6 10 4 4
77411 5552 77389 15 22 7 7
77487 7535 77460 16 27 11 11
77511 3777 77226 23 285 262 262
77635 255 77572 16 63 47 47
77766 2310 77683 35 83 48 42
77853 8904 77788 55 65 10 9
77884 6604 77792 69 92 23 11
78005 7927 77924 23 81 58 58
78332 2552 78119 51 213 162 14
78384 83 78376 4 8 4 4
78510 4387 78506 1 4 3 3
78539 8009 78472 51 67 16 0
78561 9068 78291 66 270 204 22
78821 622 78814 4 7 3 3
78836 3048 78757 14 79 65 65
78891 6067 78864 10 27 17 17
78991 1702 78931 19 60 41 41
79067 5793 78405 237 662 425 2
79204 6304 79168 22 36 14 14
79233 4298 79201 16 32 16 16
79350 8620 79339 1 11 10 10
79572 8471 79557 8 15 7 7
79582 6516 79238 217 344 127 33
79633 8239 79500 23 133 110 110
79730 6461 79667 44 63 19 5
79779 2751 79733 14 46 32 32
80097 5505 80049 22 48 26 26
80111 5178 21528 159 58583 58424 58307
80320 4902 80229 51 91 40 27
80413 1604 80334 50 79 29 23
80438 1471 24623 24 55815 55791 55791
80531 7938 25225 43 55306 55263 55252
80639 4615 80606 18 33 15 15
80676 5783 25890 58 54786 54728 7
80767 4120 80741 13 26 13 13
80786 5825 80686 89 100 11 0
80869 3917 80778 57 91 34 9
80910 9181 80766 21 144 123 123
80913 9062 80760 108 153 45 8
80937 685 80922 7 15 8 8
81096 4312 81001 59 95 36 28
81113 847 81096 16 17 1 1
81493 6328 81463 11 30 19 19
81510 6818 81485 16 25 9 9
81543 3837 80699 193 844 651 438
81735 6654 81661 47 74 27 11
81808 5947 81003 74 805 731 13
81861 923 81802 14 59 45 45
81869 2349 81849 7 20 13 13
81891 4571 81878 3 13 10 10
82004 7415 81926 18 78 60 60
82037 9606 81959 66 78 12 5
82126 7773 82049 69 77 8 6
82163 9879 82135 15 28 13 13
82207 6923 82079 62 128 66 5
82211 5462 82199 3 12 9 9
82247 8528 81900 140 347 207 163
82311 9769 82248 56 63 7 0
82323 6312 82318 4 5 1 1
82386 998 82383 3 3 0 0
82444 8575 82421 5 23 18 18
82525 997 82506 10 19 9 5
82612 5229 82575 31 37 6 4
82676 4537 82606 53 70 17 7
82704 9838 82593 34 111 77 2
82757 1431 82732 7 25 18 18
82774 9728 82497 122 277 155 11
82912 5296 82906 3 6 3 3
82947 5431 82250 106 697 591 3
82985 5522 82700 161 285 124 5
83036 9618 83028 6 8 2 2
83152 3041 83081 65 71 6 2
83180 4748 81835 173 1345 1172 35
83233 1853 83170 33 63 30 11
83334 190 83254 21 80 59 59
83367 3300 26934 104 56433 56329 50
83440 5480 83399 15 41 26 17
83461 5796 83442 10 19 9 9
83479 9805 83429 35 50 15 12
83614 6659 27287 61 56327 56266 142
83621 5698 83506 46 115 69 45
83643 7234 83382 157 261 104 5
83860 4274 83721 76 139 63 31
83877 9191 83823 16 54 38 38
83938 2921 83756 57 182 125 13
84009 6564 83948 34 61 27 18
84041 6169 83665 123 376 253 20
84078 7971 84033 18 45 27 27
84159 5377 84131 7 28 21 21
84323 8526 84195 70 128 58 30
84342 8336 28285 93 56057 55964 55907
84466 8141 84408 32 58 26 14
84565 5648 84531 19 34 15 15
84608 9331 84585 14 23 9 9
84751 7416 29186 24 55565 55541 55541
84776 9840 84735 10 41 31 31
84792 1849 84762 10 30 20 20
84881 8455 84791 73 90 17 5
84976 5242 84853 64 123 59 43
84988 8411 84952 11 36 25 25
85072 5425 84756 86 316 230 6
85120 4677 85008 96 112 16 2
85149 575 85143 1 6 5 5
85188 4743 85123 40 65 25 15
85316 9778 84755 52 561 509 495
85366 8119 85344 6 22 16 16
85535 4697 85502 18 33 15 15
85621 9526 85609 6 12 6 6
85643 7576 85584 21 59 38 38
85663 4822 85584 66 79 13 0
85671 304 84877 181 794 613 536
85736 6412 85711 4 25 21 21
85750 8184 85584 110 166 56 7
85763 6491 85102 50 661 611 606
85883 6234 85732 61 151 90 87
85945 4046 85920 10 25 15 15
85994 2011 85773 171 221 50 20
86034 7820 86008 13 26 13 13
86098 1855 86056 17 42 25 25
86146 5874 85815 23 331 308 308
86215 4427 85201 82 1014 932 898
86221 9604 86131 51 90 39 16
86273 8684 86250 18 23 5 5
86443 7221 86423 8 20 12 12
86507 1717 86312 21 195 174 174
86517 5144 86343 56 174 118 74
86594 9732 86291 23 303 280 280
86683 8090 86639 34 44 10 5
86731 7350 86328 57 403 346 292
86755 6543 86693 54 62 8 7
86868 4616 86837 19 31 12 12
87119 3924 87093 14 26 12 12
87274 4931 87242 22 32 10 8
87294 2146 87173 19 121 102 102
87325 8586 87308 10 17 7 7
87346 8631 87130 132 216 84 9
87420 9135 87400 18 20 2 2
87444 5868 87410 23 34 11 11
87598 2299 87430 101 168 67 21
87622 8396 87605 14 17 3 3
87644 99 87539 80 105 25 11
87668 6641 87357 162 311 149 0
87740 9220 87686 25 54 29 8
87756 5135 87729 7 27 20 20
87821 668 87786 8 35 27 27
87832 3791 87825 1 7 6 6
87883 4450 87768 99 115 16 3
87970 8805 87835 80 135 55 23
88038 210 87928 60 110 50 43
88066 967 87996 12 70 58 58
88094 4713 88072 11 22 11 11
88127 8536 87999 38 128 90 68
88150 8649 87980 22 170 148 148
88282 8418 88254 10 28 18 18
88333 7449 88055 109 278 169 118
88419 8169 88354 51 65 14 13
88537 4361 88512 16 25 9 9
88596 5252 88559 29 37 8 6
88707 5356 88676 21 31 10 10
88718 9053 88692 10 26 16 16
88730 8742 88623 72 107 35 23
88744 3915 88716 13 28 15 15
88789 8576 88771 18 18 0 0
88878 756 88826 18 52 34 16
88902 6979 88014 241 888 647 3
88906 1151 88880 3 26 23 23
89084 3538 89040 34 44 10 3
89134 5701 89084 31 50 19 1
89188 8424 88887 97 301 204 101
89260 3039 89132 115 128 13 3
89291 7345 89276 1 15 14 14
89311 6495 89286 17 25 8 8
89316 5355 89176 100 140 40 31
89325 5950 89212 79 113 34 15
89356 2434 89342 10 14 4 4
89386 9839 89333 14 53 39 39
89513 4756 89389 79 124 45 20
89541 2304 89430 19 111 92 92
89658 791 89640 7 18 11 11
89741 8618 89606 57 135 78 4
90023 5634 89921 56 102 46 27
90042 8126 89878 71 164 93 24
90044 7323 90038 1 6 5 5
90105 5206 89872 164 233 69 5
90193 8892 90037 112 156 44 42
90240 6452 90215 16 25 9 9
90373 6307 90332 36 41 5 1
90404 2298 90345 18 59 41 41
90597 5341 90347 73 250 177 9
90626 8395 89524 42 1102 1060 18
90686 7818 90671 3 15 12 12
90806 9125 90547 78 259 181 10
90818 1334 90709 75 109 34 2
90912 9651 90844 50 68 18 15
90934 6704 89967 21 967 946 946
90943 4838 90870 63 73 10 9
90965 2227 90063 149 902 753 0
90969 390 90957 3 12 9 9
91012 8083 90967 15 45 30 30
91065 7768 91038 9 27 18 18
91097 9406 91063 27 34 7 3
91127 1928 91114 3 13 10 10
91254 3032 91192 17 62 45 45
91431 2854 91387 20 44 24 21
91483 8188 91468 10 15 5 5
91502 2481 91402 70 100 30 13
91540 735 91206 66 334 268 180
91544 2502 91540 3 4 1 1
91554 5968 91524 9 30 21 21
91578 7444 91560 9 18 9 9
91622 4292 91551 52 71 19 4
91744 5609 89089 22 2655 2633 2633
91779 605 88971 113 2808 2695 6
91794 405 90710 145 1084 939 567
91927 3195 90415 122 1512 1390 11
91946 7325 89663 168 2283 2115 23
92065 4276 91372 22 693 671 671
92246 339 92076 133 170 37 21
92293 1365 92194 41 99 58 53
92357 3070 92340 12 17 5 5
92404 8159 92366 8 38 30 30
92587 3520 92573 8 14 6 6
92602 769 92525 37 77 40 13
92678 664 92166 96 512 416 3
92722 6769 92717 1 5 4 4
92758 9979 92673 13 85 72 72
92760 3527 92659 66 101 35 8
92775 1662 92485 162 290 128 15
92820 3941 92387 49 433 384 260
92991 2747 92420 155 571 416 15
93032 8466 92702 30 330 300 27
93077 7311 93038 17 39 22 22
93152 1479 93076 63 76 13 2
93223 8387 93159 19 64 45 45
93230 3304 93208 3 22 19 19
93278 188 93153 78 125 47 0
93420 7298 92093 122 1327 1205 940
93522 5724 93464 44 58 14 7
93570 838 93564 4 6 2 2
93634 4346 93523 76 111 35 10
93676 3561 93600 44 76 32 17
93958 161 93904 29 54 25 21
93974 6317 93850 59 124 65 46
94218 9142 94184 12 34 22 22
94298 3531 94293 3 5 2 2
94321 8377 92545 22 1776 1754 1754
94344 1466 92860 22 1484 1462 1462
94382 9911 94366 8 16 8 8
94464 6163 94446 12 18 6 6
94471 3533 94464 6 7 1 1
94526 4014 94480 21 46 25 25
94541 6510 94507 14 34 20 20
94608 2236 94598 2 10 8 8
94620 1537 94531 75 89 14 11
94682 9414 94664 18 18 0 0
94765 8178 94637 90 128 38 4
95082 5070 94973 76 109 33 14
95117 696 94943 18 174 156 156
95124 2706 95110 6 14 8 8
95148 5838 95103 15 45 30 30
95203 8270 95094 18 109 91 91
95256 2999 95251 2 5 3 3
95274 1546 95229 17 45 28 28
95288 3384 95237 36 51 15 0
95372 7667 94951 43 421 378 364
95388 2076 94577 209 811 602 5
95425 7695 95398 9 27 18 18
95644 7495 95522 63 122 59 7
95711 5798 93661 22 2050 2028 2028
95770 2098 94270 54 1500 1446 14
95837 1266 94447 61 1390 1329 1324
95939 6136 94882 102 1057 955 912
95967 328 95951 3 16 13 13
96148 1947 90519 23 5629 5606 5606
96151 9228 96139 2 12 10 10
96161 5513 96048 57 113 56 30
96222 9252 90176 118 6046 5928 65
96321 6125 96165 53 156 103 28
96360 8610 96331 19 29 10 10
96391 8204 96362 11 29 18 18
96410 5216 96359 47 51 4 2
96439 8518 96222 40 217 177 59
96462 6355 96271 22 191 169 169
96466 3512 96444 3 22 19 19
96523 2957 96498 16 25 9 9
96528 411 96511 4 17 13 13
96584 2777 96480 21 104 83 83
96678 6901 90608 129 6070 5941 57
96740 7318 96727 13 13 0 0
96769 757 96750 10 19 9 9
96792 2948 96750 12 42 30 30
97216 272 97208 1 8 7 7
97240 3820 97220 20 20 0 0
97293 9835 97241 39 52 13 4
97306 1305 97081 165 225 60 9
97314 204 97301 7 13 6 6
97332 3393 96911 111 421 310 259
97400 2135 97396 2 4 2 2
97459 6559 97405 27 54 27 8
97496 4296 97010 124 486 362 4
97664 2587 97622 32 42 10 8
97831 5189 97802 13 29 16 16
97940 3427 97851 40 89 49 13
97987 8676 91229 23 6758 6735 6735
98046 9873 91861 23 6185 6162 6162
98073 7160 97945 81 128 47 4
98173 319 98128 20 45 25 25
98197 45 98175 19 22 3 3
98239 9966 92248 98 5991 5893 80
98371 8174 98296 54 75 21 8
98448 6800 98188 136 260 124 10
98464 2870 98388 56 76 20 16
98524 4222 98522 2 2 0 0
98531 4278 98521 6 10 4 4
98574 5871 98469 66 105 39 17
98608 3844 98571 17 37 20 20
98829 2165 98569 22 260 238 238
98877 3726 98854 13 23 10 10
98879 9037 98615 103 264 161 133
