62 8289 45 17 17 0 0
91 3268 3 78 88 10 0
161 4060 5 114 156 42 0
199 8489 26 155 173 18 0
281 8488 156 59 125 66 62
323 3243 159 128 164 36 3
413 3741 400 13 13 0 0
416 4551 401 5 15 10 10
515 5193 253 182 262 80 0
537 8228 518 11 19 8 8
560 5775 328 152 232 80 3
593 3523 475 90 118 28 8
606 7666 496 25 110 85 85
682 8438 621 28 61 33 33
703 8771 462 62 241 179 176
714 81 682 15 32 17 17
781 6494 369 57 412 355 24
790 6836 569 138 221 83 37
835 137 458 75 377 302 3
847 4898 310 31 537 506 506
858 7950 293 144 565 421 54
894 1480 239 93 655 562 17
931 7143 928 1 3 2 2
971 1983 374 194 597 403 43
976 7172 942 25 34 9 9
1050 860 1025 23 25 2 2
1105 9718 1002 83 103 20 1
1142 5349 765 286 377 91 4
1152 755 1129 18 23 5 5
1304 5570 1116 146 188 42 13
1323 4085 1246 61 77 16 1
1332 4124 1311 8 21 13 13
1402 3911 935 155 467 312 276
1437 3386 1383 34 54 20 14
1458 887 1409 20 49 29 29
1516 2925 1513 3 3 0 0
1592 456 1564 24 28 4 4
1613 129 1576 14 37 23 23
1639 8122 1580 25 59 34 34
1643 8821 1580 44 63 19 8
1661 513 983 205 678 473 421
1661 2571 1615 33 46 13 12
1757 6633 1072 241 685 444 377
1884 3725 1286 214 598 384 5
1920 6381 1523 30 397 367 367
1934 965 1903 10 31 21 21
2045 5978 1908 85 137 52 35
2130 9174 1762 99 368 269 20
2139 5094 1977 100 162 62 11
2235 4674 2066 129 169 40 25
2311 9251 2288 22 23 1 1
2350 3166 2346 3 4 1 1
2405 7193 1923 109 482 373 34
2463 5989 2431 15 32 17 17
2468 8202 2425 14 43 29 17
2488 954 2457 15 31 16 16
2594 661 2504 79 90 11 0
2609 8876 2599 7 10 3 3
2620 6590 2131 172 489 317 139
2662 269 2637 20 25 5 5
2692 5257 2385 217 307 90 6
2694 6799 1404 31 1290 1259 1259
2714 8065 1197 77 1517 1440 1434
2774 3943 2052 31 722 691 691
2836 4564 2313 104 523 419 29
2934 899 1178 283 1756 1473 1432
2960 3574 2861 76 99 23 13
2985 849 2973 9 12 3 3
3041 7648 3025 6 16 10 10
3063 5787 2961 78 102 24 0
3067 3285 2913 117 154 37 14
3137 9546 2845 130 292 162 18
3197 7135 3185 11 12 1 1
3264 9107 3190 30 74 44 44
3362 1617 3184 124 178 54 14
3395 2652 1800 96 1595 1499 11
3470 4142 3436 27 34 7 7
3512 3260 3489 8 23 15 15
3540 1112 3399 105 141 36 15
3581 7627 3331 161 250 89 9
3660 2193 3547 65 113 48 35
3748 8967 3732 12 16 4 4
3817 2289 3652 29 165 136 136
3837 7807 3641 124 196 72 12
3883 8800 3825 29 58 29 29
3944 101 3834 79 110 31 4
3947 4175 3912 9 35 26 26
4018 389 4005 13 13 0 0
4045 7676 3830 114 215 101 75
4248 540 2299 95 1949 1854 1776
4317 1372 4289 19 28 9 9
4477 9981 4451 20 26 6 6
4500 5412 3499 78 1001 923 619
4507 4797 4266 85 241 156 14
4516 4396 4423 67 93 26 17
4589 474 4369 152 220 68 29
4594 4227 4538 45 56 11 10
4644 9957 4640 2 4 2 2
4760 9595 4712 22 48 26 26
4785 2338 4708 62 77 15 6
4840 5146 4836 2 4 2 2
4863 6200 4710 57 153 96 85
4969 7591 4894 26 75 49 49
5003 6341 4970 24 33 9 0
5044 5576 4773 200 271 71 10
5058 9574 5000 52 58 6 5
5088 257 4968 71 120 49 38
5132 6728 5054 43 78 35 7
5186 7604 5115 59 71 12 0
5272 3265 4639 223 633 410 6
5288 6424 5285 3 3 0 0
5309 892 5299 10 10 0 0
5310 9927 5105 87 205 118 90
5313 9097 5123 143 190 47 10
5416 8931 5355 31 61 30 6
5490 7169 5399 63 91 28 2
5519 5461 5388 28 131 103 103
5561 2607 5197 109 364 255 0
5586 9480 5441 81 145 64 39
5605 9210 5423 49 182 133 117
5618 5167 5517 70 101 31 3
5665 2538 5599 46 66 20 4
5756 4990 5747 6 9 3 3
5773 7183 5727 18 46 28 28
5793 6376 5763 19 30 11 11
5803 857 5795 7 8 1 1
5875 1503 5833 28 42 14 12
5884 2345 5873 8 11 3 3
5955 5203 5906 28 49 21 5
5972 8707 5953 16 19 3 3
6024 2518 6008 11 16 5 5
6030 1330 6004 14 26 12 12
6045 4837 6029 14 16 2 2
6099 1450 5963 84 136 52 3
6108 4382 5958 72 150 78 67
6199 8712 5706 109 493 384 5
6218 9686 5992 197 226 29 0
6334 9469 6331 3 3 0 0
6353 1167 6242 71 111 40 4
6360 578 6083 137 277 140 26
6387 7317 6061 26 326 300 300
6513 1154 6398 108 115 7 4
6568 5029 6507 40 61 21 8
6594 4464 6433 100 161 61 36
6621 7581 6422 151 199 48 15
6744 4581 6353 105 391 286 1
6807 3249 6737 20 70 50 50
6862 2822 6013 158 849 691 147
6874 8602 6870 3 4 1 1
6892 6563 6734 116 158 42 35
6908 7757 6901 7 7 0 0
6949 6765 6770 108 179 71 46
7017 1690 6728 79 289 210 10
7032 8675 6858 115 174 59 21
7063 777 6968 78 95 17 6
7124 8470 6486 28 638 610 610
7143 2431 7109 18 34 16 16
7162 3354 7059 71 103 32 27
7200 5404 6743 143 457 314 16
7235 9023 6478 99 757 658 231
7252 7229 7108 110 144 34 3
7338 166 7145 131 193 62 12
7359 8261 7056 60 303 243 242
7364 6391 6362 260 1002 742 15
7376 2463 7352 11 24 13 13
7386 1440 7121 57 265 208 203
7454 813 7346 68 108 40 26
7472 9427 7395 61 77 16 5
7532 9143 7440 23 92 69 69
7567 4349 7434 124 133 9 4
7614 3541 7516 55 98 43 21
7641 2879 7515 42 126 84 20
7653 9316 7629 11 24 13 13
7682 5297 7657 11 25 14 14
7697 1036 7674 9 23 14 14
7752 262 7662 63 90 27 11
7771 1544 7218 181 553 372 7
7809 1939 7677 92 132 40 6
7941 5417 7877 57 64 7 0
7998 8834 7719 67 279 212 53
8029 9972 4555 257 3474 3217 3
8049 8567 7991 35 58 23 5
8057 7622 7879 110 178 68 16
8143 7032 8013 97 130 33 10
8159 6064 8113 32 46 14 3
8178 1655 6246 172 1932 1760 6
8181 3804 8158 21 23 2 2
8207 9311 8097 68 110 42 30
8330 4097 7496 90 834 744 731
8343 7279 8152 141 191 50 27
8475 372 8443 23 32 9 9
8530 393 5695 141 2835 2694 2678
8555 2078 8462 24 93 69 69
8707 7767 8479 172 228 56 1
8731 5936 8452 160 279 119 54
8818 9044 8256 258 562 304 2
8822 7163 8630 39 192 153 149
8849 3808 8840 1 9 8 8
8859 2523 8771 65 88 23 0
8936 4259 8858 50 78 28 2
9000 6292 8853 26 147 121 121
9044 6113 9024 7 20 13 13
9058 3815 9039 11 19 8 8
9111 1710 8912 56 199 143 1
9129 6283 9115 7 14 7 7
9175 8686 9128 22 47 25 25
9215 9730 9134 45 81 36 13
9225 6228 9130 41 95 54 51
9225 1619 8896 237 329 92 5
9253 9629 8986 131 267 136 2
9328 8401 8304 217 1024 807 15
9401 62 9362 12 39 27 27
9469 233 9311 91 158 67 0
9497 8644 9311 27 186 159 159
9674 6549 9573 81 101 20 8
9753 1795 9714 26 39 13 13
9797 5535 9668 29 129 100 100
9806 406 9708 78 98 20 9
9817 2650 9791 10 26 16 16
9827 2690 9790 13 37 24 24
9952 292 9693 184 259 75 7
10017 1292 8873 140 1144 1004 13
10049 1375 10031 9 18 9 9
10080 875 10043 16 37 21 21
10111 2612 9490 120 621 501 7
10142 2019 10130 7 12 5 5
10155 5264 9977 111 178 67 47
10181 6285 9989 143 192 49 6
10192 6155 10153 16 39 23 23
10232 3087 10022 124 210 86 53
10311 7406 10186 30 125 95 95
10342 4878 9733 85 609 524 449
10372 4643 10353 12 19 7 7
10454 9356 10429 3 25 22 22
10473 636 10330 95 143 48 7
10477 4177 10432 22 45 23 23
10523 9513 10218 191 305 114 15
10525 3848 10249 214 276 62 0
10547 5908 10356 132 191 59 15
10555 2073 10553 1 2 1 1
10582 4553 10570 1 12 11 11
10585 529 10253 142 332 190 22
10607 7691 10563 21 44 23 23
10647 9501 10635 8 12 4 4
10672 5034 10379 148 293 145 22
10693 1990 10679 6 14 8 8
10697 583 10608 60 89 29 0
10728 8457 10605 75 123 48 16
10780 6420 10476 115 304 189 2
10835 5691 10697 116 138 22 1
10859 2198 10678 113 181 68 0
10879 5911 10764 88 115 27 21
10883 7450 10776 23 107 84 84
10988 3622 10687 119 301 182 7
11044 5842 10868 133 176 43 12
11072 8496 10799 27 273 246 246
11186 795 10792 167 394 227 17
11201 6346 10842 71 359 288 277
11264 9047 11240 11 24 13 13
11305 1059 11281 18 24 6 6
11349 1700 11245 76 104 28 20
11354 5886 11274 48 80 32 4
11374 4896 11250 59 124 65 58
11409 6232 10571 28 838 810 810
11471 4037 11440 15 31 16 16
11500 6270 10626 130 874 744 5
11525 2354 11499 24 26 2 2
11541 1731 11529 1 12 11 11
11574 6012 11554 19 20 1 1
11595 4329 11531 33 64 31 11
11664 5088 11229 78 435 357 0
11695 5099 11616 64 79 15 3
11751 6970 11705 19 46 27 27
11753 4233 10503 66 1250 1184 1169
11818 3479 11811 7 7 0 0
11821 3191 11701 95 120 25 1
11910 1066 11874 24 36 12 12
11916 6997 11888 5 28 23 23
11932 4261 11889 15 43 28 28
11946 7301 11687 131 259 128 9
12010 2091 11826 143 184 41 9
12033 9303 11989 16 44 28 28
12048 5378 11931 59 117 58 7
12090 1422 12073 10 17 7 7
12176 6518 12084 76 92 16 7
12219 1841 11929 214 290 76 4
12276 2444 11866 155 410 255 21
12342 8793 12329 5 13 8 8
12346 5332 12255 67 91 24 3
12397 1160 11956 193 441 248 8
12509 6311 12315 62 194 132 13
12513 3563 12487 8 26 18 18
12552 3092 11816 66 736 670 3
12583 2843 12147 225 436 211 1
12610 1101 12148 185 462 277 156
12656 3484 12002 67 654 587 9
12687 1287 12660 13 27 14 14
12699 5366 12599 72 100 28 12
12770 5923 10925 61 1845 1784 11
12797 7825 12683 103 114 11 5
12852 6697 12835 12 17 5 5
12916 854 12104 205 812 607 3
12950 6368 12877 21 73 52 52
12963 2738 12873 43 90 47 39
13016 7879 12995 18 21 3 3
13042 3198 12883 23 159 136 136
13047 3882 12996 46 51 5 4
13124 686 12878 132 246 114 96
13238 4166 13191 20 47 27 27
13292 5437 13274 6 18 12 12
13326 806 13253 47 73 26 11
13352 2873 12946 148 406 258 174
13375 2626 13307 39 68 29 20
13407 9808 13237 64 170 106 29
13455 2753 13410 23 45 22 22
13491 717 13477 9 14 5 5
13498 8180 13374 91 124 33 2
13500 6019 13298 68 202 134 132
13514 5919 13482 15 32 17 17
13552 9849 13542 2 10 8 8
13588 1501 13372 49 216 167 152
13597 2852 13484 69 113 44 17
13599 5938 13208 159 391 232 4
13647 3629 13621 19 26 7 7
13710 2005 13190 108 520 412 1
13782 9984 13560 141 222 81 38
13791 8850 13719 39 72 33 10
13845 1521 13438 88 407 319 25
13900 7840 13673 178 227 49 3
13962 6194 13855 52 107 55 13
13991 8305 13732 28 259 231 231
14041 103 13722 66 319 253 16
14170 6556 11491 29 2679 2650 2650
14178 3860 14152 7 26 19 19
14210 3656 14175 24 35 11 4
14244 1867 14226 17 18 1 1
14308 3763 14148 126 160 34 1
14309 4739 14257 26 52 26 0
14357 6863 14293 22 64 42 42
14393 2500 11622 105 2771 2666 2656
14417 7213 14338 54 79 25 20
14471 9388 14432 31 39 8 1
14570 8283 14464 45 106 61 16
14586 6657 14456 81 130 49 44
14646 3717 12075 29 2571 2542 2542
14701 7787 14679 5 22 17 17
14707 9403 14630 48 77 29 5
14806 9749 14677 82 129 47 31
14819 6140 14811 6 8 2 2
14903 3508 14822 21 81 60 60
14916 4715 14815 35 101 66 46
14938 5987 14891 21 47 26 26
14974 7520 14761 87 213 126 11
15046 4547 15029 15 17 2 2
15068 3969 13274 112 1794 1682 19
15200 6683 15128 59 72 13 4
15252 3958 15198 34 54 20 3
15332 5785 15145 114 187 73 3
15383 8214 15097 162 286 124 18
15412 1550 15033 84 379 295 54
15453 1701 13095 133 2358 2225 4
15475 991 15396 46 79 33 16
15512 2521 15339 126 173 47 39
15551 1093 15513 17 38 21 21
15611 4627 13808 140 1803 1663 44
15613 6496 15595 15 18 3 3
15661 9725 15612 39 49 10 2
15756 2983 15672 68 84 16 2
15777 2912 15694 53 83 30 24
15884 7349 13819 223 2065 1842 2
15918 3007 11219 45 4699 4654 2
15923 8282 15907 11 16 5 5
15949 315 11477 30 4472 4442 4442
15968 5963 15931 11 37 26 26
15981 2044 15903 59 78 19 7
16006 3005 15969 33 37 4 0
16008 1196 15945 25 63 38 38
16021 447 15928 65 93 28 27
16083 7206 15933 66 150 84 76
16110 728 14973 102 1137 1035 894
16168 6278 15942 52 226 174 8
16177 253 16044 93 133 40 1
16197 111 16160 28 37 9 9
16217 236 11075 140 5142 5002 47
16365 6940 16115 166 250 84 21
16373 5561 16335 19 38 19 18
16382 9800 16366 16 16 0 0
16414 4589 16384 5 30 25 25
16434 911 16426 1 8 7 7
16445 307 11523 132 4922 4790 3
16464 9530 12884 195 3580 3385 189
16525 6150 16369 75 156 81 5
16567 3375 16546 7 21 14 14
16568 6209 13035 104 3533 3429 1685
16663 5590 16650 13 13 0 0
16676 692 16632 36 44 8 0
16678 1547 12850 276 3828 3552 3
16843 2316 15300 30 1543 1513 1513
16848 5545 15743 30 1105 1075 1075
16912 3866 16787 103 125 22 16
16975 5263 16758 174 217 43 9
17022 4171 16979 19 43 24 24
17042 7529 16863 117 179 62 23
17073 4347 15760 50 1313 1263 0
17154 3724 17119 25 35 10 10
17248 7689 17078 131 170 39 7
17255 4105 17227 15 28 13 13
17307 9869 17282 21 25 4 4
17368 9714 17322 42 46 4 3
17404 8069 17030 191 374 183 3
17463 2679 17400 40 63 23 5
17469 3418 17262 100 207 107 15
17593 3403 17578 2 15 13 13
17596 4933 17219 95 377 282 275
17600 3185 17451 79 149 70 60
17643 2900 17048 139 595 456 13
17672 1181 16953 206 719 513 51
17699 1989 17586 88 113 25 12
17701 1103 17673 22 28 6 6
17708 1960 17687 8 21 13 13
17748 3402 17385 92 363 271 216
17753 8942 17746 4 7 3 3
17813 5907 17252 99 561 462 457
17843 8203 17833 3 10 7 7
17876 7882 17326 59 550 491 376
17899 818 17405 125 494 369 2
17969 569 17958 11 11 0 0
17974 8521 17967 4 7 3 3
17979 2674 17913 55 66 11 5
17986 3467 17923 51 63 12 9
18046 9162 16293 86 1753 1667 1655
18116 993 17973 82 143 61 14
18169 2727 17349 86 820 734 16
18172 2916 16796 96 1376 1280 1200
18208 1425 17148 227 1060 833 7
18235 6316 17080 96 1155 1059 1
18239 1828 17300 144 939 795 5
18269 3056 18245 22 24 2 2
18307 1897 18257 42 50 8 3
18394 6490 18223 137 171 34 17
18448 9057 17663 144 785 641 607
18500 2996 18402 55 98 43 20
18547 4052 6256 31 12291 12260 12260
18569 6416 18551 10 18 8 8
18612 3359 18390 165 222 57 4
18751 5165 18724 8 27 19 19
18797 6625 18771 15 26 11 11
18817 500 18795 19 22 3 3
18819 2720 18772 37 47 10 6
18896 2356 18888 4 8 4 4
18899 3751 18883 16 16 0 0
18919 8677 18836 72 83 11 5
18954 4432 18895 48 59 11 2
19068 4718 18950 103 118 15 1
19133 4579 19122 7 11 4 4
19169 8104 19140 20 29 9 9
19207 6541 19117 66 90 24 4
19210 9465 6561 129 12649 12520 12441
19216 4043 19194 8 22 14 14
19277 1162 19114 109 163 54 13
19350 127 6892 104 12458 12354 3
19401 3978 19265 98 136 38 30
19427 4678 19400 16 27 11 11
19480 4000 6308 141 13172 13031 17
19527 3230 19396 61 131 70 32
19701 7935 19687 4 14 10 10
19753 8708 19736 16 17 1 1
19757 3155 19578 144 179 35 11
19764 1810 19704 27 60 33 0
19791 4303 19599 134 192 58 4
19801 3830 19629 140 172 32 22
19914 6610 19889 23 25 2 2
19926 256 19660 68 266 198 1
19941 2561 19826 94 115 21 1
19968 6958 19712 85 256 171 19
19998 4006 19779 88 219 131 13
20025 1730 19984 26 41 15 15
20075 8697 20062 6 13 7 7
20091 1500 20069 15 22 7 7
20147 5363 19807 138 340 202 2
20182 9831 7820 31 12362 12331 12331
20196 7156 20033 126 163 37 8
20226 746 19683 175 543 368 26
20239 9948 20236 2 3 1 1
20292 3174 19792 187 500 313 172
20338 1141 20309 22 29 7 7
20376 241 20251 73 125 52 17
20389 8041 20208 114 181 67 32
20562 2037 20536 16 26 10 10
20568 7123 20437 95 131 36 3
20577 7282 20502 49 75 26 18
20601 9978 20453 125 148 23 6
20629 7343 20567 50 62 12 2
20663 2692 20591 52 72 20 11
20736 7238 20669 45 67 22 2
20762 3532 20729 18 33 15 15
20767 5525 20439 194 328 134 53
20814 8262 20655 122 159 37 24
20828 7088 20784 25 44 19 19
20850 4099 20832 11 18 7 7
20887 3241 20840 20 47 27 27
20903 3965 20807 60 96 36 8
20977 1879 20834 73 143 70 10
20998 1310 20900 74 98 24 4
21012 6511 20916 71 96 25 22
21056 9348 20806 145 250 105 82
21064 1957 20852 180 212 32 6
21076 1553 20685 93 391 298 13
21113 6323 21024 76 89 13 1
21148 9196 20857 65 291 226 12
21157 6267 21150 7 7 0 0
21159 2387 20828 48 331 283 281
21233 9578 20939 41 294 253 235
21265 6536 21023 152 242 90 60
21289 6129 21281 6 8 2 2
21307 3421 21231 66 76 10 3
21381 5788 21084 203 297 94 2
21391 4988 21381 7 10 3 3
21399 6319 21382 7 17 10 10
21413 5540 21371 20 42 22 22
21484 7380 21475 8 9 1 1
21513 5918 21470 27 43 16 15
21540 7998 21502 26 38 12 12
21573 2613 21190 53 383 330 118
21600 6961 21374 164 226 62 2
21666 3409 21602 44 64 20 11
21715 5365 21250 230 465 235 8
21732 5178 21528 159 204 45 13
21758 3201 21446 145 312 167 17
21781 360 21753 22 28 6 6
21790 2566 21775 8 15 7 7
21805 2408 21787 14 18 4 4
21915 7892 21904 10 11 1 1
21978 1949 21762 149 216 67 2
21998 594 21861 27 137 110 110
22010 1392 21993 11 17 6 6
22012 2630 20411 67 1601 1534 5
22081 2477 20623 28 1458 1430 1430
22120 4223 21946 130 174 44 12
22132 6594 22108 11 24 13 13
22145 7966 22109 18 36 18 10
22161 7900 22099 15 62 47 47
22199 8253 22187 7 12 5 5
22296 9373 22087 28 209 181 181
22394 4516 22337 48 57 9 3
22419 4145 22402 12 17 5 5
22498 3109 22415 67 83 16 14
22520 24 22422 63 98 35 0
22534 3892 22500 13 34 21 21
22579 6024 22420 126 159 33 8
22582 1064 20458 64 2124 2060 16
22680 6059 22622 39 58 19 4
22705 43 22585 71 120 49 25
22731 7917 21910 124 821 697 6
22736 2507 22689 26 47 21 3
22804 2490 22704 78 100 22 0
22857 2452 22011 120 846 726 14
22912 8127 22684 137 228 91 53
22920 884 22903 7 17 10 10
22930 3709 22772 112 158 46 18
22946 9435 20619 280 2327 2047 1961
22951 6011 22920 15 31 16 16
23017 1053 20304 165 2713 2548 12
23059 3 23003 52 56 4 0
23201 7533 22919 237 282 45 5
23223 9699 23199 12 24 12 12
23277 2213 23248 27 29 2 2
23310 7515 22977 253 333 80 5
23349 7875 23341 8 8 0 0
23365 3184 23175 104 190 86 17
23383 9566 20323 91 3060 2969 16
23391 4252 23156 73 235 162 153
23434 8319 23020 153 414 261 111
23466 2593 23368 72 98 26 24
23492 8806 23262 135 230 95 1
23505 8294 23456 32 49 17 11
23569 1463 23481 65 88 23 15
23613 8936 21009 75 2604 2529 10
23678 7020 23625 37 53 16 7
23684 9100 23676 8 8 0 0
23725 503 23723 1 2 1 1
23863 9000 23743 65 120 55 9
23900 3778 23774 103 126 23 10
23961 1538 23717 138 244 106 15
23964 5601 23249 218 715 497 396
24015 8461 23910 25 105 80 80
24019 217 23942 57 77 20 2
24046 1887 24029 8 17 9 9
24067 8220 23968 86 99 13 9
24079 7205 24043 19 36 17 17
24230 9180 24004 151 226 75 12
24244 3801 24065 124 179 55 3
24256 3899 24237 11 19 8 8
24266 2328 24184 52 82 30 4
24273 7367 24243 16 30 14 14
24325 2842 9585 206 14740 14534 8
24329 3433 24186 104 143 39 16
24372 6868 24330 31 42 11 0
24400 1040 24381 5 19 14 14
24439 2422 24357 21 82 61 61
24497 494 24386 72 111 39 6
24510 9968 24480 12 30 18 18
24525 1055 24308 94 217 123 25
24529 8626 24433 73 96 23 7
24537 7102 24514 11 23 12 12
24551 4608 24141 220 410 190 38
24670 1471 24623 24 47 23 23
24756 3287 8675 199 16081 15882 1
24802 6493 24527 120 275 155 43
24829 8486 24801 15 28 13 13
24847 8311 24616 168 231 63 12
24849 9681 24832 14 17 3 3
24862 832 24832 14 30 16 16
24888 5709 24678 172 210 38 4
24893 6156 24889 4 4 0 0
24910 4065 24896 2 14 12 12
24936 8171 24797 82 139 57 6
24977 2429 24945 3 32 29 29
25013 79 25000 7 13 6 6
25040 4867 24956 49 84 35 22
25073 8883 25049 16 24 8 8
25096 6943 24952 53 144 91 23
25105 8072 25089 8 16 8 8
25245 2251 25077 110 168 58 2
25280 9280 25279 1 1 0 0
25340 7938 25225 43 115 72 68
25380 8067 25190 158 190 32 7
25449 3175 24893 242 556 314 1
25456 1115 25390 41 66 25 12
25496 5052 25470 10 26 16 16
25515 2517 25496 14 19 5 5
25540 2956 25210 245 330 85 9
25562 3821 25488 64 74 10 1
25565 3044 25187 105 378 273 270
25590 3182 25573 9 17 8 8
25620 5136 25505 22 115 93 93
25644 2414 25252 177 392 215 22
25690 5666 25495 26 195 169 169
25698 7740 25668 7 30 23 23
25751 6820 25563 113 188 75 28
25752 5965 25330 80 422 342 6
25806 5899 25787 11 19 8 8
25851 3112 25540 28 311 283 283
25853 2804 25844 7 9 2 2
25860 5314 25828 8 32 24 24
25863 7271 25537 142 326 184 130
25887 1424 25825 23 62 39 39
25904 1723 25899 1 5 4 4
25928 634 25876 32 52 20 0
25962 5037 25537 118 425 307 280
25993 6593 25699 110 294 184 0
26018 5783 25890 58 128 70 22
26036 7916 26025 6 11 5 5
26056 8598 26015 19 41 22 22
26102 466 26077 17 25 8 8
26135 4118 26018 88 117 29 13
26154 9394 26087 64 67 3 0
26170 5390 25926 175 244 69 3
26200 7214 25290 29 910 881 881
26201 2110 25275 67 926 859 6
26299 7016 26133 103 166 63 3
26307 2504 26176 94 131 37 25
26334 8878 26284 18 50 32 32
26346 3946 26336 2 10 8 8
26380 5286 26375 2 5 3 3
26386 3747 26328 33 58 25 3
26428 7870 26344 75 84 9 3
26435 2558 26341 25 94 69 69
26465 8554 26455 4 10 6 6
26528 9382 26192 92 336 244 21
26560 1905 26352 131 208 77 3
26572 4399 26560 11 12 1 1
26628 8988 26618 8 10 2 2
26659 8468 26426 133 233 100 10
26701 7461 26426 172 275 103 7
26724 2555 26673 34 51 17 1
26738 8864 25545 155 1193 1038 1020
26748 3967 26664 66 84 18 8
26828 8987 26706 87 122 35 9
27016 7086 26992 18 24 6 6
27067 3300 26934 104 133 29 1
27120 2115 26960 140 160 20 10
27132 4749 27109 11 23 12 12
27162 7572 26496 29 666 637 637
27164 9998 26821 229 343 114 14
27228 5957 25135 144 2093 1949 13
27253 3357 26714 137 539 402 159
27295 1402 27203 46 92 46 26
27359 5269 27347 6 12 6 6
27370 544 27286 68 84 16 10
27378 2980 27302 58 76 18 13
27382 3960 27370 5 12 7 7
27408 4159 25077 190 2331 2141 2116
27434 667 27219 121 215 94 23
27451 1063 27251 89 200 111 34
27477 6360 27430 37 47 10 5
27532 6659 27287 61 245 184 122
27573 1489 27556 4 17 13 13
27629 4733 27475 127 154 27 3
27754 4723 27700 31 54 23 16
27833 4404 27563 134 270 136 11
27908 4090 27843 54 65 11 5
27921 270 27616 27 305 278 278
27944 2403 27939 2 5 3 3
27980 4603 27452 82 528 446 0
28037 4861 28004 16 33 17 17
28040 7496 27866 138 174 36 6
28066 6789 27995 52 71 19 9
28169 2988 27269 29 900 871 871
28267 5495 27696 148 571 423 398
28289 3954 28148 72 141 69 2
28292 1915 28269 22 23 1 1
28357 5405 28351 4 6 2 2
28410 1568 28402 4 8 4 4
28435 8336 28285 93 150 57 43
28445 6651 28419 19 26 7 7
28493 7562 28466 16 27 11 11
28512 7137 28499 7 13 6 6
28551 3731 28467 69 84 15 6
28565 1391 28407 118 158 40 9
28570 1275 28532 16 38 22 22
28587 9708 28275 218 312 94 15
28629 2908 28609 19 20 1 1
28663 5580 28550 69 113 44 38
28690 8221 28443 205 247 42 3
28769 6795 28265 67 504 437 426
28772 3597 28753 17 19 2 2
28895 9951 28764 75 131 56 33
28928 5065 28901 11 27 16 16
28969 7499 28863 29 106 77 77
28989 1845 28960 19 29 10 10
29011 9673 28837 101 174 73 24
29042 751 28977 27 65 38 11
29075 3870 25582 30 3493 3463 3463
29089 8010 29028 49 61 12 2
29123 1418 29062 28 61 33 33
29145 8990 25513 173 3632 3459 3
29212 9815 29038 147 174 27 5
29237 7416 29186 24 51 27 27
29265 5183 29242 8 23 15 15
29268 5235 29127 107 141 34 10
29314 3518 29236 56 78 22 4
29323 3743 29307 8 16 8 8
29439 6841 29404 28 35 7 7
29459 1640 29397 35 62 27 9
29474 7209 29304 114 170 56 0
29532 8280 29232 133 300 167 147
29539 9945 29317 108 222 114 48
29612 981 29607 5 5 0 0
29614 909 29426 108 188 80 56
29667 5076 29523 27 144 117 117
29690 2277 29473 160 217 57 4
29774 1247 26577 152 3197 3045 1
29844 8406 26873 67 2971 2904 2886
29881 5470 29872 4 9 5 5
29887 7656 29882 5 5 0 0
30055 796 29932 103 123 20 5
30065 3805 30012 26 53 27 21
30073 1921 28347 88 1726 1638 132
30121 7188 28729 122 1392 1270 2
30179 1686 30069 79 110 31 5
30243 8313 30115 74 128 54 6
30277 1880 30124 131 153 22 2
30288 472 30148 102 140 38 32
30356 8654 30291 41 65 24 20
30385 3320 30161 205 224 19 4
30477 4656 30245 167 232 65 9
30529 3547 29296 30 1233 1203 1203
30549 2497 30480 61 69 8 1
30577 6902 30510 27 67 40 40
30580 34 30521 48 59 11 7
30632 213 30628 2 4 2 2
30644 644 29037 95 1607 1512 1460
30657 7649 30650 3 7 4 4
30668 4722 30366 135 302 167 27
30675 7459 30593 56 82 26 9
30730 6739 29786 196 944 748 4
30737 3890 30716 11 21 10 10
30800 6678 30595 159 205 46 1
30834 3347 29611 136 1223 1087 1058
30888 9540 10345 123 20543 20420 76
30985 3011 10680 70 20305 20235 20209
31058 9570 30922 27 136 109 109
31129 7112 31108 9 21 12 12
31150 5631 30808 188 342 154 81
31208 4431 11887 31 19321 19290 19290
31230 3244 31210 14 20 6 6
31239 2562 31199 30 40 10 10
31280 3063 31261 2 19 17 17
31291 7901 31227 46 64 18 10
31336 4923 12080 72 19256 19184 10
31372 343 31290 68 82 14 12
31404 7207 12188 31 19216 19185 19185
31520 4873 31484 14 36 22 22
31524 9405 12274 108 19250 19142 0
31568 3994 31538 25 30 5 5
31609 8559 12184 210 19425 19215 14
31852 6330 31735 62 117 55 21
31903 8244 31672 157 231 74 19
31986 3151 31611 183 375 192 163
32022 4962 31994 20 28 8 8
32049 3107 31812 90 237 147 128
32078 1769 31557 117 521 404 21
32096 3080 31912 28 184 156 156
32106 7725 32093 9 13 4 4
32115 8422 31336 259 779 520 6
32130 3739 32116 14 14 0 0
32177 5291 31494 107 683 576 32
32181 5803 31956 63 225 162 151
32350 8061 32188 138 162 24 3
32374 4728 32170 156 204 48 8
32378 4366 32244 86 134 48 43
32434 7225 32411 19 23 4 4
32501 429 32491 4 10 6 6
32588 6618 32231 114 357 243 2
32597 4961 32226 140 371 231 209
32674 3454 32563 64 111 47 35
32688 7291 32664 13 24 11 11
32719 856 32576 101 143 42 13
32765 448 32680 67 85 18 9
32770 1815 32466 198 304 106 8
32797 3434 32707 26 90 64 64
32826 3435 32635 110 191 81 3
32887 5839 32564 29 323 294 294
32892 9390 32870 14 22 8 8
32915 8123 32803 59 112 53 22
32956 4383 32624 29 332 303 303
32996 9999 31636 182 1360 1178 32
32999 4285 32994 3 5 2 2
33057 9494 32977 60 80 20 11
33078 9159 32980 25 98 73 73
33150 5128 33070 60 80 20 9
33228 9621 33105 96 123 27 3
33255 7573 33250 2 5 3 3
33360 2372 33336 13 24 11 11
33489 8711 33411 62 78 16 0
33540 2461 33433 61 107 46 6
33560 214 33329 84 231 147 89
33588 5679 33573 2 15 13 13
33591 2644 33236 237 355 118 0
33666 1138 33613 36 53 17 5
33672 1566 33615 33 57 24 8
33699 6349 33455 105 244 139 8
33729 6676 33149 284 580 296 86
33779 5853 33751 22 28 6 6
33864 8687 33436 209 428 219 174
33874 8390 33863 9 11 2 2
33879 8546 33869 4 10 6 6
33904 630 33863 24 41 17 17
33911 6643 33769 107 142 35 11
33994 3745 33979 6 15 9 9
34015 9199 33563 224 452 228 29
34083 2336 33988 45 95 50 37
34089 7654 13538 148 20551 20403 3
34127 3271 34101 11 26 15 15
34129 6955 14428 135 19701 19566 9
34160 9917 34097 25 63 38 38
34176 1869 34173 3 3 0 0
34188 5367 34172 11 16 5 5
34222 3372 14758 31 19464 19433 19433
34251 189 34123 96 128 32 7
34252 4089 13805 147 20447 20300 20228
34263 697 34242 10 21 11 11
34343 8977 34324 15 19 4 4
34365 4597 34236 78 129 51 40
34390 9415 34234 114 156 42 26
34405 8941 34375 14 30 16 16
34414 6459 34326 57 88 31 18
34491 6642 34454 24 37 13 13
34504 9700 34493 1 11 10 10
34505 3200 34453 35 52 17 12
34525 8912 34496 20 29 9 9
34543 5696 34427 100 116 16 1
34561 4402 34541 17 20 3 3
34591 4940 34418 96 173 77 23
34661 439 34571 28 90 62 62
34669 3324 14832 118 19837 19719 6
34693 2056 34647 19 46 27 27
34701 5870 34694 7 7 0 0
34742 8964 34608 93 134 41 12
34798 655 34740 52 58 6 3
34851 6017 34412 280 439 159 3
34854 7263 34787 63 67 4 3
34885 3067 34694 61 191 130 3
34920 8354 34806 49 114 65 23
34997 6393 34936 49 61 12 3
35029 9099 34993 24 36 12 12
35071 9190 34972 27 99 72 72
35094 6153 34948 92 146 54 0
35113 7312 35107 3 6 3 3
35150 7850 35093 24 57 33 33
35163 3455 35155 2 8 6 6
35209 6401 35078 95 131 36 17
35231 8260 35082 70 149 79 53
35284 9774 35173 42 111 69 52
35290 6831 35276 8 14 6 6
35297 1557 34992 191 305 114 7
35358 3065 34976 71 382 311 1
35431 9888 35424 1 7 6 6
35481 5934 35385 26 96 70 70
35526 4901 35034 29 492 463 463
35533 3162 35257 201 276 75 1
35568 9380 35386 123 182 59 25
35574 607 35571 1 3 2 2
35586 7849 35565 17 21 4 4
35599 3346 35481 88 118 30 1
35679 8369 34989 89 690 601 598
35791 8848 35452 240 339 99 4
35818 7374 35685 46 133 87 86
35834 6581 35826 4 8 4 4
35848 6668 35827 13 21 8 8
35929 1864 35872 31 57 26 2
36030 8378 36025 3 5 2 2
36076 5453 35821 140 255 115 30
36098 3423 35847 187 251 64 24
36144 7061 36006 86 138 52 33
36156 445 36127 11 29 18 18
36175 9741 36075 53 100 47 8
36211 4229 36071 27 140 113 113
36312 5123 36287 16 25 9 6
36328 3780 36312 15 16 1 1
36354 5294 36147 109 207 98 16
36368 5428 36330 16 38 22 22
36374 5280 36358 8 16 8 8
36390 6636 36189 157 201 44 22
36415 3013 36336 32 79 47 6
36457 8483 36451 6 6 0 0
36498 2311 36452 30 46 16 6
36606 8738 36586 10 20 10 10
36655 3298 36642 6 13 7 7
36697 9704 36678 10 19 9 9
36718 5669 36689 20 29 9 9
36770 4104 36614 114 156 42 13
36815 8724 36582 117 233 116 3
36843 5049 36464 60 379 319 303
36861 3715 36551 27 310 283 283
36876 6930 36787 68 89 21 6
36922 2952 36858 35 64 29 4
36930 6417 36386 148 544 396 5
36985 2621 36907 57 78 21 6
37044 5707 37017 16 27 11 11
37114 107 36934 62 180 118 3
37130 2872 37088 15 42 27 27
37386 8045 37265 23 121 98 98
37402 344 37303 68 99 31 17
37406 5647 35717 174 1689 1515 2
37432 5986 37417 6 15 9 9
37463 4328 37397 42 66 24 10
37499 3589 37490 2 9 7 7
37564 7631 37447 101 117 16 3
37577 9885 37427 130 150 20 0
37598 11 37300 99 298 199 0
37604 3332 37309 116 295 179 6
37619 4570 37583 9 36 27 27
37671 2940 37595 59 76 17 14
37688 5875 37596 53 92 39 22
37702 3084 37684 13 18 5 5
37724 9643 37641 20 83 63 63
37738 5795 37718 13 20 7 7
37777 3295 37621 83 156 73 35
37821 6160 37785 19 36 17 17
37845 1582 37803 23 42 19 19
37852 7095 37755 72 97 25 18
37878 4501 37727 66 151 85 12
37888 1070 37762 114 126 12 0
37962 2807 37892 54 70 16 14
38101 8814 38047 29 54 25 25
38104 7979 35812 131 2292 2161 7
38137 2862 35784 130 2353 2223 182
38199 7232 36263 30 1936 1906 1906
38209 1441 38179 9 30 21 21
38226 6088 38219 2 7 5 5
38261 5980 38219 36 42 6 5
38335 6900 35944 141 2391 2250 6
38353 9841 38317 17 36 19 19
38370 8195 38347 16 23 7 7
38377 8443 38322 20 55 35 35
38411 348 38212 112 199 87 4
38602 1891 38495 50 107 57 16
38670 5072 38527 68 143 75 28
38685 464 38671 14 14 0 0
38703 5728 38621 76 82 6 4
38758 5835 38694 27 64 37 37
38759 4340 38725 27 34 7 7
38806 9903 38778 16 28 12 12
38821 9161 38762 33 59 26 17
38847 7809 38827 20 20 0 0
38872 1100 38855 2 17 15 15
38875 8634 38810 27 65 38 38
38892 2199 38854 19 38 19 19
38945 8055 38885 43 60 17 4
39044 740 38683 102 361 259 226
39047 1906 39044 2 3 1 1
39060 995 38854 137 206 69 39
39169 1435 39010 49 159 110 58
39183 1280 38983 138 200 62 13
39213 7779 39203 7 10 3 3
39239 9313 38945 228 294 66 1
39425 7219 39211 159 214 55 0
39447 19 39212 190 235 45 2
39468 5173 36467 186 3001 2815 37
39504 7805 39496 2 8 6 6
39507 3024 39120 155 387 232 11
39562 9140 39018 106 544 438 430
39565 2522 39459 42 106 64 13
39585 4741 39566 19 19 0 0
39625 4363 39460 70 165 95 15
39626 7565 39562 24 64 40 40
39707 1240 39695 10 12 2 2
39716 6578 39656 58 60 2 1
39820 1274 39782 24 38 14 14
39827 4078 39817 6 10 4 4
39831 3793 39506 144 325 181 146
39847 6489 39281 42 566 524 494
40027 5792 40012 7 15 8 8
40034 4458 40023 6 11 5 5
40095 6709 40083 3 12 9 9
40161 9777 40142 16 19 3 3
40225 140 40130 67 95 28 13
40250 6007 40222 15 28 13 13
40393 9422 40373 10 20 10 10
40397 7983 40080 218 317 99 2
40422 244 40342 64 80 16 2
40448 144 40188 134 260 126 15
40460 7764 40290 108 170 62 8
40461 9015 40065 188 396 208 12
40490 1963 40091 50 399 349 5
40504 165 40477 13 27 14 14
40529 6731 40390 92 139 47 4
40582 6772 40526 49 56 7 4
40586 7968 40491 63 95 32 4
40626 7297 40504 79 122 43 16
40650 4084 38975 79 1675 1596 1572
40735 6042 38999 132 1736 1604 1600
40809 8696 40630 143 179 36 0
40868 1881 40786 41 82 41 30
40921 30 40915 1 6 5 5
40948 8322 40931 14 17 3 3
41040 9657 40608 143 432 289 3
41052 9293 40909 102 143 41 13
41060 5042 40955 64 105 41 36
41158 7673 40919 181 239 58 9
41192 415 41089 77 103 26 21
41208 8980 40913 90 295 205 19
41210 823 41194 1 16 15 15
41290 6904 41078 147 212 65 18
41310 516 40875 156 435 279 74
41444 5715 40575 186 869 683 8
41595 3711 41372 188 223 35 16
41615 285 41605 10 10 0 0
41743 5643 41713 10 30 20 20
41758 9219 41549 139 209 70 24
41780 5743 41743 18 37 19 19
41813 6188 41770 18 43 25 5
41853 4039 41418 174 435 261 104
41861 8580 41740 26 121 95 95
41862 305 41842 5 20 15 15
41909 6561 41757 93 152 59 24
41975 4753 41740 27 235 208 208
41976 5604 41941 29 35 6 4
41983 7355 41962 7 21 14 14
42156 82 41974 120 182 62 52
42158 6995 42135 18 23 5 5
42174 9847 42158 15 16 1 1
42186 2896 42113 44 73 29 15
42193 4002 42179 7 14 7 7
42244 7624 40217 193 2027 1834 1456
42282 7745 42261 16 21 5 5
42314 1427 42304 7 10 3 3
42367 9260 42339 22 28 6 6
42396 100 42366 13 30 17 17
42428 8465 42240 172 188 16 9
42468 6434 42358 76 110 34 11
42475 9486 42436 28 39 11 11
42521 8412 42353 61 168 107 85
42585 4036 42137 123 448 325 181
42588 3955 40128 105 2460 2355 333
42604 6551 42595 3 9 6 6
42635 4093 42588 26 47 21 21
42640 3296 40566 195 2074 1879 21
42676 6356 42551 83 125 42 1
42696 851 42640 23 56 33 33
42734 7008 41168 30 1566 1536 1536
42737 6257 42565 114 172 58 21
42823 1003 42804 8 19 11 11
42836 9275 42729 47 107 60 57
42899 5518 42886 5 13 8 8
42927 2913 42880 27 47 20 20
42954 267 41376 105 1578 1473 1462
42979 6383 41402 30 1577 1547 1547
42984 7091 42971 9 13 4 4
43005 2810 42738 217 267 50 0
43027 8299 42987 21 40 19 19
43029 7837 43001 21 28 7 1
43041 4752 42916 79 125 46 12
43253 5176 42981 208 272 64 4
43268 3232 42028 166 1240 1074 1057
43302 1781 43270 10 32 22 22
43353 7389 43300 27 53 26 26
43450 3094 43373 51 77 26 12
43490 6074 43468 20 22 2 2
43529 9925 43184 189 345 156 10
43594 1113 43582 4 12 8 8
43624 4279 43362 90 262 172 30
43629 573 43628 1 1 0 0
43734 6099 43683 18 51 33 11
43736 1381 43655 49 81 32 9
43794 9431 43788 2 6 4 4
43822 5025 43801 7 21 14 14
43871 2667 43843 23 28 5 5
43883 1023 43798 44 85 41 25
43918 9594 43876 25 42 17 8
43994 4240 43966 15 28 13 13
44030 2413 43872 104 158 54 37
44060 4817 43999 47 61 14 3
44069 9909 43789 203 280 77 4
44126 1765 43599 96 527 431 26
44140 517 43813 29 327 298 298
44148 2246 44043 80 105 25 18
44164 7996 43670 183 494 311 7
44383 209 44302 67 81 14 6
44423 6766 44391 21 32 11 11
44435 9075 44158 165 277 112 7
44457 1816 44345 88 112 24 10
44509 6808 43836 86 673 587 7
44522 3369 44425 78 97 19 11
44603 4441 44583 16 20 4 4
44616 3419 44271 151 345 194 10
44672 3349 44547 106 125 19 7
44717 47 44684 18 33 15 15
44815 3990 15214 95 29601 29506 1
44835 8345 44820 5 15 10 10
44840 1281 44780 30 60 30 30
44880 6137 44685 142 195 53 0
44884 322 15478 155 29406 29251 8
44886 1545 44844 29 42 13 13
44917 2508 44885 30 32 2 2
45056 3664 45051 1 5 4 4
45093 4235 15629 170 29464 29294 12
45139 576 45075 39 64 25 19
45147 4195 45062 30 85 55 55
45162 637 45133 14 29 15 15
45208 1264 45137 66 71 5 3
45248 2375 16456 134 28792 28658 6
45259 6993 15657 264 29602 29338 5
45287 5122 45256 27 31 4 4
45304 1889 45271 16 33 17 17
45317 739 16518 90 28799 28709 28696
45332 8685 45189 63 143 80 18
45465 4112 45360 86 105 19 1
45601 3497 45578 21 23 2 2
45631 2007 45291 195 340 145 9
45663 7006 17001 31 28662 28631 28631
45695 72 17480 198 28215 28017 8
45705 2267 17785 48 27920 27872 6
45733 8002 45702 30 31 1 1
45737 866 18160 31 27577 27546 27546
45809 6736 45795 9 14 5 5
45838 4106 45740 65 98 33 24
45872 2441 45743 113 129 16 1
45928 3972 18032 270 27896 27626 13
46047 8200 45806 181 241 60 3
46057 46 45901 117 156 39 13
46089 5205 18907 31 27182 27151 27151
46111 9006 19135 31 26976 26945 26945
46124 4151 46091 12 33 21 21
46172 8737 19323 56 26849 26793 26767
46222 3667 18891 198 27331 27133 27083
46244 8669 46180 41 64 23 17
46256 1352 19381 83 26875 26792 26781
46302 7055 46179 55 123 68 51
46323 5409 46298 19 25 6 6
46353 6621 46317 18 36 18 18
46394 8302 46232 101 162 61 25
46447 8507 46332 70 115 45 22
46452 7589 20012 226 26440 26214 26161
46456 1110 46447 8 9 1 1
46496 2812 46148 115 348 233 8
46610 1311 46593 6 17 11 11
46683 8960 46538 117 145 28 3
46701 8133 46681 17 20 3 3
46770 5006 46701 29 69 40 40
46893 5944 46856 11 37 26 26
46917 1433 46632 213 285 72 4
46940 3441 46909 16 31 15 15
46968 387 46885 21 83 62 62
47060 9286 46920 79 140 61 57
47067 4729 47053 6 14 8 8
47068 1125 20320 232 26748 26516 26433
47103 5073 47035 54 68 14 3
47189 7646 47156 13 33 20 20
47198 5673 47142 50 56 6 4
47270 9772 20337 252 26933 26681 60
47325 6447 47294 14 31 17 17
47341 7348 47292 41 49 8 7
47397 6421 47126 161 271 110 6
47432 5983 47307 30 125 95 95
47444 1752 47428 15 16 1 1
47545 5139 21403 133 26142 26009 37
47582 310 47573 1 9 8 8
47589 2321 47576 6 13 7 7
47642 163 47616 25 26 1 1
47683 3812 47489 129 194 65 4
47698 8826 47666 21 32 11 11
47781 3926 47733 19 48 29 29
47912 9497 47765 96 147 51 17
47939 8607 47920 9 19 10 10
47999 8918 47937 58 62 4 3
48022 3630 47843 64 179 115 109
48030 124 47917 67 113 46 6
48096 9158 48004 27 92 65 65
48118 5519 48109 3 9 6 6
48144 7227 48085 25 59 34 34
48158 3116 48136 13 22 9 9
48175 7161 47965 146 210 64 9
48273 1678 48075 153 198 45 22
48280 7354 48144 97 136 39 15
48313 3871 48241 49 72 23 12
48352 5999 47996 90 356 266 27
48519 6595 48473 14 46 32 32
48530 5901 48409 64 121 57 3
48571 5020 48533 19 38 19 19
48598 5922 48567 21 31 10 10
48615 9203 48586 24 29 5 5
48679 3224 48168 30 511 481 481
48738 1933 48587 84 151 67 59
48799 1576 48778 9 21 12 12
48802 8983 22944 31 25858 25827 25827
48868 4777 23040 31 25828 25797 25797
49030 4920 48691 223 339 116 9
49054 8943 23133 182 25921 25739 146
49113 520 48950 112 163 51 12
49168 545 49069 62 99 37 4
49190 7260 49142 45 48 3 1
49200 8251 49060 87 140 53 51
49270 1303 49057 130 213 83 18
49281 639 49171 68 110 42 38
49296 7463 49264 14 32 18 18
49315 378 49092 29 223 194 194
49380 3806 49345 9 35 26 26
49407 2427 49157 161 250 89 36
49458 2498 49314 103 144 41 2
49542 7765 24756 49 24786 24737 1
49634 1946 49474 115 160 45 9
49645 1498 49629 10 16 6 6
49656 5074 49588 56 68 12 9
49731 8058 49600 25 131 106 106
49739 6597 49719 7 20 13 13
49744 7130 49715 10 29 19 19
49767 4927 49591 69 176 107 89
49807 331 49477 281 330 49 14
49816 9131 49747 32 69 37 24
49835 261 49755 56 80 24 11
49874 6791 24975 140 24899 24759 21
49918 3537 26199 141 23719 23578 16
50042 4732 26689 43 23353 23310 23298
50043 4506 26522 85 23521 23436 23417
50051 8776 49960 61 91 30 20
50067 5773 49991 35 76 41 12
50087 5893 50007 34 80 46 7
50155 476 26597 119 23558 23439 23358
50162 5250 50155 7 7 0 0
50197 6733 50054 98 143 45 6
50204 582 50105 74 99 25 21
50271 9212 50195 56 76 20 11
50285 4386 50197 60 88 28 27
50289 767 50278 3 11 8 8
50395 5719 50383 2 12 10 10
50422 1954 50200 136 222 86 27
50423 6761 50174 109 249 140 130
50434 2516 50421 11 13 2 2
50441 1681 50334 80 107 27 6
50502 7110 50081 28 421 393 393
50503 541 50488 3 15 12 12
50521 7404 50492 17 29 12 12
50532 2665 50491 18 41 23 23
50540 5281 50496 18 44 26 26
50543 9234 50388 90 155 65 60
50566 7678 50120 214 446 232 43
50705 1974 50147 30 558 528 528
50785 4964 50559 184 226 42 8
50838 7948 50175 219 663 444 10
50874 6132 50685 74 189 115 101
50933 5310 50903 18 30 12 12
50935 4938 50903 17 32 15 4
51057 3106 51044 13 13 0 0
51058 8480 50499 100 559 459 377
51066 4618 51051 8 15 7 7
51085 1413 51083 2 2 0 0
51107 3326 51048 25 59 34 19
51109 9226 50987 76 122 46 4
51116 3565 51109 6 7 1 1
51157 8358 50878 141 279 138 28
51198 8011 51168 12 30 18 16
51228 2884 51040 114 188 74 31
51353 1797 51013 171 340 169 8
51380 4241 51298 64 82 18 3
51408 2742 51353 27 55 28 28
51456 9282 51162 82 294 212 2
51493 3759 51450 32 43 11 7
51531 3101 50964 30 567 537 537
51571 3535 26748 118 24823 24705 4
51572 1061 51499 58 73 15 0
51699 4876 51609 77 90 13 4
51742 7356 51669 28 73 45 45
51806 7844 27945 48 23861 23813 0
51832 1874 51571 182 261 79 1
51854 1490 51846 5 8 3 3
51892 4830 51783 73 109 36 21
51902 8808 51889 9 13 4 4
51909 9002 51873 12 36 24 24
51952 9623 51901 42 51 9 2
52046 6947 52008 9 38 29 29
52048 4353 52011 10 37 27 27
52058 4621 30316 164 21742 21578 1
52064 8125 52029 10 35 25 25
52094 9634 51872 132 222 90 47
52108 8819 52091 13 17 4 4
52132 9013 52118 11 14 3 3
52168 7120 52039 103 129 26 8
52179 2693 28654 243 23525 23282 9
52182 3016 52180 2 2 0 0
52306 8085 52276 23 30 7 7
52334 6032 52135 25 199 174 174
52423 3416 52011 117 412 295 14
52435 8646 52350 69 85 16 0
52477 3625 52319 57 158 101 49
52539 4578 52342 116 197 81 29
52582 901 52327 99 255 156 8
52610 2237 52472 123 138 15 6
52693 3054 52499 118 194 76 17
52746 3674 52659 77 87 10 4
52958 9083 52843 79 115 36 24
52969 4198 52961 2 8 6 6
53005 3872 52842 77 163 86 13
53013 3692 53004 7 9 2 2
53024 7579 52924 24 100 76 76
53062 2696 52964 54 98 44 6
53083 2849 52938 24 145 121 121
53101 9833 53088 11 13 2 2
53118 4850 53031 76 87 11 9
53182 6482 53155 8 27 19 19
53219 2625 52680 58 539 481 459
53254 3294 53086 79 168 89 27
53302 4485 52850 185 452 267 3
53342 4963 30045 308 23297 22989 43
53396 3673 53354 26 42 16 14
53401 6599 31141 81 22260 22179 22176
53412 409 53408 2 4 2 2
53429 9120 53415 5 14 9 9
53441 8144 53428 11 13 2 2
53446 8191 53437 6 9 3 3
53477 711 53340 121 137 16 3
53488 8582 53373 77 115 38 11
53503 9832 53370 122 133 11 5
53510 7647 53470 30 40 10 10
53524 250 53505 13 19 6 6
53539 1663 53514 12 25 13 13
53620 2243 53538 48 82 34 28
53716 6546 53464 175 252 77 14
53765 5228 53638 86 127 41 16
53871 1304 53535 234 336 102 5
53895 5913 53861 23 34 11 11
53926 9200 53697 105 229 124 2
53959 2754 53954 3 5 2 2
53991 2907 53703 202 288 86 5
54063 9871 54029 21 34 13 13
54119 4185 54013 42 106 64 51
54184 5443 54094 57 90 33 17
54185 2865 54068 72 117 45 26
54244 4176 54177 49 67 18 8
54272 7326 54255 17 17 0 0
54278 1661 54095 109 183 74 0
54289 4212 54199 65 90 25 9
54358 1581 31324 173 23034 22861 22808
54378 3006 54280 59 98 39 38
54408 6195 54136 183 272 89 9
54482 1041 54393 45 89 44 16
54524 3881 54446 54 78 24 7
54556 2329 54534 13 22 9 9
54583 9001 54571 3 12 9 9
54605 7547 54512 17 93 76 76
54678 4421 54657 17 21 4 4
54680 1184 54673 1 7 6 6
54698 8429 54496 80 202 122 19
54703 7030 54654 22 49 27 27
54756 9089 54565 84 191 107 1
54767 9861 54738 10 29 19 19
54787 6505 54684 51 103 52 50
54845 5419 54284 209 561 352 6
54873 7630 54555 39 318 279 2
54885 8614 54873 11 12 1 1
54984 3001 54714 171 270 99 1
55040 300 54884 63 156 93 12
55076 7342 55031 43 45 2 1
55087 7746 54951 77 136 59 14
55093 3120 55072 16 21 5 5
55096 6237 54832 183 264 81 10
55122 7049 55020 58 102 44 21
55129 1491 55073 20 56 36 36
55169 2491 55076 24 93 69 69
55267 4326 55033 49 234 185 182
55280 2965 55256 12 24 12 12
55298 9396 55263 17 35 18 18
55334 9738 55045 73 289 216 205
55363 8256 55271 65 92 27 6
55530 2143 54892 154 638 484 479
55537 1123 55499 28 38 10 7
55543 8989 55511 12 32 20 20
55567 951 54698 141 869 728 6
55672 4495 54518 166 1154 988 46
55694 1020 55678 8 16 8 8
55751 8632 54672 98 1079 981 0
55773 8246 55688 66 85 19 3
55790 8578 55706 63 84 21 11
55832 7905 55823 9 9 0 0
55867 8625 31766 73 24101 24028 24025
55925 3795 55847 42 78 36 4
55945 7766 55938 4 7 3 3
55983 2888 55962 7 21 14 0
55984 7995 55859 64 125 61 1
56037 8185 56020 12 17 5 5
56112 7843 55933 62 179 117 104
56155 126 56069 74 86 12 5
56215 8366 55982 113 233 120 35
56242 931 56224 14 18 4 4
56335 2554 56089 24 246 222 222
56411 1412 32836 154 23575 23421 23039
56498 6260 56475 12 23 11 11
56535 1757 56514 12 21 9 9
56544 2559 56540 4 4 0 0
56552 8572 56532 7 20 13 13
56655 8359 56636 2 19 17 17
56723 2417 56709 4 14 10 10
56742 623 56075 93 667 574 559
56836 556 56834 1 2 1 1
56883 1650 56848 22 35 13 13
56929 334 56675 183 254 71 7
56951 8543 56945 3 6 3 3
56976 7984 56759 170 217 47 15
57051 2529 32933 168 24118 23950 23822
57062 8038 57049 13 13 0 0
57080 9370 56837 152 243 91 0
57113 1444 57091 19 22 3 3
57159 908 57060 69 99 30 3
57189 4725 56665 199 524 325 0
57192 4273 57073 93 119 26 8
57216 665 57168 23 48 25 25
57224 1462 57197 12 27 15 15
57241 1822 56759 83 482 399 394
57366 1756 57238 109 128 19 4
57438 2028 57381 26 57 31 31
57508 8758 57183 149 325 176 7
57531 7280 57304 90 227 137 15
57543 2183 57535 8 8 0 0
57568 3139 57558 5 10 5 5
57647 2327 57639 2 8 6 6
57668 6239 57637 13 31 18 18
57682 4730 34026 86 23656 23570 23564
57693 3648 57467 156 226 70 1
57780 7424 57717 45 63 18 4
57863 5059 57692 124 171 47 2
57891 4115 57871 17 20 3 3
57936 9317 57876 54 60 6 5
58014 8379 57863 75 151 76 1
58089 7249 33763 159 24326 24167 22
58116 593 57887 161 229 68 4
58205 5982 58069 70 136 66 15
58231 4461 58046 115 185 70 12
58245 8537 58011 160 234 74 21
58310 7024 58182 95 128 33 9
58364 2971 58023 29 341 312 312
58394 5903 58042 117 352 235 21
58451 225 58322 29 129 100 100
58465 4754 57381 236 1084 848 58
58496 2139 57550 302 946 644 7
58512 8663 58475 24 37 13 13
58538 8886 57938 178 600 422 382
58547 8326 58542 1 5 4 4
58560 9488 58536 21 24 3 3
58621 4606 58590 14 31 17 17
58649 2208 58583 47 66 19 6
58653 1176 58612 36 41 5 2
58672 5321 58493 51 179 128 7
58703 4682 58700 1 3 2 2
58734 2182 58571 62 163 101 83
58747 5865 58731 12 16 4 4
58748 6435 58684 23 64 41 41
58762 4829 58690 51 72 21 14
58817 779 58534 73 283 210 139
58834 2524 58743 30 91 61 61
58839 4470 58737 67 102 35 34
58930 3877 58828 79 102 23 7
58963 5277 58930 20 33 13 13
58994 138 58843 95 151 56 54
59026 1975 14532 108 44494 44386 1
59042 4685 58869 144 173 29 6
59046 183 34233 31 24813 24782 24782
59189 8874 34662 76 24527 24451 24442
59241 2069 59053 133 188 55 26
59284 6528 59158 23 126 103 103
59304 506 59149 104 155 51 28
59363 7822 59201 58 162 104 0
59410 8034 59276 58 134 76 35
59416 3053 34537 173 24879 24706 24510
59418 1419 59190 101 228 127 0
59420 9592 59416 3 4 1 1
59450 9185 34763 96 24687 24591 24373
59529 9697 59486 32 43 11 5
59582 1819 59506 43 76 33 24
59604 2013 59544 48 60 12 9
59638 7883 35226 150 24412 24262 24233
59669 4380 59587 45 82 37 6
59680 7243 59587 47 93 46 28
59739 2715 59505 98 234 136 7
59768 1955 59526 175 242 67 17
59836 8464 59813 17 23 6 6
59876 14 59788 66 88 22 11
59937 9866 59622 101 315 214 177
59937 349 35000 84 24937 24853 251
59987 7081 59884 48 103 55 15
60028 9358 59920 74 108 34 27
60090 6746 60060 12 30 18 18
60125 1448 60122 3 3 0 0
60139 1970 59867 190 272 82 10
60144 8930 60131 5 13 8 8
60147 6336 60099 42 48 6 2
60212 160 59960 170 252 82 1
60233 4275 60201 20 32 12 12
60239 6084 60121 99 118 19 5
60274 703 60264 7 10 3 3
60317 1290 60295 18 22 4 4
60318 1912 60303 13 15 2 2
60338 4108 60229 20 109 89 89
60365 6586 60234 97 131 34 10
60381 9729 60233 115 148 33 1
60406 3250 60271 22 135 113 113
60418 2319 60374 33 44 11 10
60458 2483 60273 88 185 97 2
60477 3996 60453 18 24 6 6
60513 6445 60364 81 149 68 0
60551 9602 60077 239 474 235 97
60577 4565 60472 80 105 25 6
60613 178 60289 70 324 254 53
60667 4022 60468 30 199 169 169
60669 7834 60247 118 422 304 22
60764 9050 36545 86 24219 24133 24123
60791 7729 60720 51 71 20 8
60856 8152 37413 225 23443 23218 23
60866 6402 60609 205 257 52 5
60933 2170 60915 7 18 11 11
60939 192 38515 44 22424 22380 22379
60954 1122 60943 5 11 6 6
61019 9545 60750 174 269 95 14
61042 317 37205 246 23837 23591 5
61045 9571 61037 5 8 3 3
61090 258 60985 85 105 20 0
61153 4304 38608 204 22545 22341 7
61172 4871 60968 157 204 47 12
61187 7452 61168 14 19 5 5
61194 2018 61177 14 17 3 3
61278 3447 61213 18 65 47 47
61293 2813 61242 21 51 30 30
61343 5612 61276 53 67 14 3
61393 2119 61242 66 151 85 64
61428 1236 61378 21 50 29 29
61478 1692 61410 60 68 8 7
61506 3524 61378 93 128 35 3
61537 4178 61381 108 156 48 6
61588 8961 61566 21 22 1 1
61680 5708 61652 11 28 17 17
61792 5115 61675 88 117 29 6
61797 8520 61703 77 94 17 0
61823 6999 61805 8 18 10 10
61866 4734 61796 68 70 2 0
61875 2400 61857 8 18 10 10
61884 9437 61868 8 16 8 8
61915 5940 61535 166 380 214 3
61972 1575 61940 22 32 10 10
61997 9672 61989 1 8 7 7
62003 1237 61797 149 206 57 32
62009 4238 61987 5 22 17 17
62042 5997 62025 16 17 1 1
62082 5 62062 12 20 8 6
62103 9527 62083 17 20 3 3
62164 6805 61952 160 212 52 15
62196 1726 62005 142 191 49 18
62254 1124 62016 160 238 78 33
62359 753 62347 10 12 2 2
62367 7405 62280 70 87 17 14
62383 6691 62337 17 46 29 29
62449 9397 62365 21 84 63 63
62507 1751 62389 103 118 15 9
62533 6040 62441 64 92 28 6
62535 7977 62301 168 234 66 10
62555 4203 62400 113 155 42 8
62605 4493 62578 22 27 5 5
62613 9663 62377 79 236 157 7
62653 9550 62629 9 24 15 15
62678 4306 62660 10 18 8 8
62697 2435 62221 208 476 268 100
62766 752 62725 21 41 20 20
62791 9553 62616 76 175 99 79
62813 6303 62644 136 169 33 30
62821 1439 62529 204 292 88 5
62872 7469 62644 170 228 58 15
62896 3028 62866 23 30 7 7
62936 4806 62906 23 30 7 7
62943 4174 62928 14 15 1 1
62963 5596 62954 9 9 0 0
62978 5753 62915 17 63 46 46
63092 9291 63025 57 67 10 1
63165 1664 63012 100 153 53 4
63178 8232 63124 45 54 9 5
63192 1475 63135 26 57 31 31
63238 2844 63225 13 13 0 0
63380 7166 63343 23 37 14 6
63401 5302 63343 20 58 38 38
63425 5530 63407 6 18 12 12
63434 1999 63359 51 75 24 20
63474 9575 63463 7 11 4 4
63603 7777 63529 40 74 34 16
63617 4483 63213 234 404 170 26
63638 5392 63274 101 364 263 54
63645 8086 63628 15 17 2 2
63744 440 63689 23 55 32 32
63749 8064 63229 175 520 345 2
63763 3272 63697 34 66 32 6
63810 8875 63649 123 161 38 7
63911 7252 63427 255 484 229 52
63957 3865 63935 19 22 3 3
63969 5955 63948 11 21 10 10
63993 720 63974 19 19 0 0
64002 2050 63960 30 42 12 5
64028 9065 62923 182 1105 923 104
64030 9641 64015 1 15 14 14
64033 8018 64004 3 29 26 26
64144 394 64129 12 15 3 3
64162 5445 64120 17 42 25 25
64233 8482 63975 181 258 77 19
64263 9022 64232 29 31 2 2
64354 2851 64339 10 15 5 5
64432 9824 64360 62 72 10 3
64442 3213 64258 107 184 77 6
64452 7951 64390 50 62 12 6
64470 5626 64465 3 5 2 2
64478 5937 64063 168 415 247 224
64479 9750 64470 8 9 1 1
64520 5131 64487 22 33 11 11
64548 9205 64237 144 311 167 1
64560 729 64503 54 57 3 1
64650 9596 64628 11 22 11 11
64662 7753 64630 13 32 19 19
64683 8716 64666 9 17 8 8
64706 9828 64606 72 100 28 0
64721 2271 64196 121 525 404 23
64777 7503 64697 68 80 12 10
64795 1235 64777 17 18 1 1
64811 1259 64787 16 24 8 8
64831 9949 64602 58 229 171 165
64853 5674 64832 21 21 0 0
64882 3234 64815 54 67 13 6
64891 7797 64873 11 18 7 7
64911 4003 64774 68 137 69 22
64940 534 64906 25 34 9 9
64990 2757 64861 95 129 34 9
65008 3918 64240 212 768 556 43
65077 5379 64885 29 192 163 163
65098 8103 65084 7 14 7 7
65168 2410 65067 86 101 15 11
65235 2581 65099 127 136 9 0
65275 3964 65140 75 135 60 13
65299 8755 65284 10 15 5 5
65392 3197 65266 90 126 36 10
65407 1922 65406 1 1 0 0
65485 1215 65412 24 73 49 49
65491 8924 65467 15 24 9 9
65501 6158 65471 15 30 15 15
65569 2103 65554 14 15 1 1
65651 4803 65562 23 89 66 66
65693 1770 65510 141 183 42 0
65707 4636 65406 174 301 127 2
65736 6003 65559 48 177 129 2
65773 1994 65615 106 158 52 9
65776 1758 65603 61 173 112 105
65802 7703 65784 9 18 9 9
65827 6077 65823 3 4 1 1
65851 2733 65761 45 90 45 42
65876 5942 65861 1 15 14 14
65884 3950 65713 72 171 99 24
65989 4415 65925 63 64 1 0
66005 7464 65904 68 101 33 15
66112 5538 64295 30 1817 1787 1787
66125 9679 66084 21 41 20 20
66199 6384 66162 25 37 12 12
66249 8368 66147 70 102 32 6
66265 737 66192 55 73 18 17
66370 8523 66245 77 125 48 3
66496 5384 66478 13 18 5 5
66551 8136 66492 19 59 40 40
66556 9281 66480 53 76 23 6
66580 5201 66542 23 38 15 15
66641 4463 66628 12 13 1 1
66649 8779 66525 112 124 12 3
66713 2663 66661 26 52 26 26
66762 8145 66720 19 42 23 9
66874 2177 66662 26 212 186 186
66901 5514 66659 155 242 87 0
66914 7308 66757 115 157 42 6
67024 2337 64894 133 2130 1997 1670
67047 9532 66973 49 74 25 22
67086 8039 67009 50 77 27 16
67110 174 67099 8 11 3 3
67113 2092 67042 63 71 8 6
67179 4534 67164 13 15 2 2
67249 9807 67229 1 20 19 19
67280 9184 67234 15 46 31 31
67296 6091 65760 183 1536 1353 0
67311 9418 66912 78 399 321 6
67335 7395 67183 74 152 78 26
67429 9806 67401 12 28 16 16
67485 3928 66991 166 494 328 20
67510 109 67163 262 347 85 10
67533 3047 67483 22 50 28 28
67603 7597 67319 210 284 74 0
67626 1590 67584 21 42 21 21
67641 8970 39274 31 28367 28336 28336
67773 3196 67698 62 75 13 9
67824 5085 67650 117 174 57 0
67847 7254 67736 69 111 42 30
67888 7511 39425 127 28463 28336 0
67900 8092 67888 11 12 1 1
67921 7598 67892 21 29 8 8
67967 5572 39526 235 28441 28206 10
67981 4758 67959 17 22 5 5
68023 2484 67790 72 233 161 137
68049 8474 68020 25 29 4 4
68075 6190 68059 7 16 9 9
68096 5158 68086 10 10 0 0
68122 6050 68117 3 5 2 2
68130 6850 67846 257 284 27 6
68205 7253 68137 52 68 16 1
68285 8100 68194 61 91 30 1
68289 4911 68088 28 201 173 173
68321 8498 68118 83 203 120 112
68373 5166 68360 11 13 2 2
68381 4546 68341 25 40 15 4
68513 8746 68488 20 25 5 1
68579 9178 68248 279 331 52 0
68627 9837 68624 3 3 0 0
68638 7794 68375 146 263 117 3
68667 7446 68621 30 46 16 7
68685 3141 68650 19 35 16 16
68720 3302 68498 50 222 172 30
68734 2482 68636 76 98 22 0
68734 9743 68495 88 239 151 144
68865 8730 68703 107 162 55 4
68874 3228 68540 48 334 286 2
68911 1218 68868 18 43 25 25
68915 2487 68119 169 796 627 5
68996 4390 68100 76 896 820 2
69022 6632 68998 22 24 2 2
69026 9460 68119 58 907 849 12
69072 6798 69055 5 17 12 12
69110 8925 69080 17 30 13 13
69117 690 69073 23 44 21 21
69151 1962 68418 128 733 605 26
69209 3121 68561 29 648 619 619
69255 7220 68564 101 691 590 4
69376 5432 69352 21 24 3 1
69380 497 69246 71 134 63 21
69405 741 69191 123 214 91 19
69486 6273 69460 16 26 10 10
69528 5387 68750 71 778 707 23
69558 7327 69532 21 26 5 5
69571 9404 68162 252 1409 1157 8
69597 3522 69543 25 54 29 29
69641 4602 69606 23 35 12 12
69740 6314 69722 9 18 9 9
69749 8321 68889 173 860 687 55
69807 6097 69794 8 13 5 5
69819 6366 69490 243 329 86 5
69880 3051 69816 46 64 18 4
69898 4999 69783 81 115 34 25
69962 5305 69914 19 48 29 29
69966 8001 69756 78 210 132 125
70053 5711 69938 54 115 61 0
70073 7019 70035 18 38 20 20
70170 9061 70141 13 29 16 16
70229 5602 69987 129 242 113 6
70255 660 70106 66 149 83 10
70308 4192 70077 78 231 153 135
70343 9449 70192 116 151 35 5
70357 3142 70110 105 247 142 12
70368 4840 68540 192 1828 1636 8
70447 1790 70413 20 34 14 14
70454 4033 70436 6 18 12 12
70467 8633 70340 84 127 43 29
70555 9112 70352 163 203 40 16
70580 8056 70565 15 15 0 0
70599 9503 70449 77 150 73 22
70644 5227 70527 75 117 42 0
70687 2010 70378 30 309 279 279
70821 5858 69966 263 855 592 1
70830 9872 70722 56 108 52 33
70889 2370 70835 27 54 27 27
70921 8479 70557 67 364 297 2
71023 74 70931 58 92 34 28
71088 1004 70970 86 118 32 3
71190 6672 70926 189 264 75 27
71199 5621 71071 70 128 58 5
71229 2748 70943 49 286 237 9
71246 1753 71101 72 145 73 46
71260 4906 71204 27 56 29 28
71291 6295 71271 19 20 1 1
71357 3292 71350 5 7 2 2
71384 882 71350 29 34 5 5
71399 112 71234 133 165 32 18
71460 8328 71253 105 207 102 38
71463 7548 71230 110 233 123 92
71583 9300 71473 27 110 83 83
71607 4388 71492 70 115 45 4
71663 3765 71475 57 188 131 12
71680 7761 71667 5 13 8 8
71770 8768 71730 24 40 16 16
71780 9762 71488 203 292 89 20
71905 6031 71810 81 95 14 7
71915 2515 71834 57 81 24 0
71978 5044 71974 1 4 3 3
72001 7958 71845 112 156 44 9
72023 2752 71932 27 91 64 64
72067 2708 72020 34 47 13 12
72077 8134 71958 61 119 58 12
72174 5315 40604 61 31570 31509 31503
72199 6698 72122 24 77 53 53
72223 807 72027 120 196 76 51
72285 8048 72188 84 97 13 7
72308 1357 72295 5 13 8 8
72314 2125 72133 67 181 114 6
72330 1119 72172 70 158 88 83
72341 6963 72292 26 49 23 23
72412 8374 72399 2 13 11 11
72432 2278 72391 17 41 24 24
72439 732 72306 116 133 17 3
72460 5343 72112 203 348 145 33
72514 5900 72500 10 14 4 4
72522 7816 72495 15 27 12 12
72595 3585 72403 77 192 115 112
72676 2563 72395 159 281 122 77
72714 9466 72562 109 152 43 28
72824 3043 72751 51 73 22 18
72841 6288 41069 139 31772 31633 179
72878 438 72745 69 133 64 41
72945 5847 72874 54 71 17 5
72952 2557 72934 6 18 12 12
72953 7168 72820 106 133 27 14
72959 3408 72756 136 203 67 26
73034 7439 72880 58 154 96 11
73051 8591 73012 22 39 17 17
73094 1348 72853 83 241 158 149
73144 1779 73130 13 14 1 1
73167 7363 73107 22 60 38 38
73169 4811 73164 1 5 4 4
73212 4324 72941 187 271 84 13
73245 3885 73110 71 135 64 27
73287 4126 73123 153 164 11 5
73383 5630 73308 36 75 39 20
73385 8656 73234 99 151 52 33
73412 351 73362 26 50 24 24
73464 3414 73388 51 76 25 15
73553 9751 73503 22 50 28 28
73571 2411 73555 16 16 0 0
73635 563 73602 21 33 12 1
73642 6354 73489 114 153 39 0
73723 7904 73454 177 269 92 11
73748 6787 73738 1 10 9 9
73774 2599 73626 129 148 19 10
73799 7628 73754 22 45 23 23
73819 6992 73781 25 38 13 13
73896 9678 73545 167 351 184 60
73948 2455 72719 58 1229 1171 5
73966 9671 73891 67 75 8 6
74011 2252 73902 90 109 19 8
74113 8965 74026 55 87 32 16
74122 6682 74062 45 60 15 1
74133 9476 74123 10 10 0 0
74161 6509 74143 11 18 7 7
74172 430 72789 234 1383 1149 20
74253 6487 74227 16 26 10 10
74274 5038 74269 5 5 0 0
74316 5270 73037 101 1279 1178 1162
74340 9655 74330 8 10 2 2
74438 4469 73662 165 776 611 592
74512 3691 74432 72 80 8 7
74525 8427 74445 56 80 24 20
74555 283 74530 11 25 14 14
74583 5693 74538 27 45 18 18
74611 5587 74504 70 107 37 20
74659 9533 74398 208 261 53 5
74683 653 74667 10 16 6 6
74748 3127 74286 86 462 376 374
74754 8689 74738 10 16 6 6
74888 7468 74862 17 26 9 9
74897 1429 74778 68 119 51 33
74934 2638 74909 13 25 12 12
75025 5113 74908 97 117 20 0
75033 3521 74917 57 116 59 50
75039 2184 75020 13 19 6 6
75084 4242 74821 25 263 238 238
75103 7713 75040 60 63 3 0
75128 6531 75044 36 84 48 6
75156 6986 74900 121 256 135 102
75160 4139 75014 107 146 39 20
75207 1077 75176 19 31 12 12
75274 7284 75162 91 112 21 11
75329 8259 75308 13 21 8 8
75365 4992 75331 23 34 11 11
75379 2118 75229 110 150 40 8
75415 3026 75397 8 18 10 10
75474 9710 75455 18 19 1 1
75547 1487 75218 126 329 203 17
75633 642 75492 98 141 43 12
75645 2631 75631 11 14 3 3
75712 5966 75686 13 26 13 13
75832 7539 75182 90 650 560 10
75834 2932 74863 141 971 830 2
75852 8160 75224 50 628 578 577
75928 8900 75308 60 620 560 546
76011 2096 75998 8 13 5 5
76108 1886 75377 125 731 606 3
76153 4960 75575 83 578 495 473
76272 1153 75854 69 418 349 343
76319 3645 76294 20 25 5 5
76327 6660 76075 180 252 72 6
76347 70 76275 54 72 18 2
76390 3439 76370 16 20 4 4
76415 2229 76401 12 14 2 2
76528 5319 76316 159 212 53 12
76541 8802 76158 139 383 244 16
76565 7507 76230 73 335 262 176
76611 507 73064 200 3547 3347 5
76769 8446 76742 16 27 11 11
76841 1986 76594 185 247 62 18
76871 6321 76803 29 68 39 39
76984 1157 76942 24 42 18 18
77007 3824 73956 143 3051 2908 30
77063 928 73514 140 3549 3409 695
77070 7874 77063 4 7 3 3
77085 8307 77019 48 66 18 11
77109 6364 77078 21 31 10 10
77157 416 77061 25 96 71 71
77221 9544 76943 186 278 92 14
77229 833 77085 80 144 64 59
77258 3777 77226 23 32 9 9
77294 2086 77284 6 10 4 4
77317 525 77164 51 153 102 86
77423 3188 77225 157 198 41 5
77439 5552 77389 15 50 35 35
77460 5747 75260 84 2200 2116 20
77487 7535 77460 16 27 11 11
77491 4639 75434 189 2057 1868 18
77516 2245 77445 53 71 18 16
77613 255 77572 16 41 25 25
77755 2310 77683 35 72 37 24
77785 8340 77527 102 258 156 11
77845 6877 77543 179 302 123 18
77869 8904 77788 55 81 26 9
77873 8905 77497 126 376 250 20
77879 6604 77792 69 87 18 10
77948 7927 77924 23 24 1 1
77966 485 77554 133 412 279 1
78076 780 77702 86 374 288 284
78103 5035 77626 215 477 262 90
78133 5992 77605 206 528 322 77
78207 2552 78119 51 88 37 15
78311 7244 78149 130 162 32 20
78386 83 78376 4 10 6 6
78395 9068 78291 66 104 38 16
78486 28 78248 181 238 57 3
78510 4387 78506 1 4 3 3
78535 8009 78472 51 63 12 1
78683 5793 78405 237 278 41 4
78724 7885 78618 75 106 31 26
78728 2659 75789 208 2939 2731 2
78754 346 78684 25 70 45 45
78778 3048 78757 14 21 7 7
78803 4863 78657 93 146 53 14
78824 622 78814 4 10 6 6
78891 6067 78864 10 27 17 17
78922 5543 75878 92 3044 2952 83
78952 1702 78931 19 21 2 2
79202 6304 79168 22 34 12 12
79228 4298 79201 16 27 11 11
79293 1368 79107 131 186 55 17
79348 8620 79339 1 9 8 8
79397 2927 79156 179 241 62 3
79513 6516 79238 217 275 58 0
79544 8239 79500 23 44 21 21
79550 5657 76051 125 3499 3374 3347
79568 8471 79557 8 11 3 3
79640 522 79187 139 453 314 169
79662 3385 79577 69 85 16 2
79723 6461 79667 44 56 12 5
79757 2751 79733 14 24 10 10
79810 5373 76241 112 3569 3457 107
79852 3391 76591 80 3261 3181 3173
79877 9626 79816 27 61 34 34
79904 8342 76855 86 3049 2963 2956
80017 2564 77292 130 2725 2595 2592
80077 5505 80049 22 28 6 6
80198 3580 78397 30 1801 1771 1771
80241 8999 79890 281 351 70 25
80255 8851 78934 125 1321 1196 12
80318 4902 80229 51 89 38 13
80360 2388 77673 238 2687 2449 2348
80398 1604 80334 50 64 14 1
80424 6973 80250 133 174 41 6
80456 4190 42012 189 38444 38255 0
80616 9295 42352 45 38264 38219 21
80635 4615 80606 18 29 11 11
80652 7441 42437 31 38215 38184 38184
80787 4120 80741 13 46 33 33
80790 5825 80686 89 104 15 1
80821 9181 80766 21 55 34 34
80865 3917 80778 57 87 30 10
80888 3420 42735 124 38153 38029 37920
80903 9062 80760 108 143 35 1
80939 685 80922 7 17 10 10
80958 3837 80699 193 259 66 13
80977 206 80661 142 316 174 77
81096 4312 81001 59 95 36 26
81113 847 81096 16 17 1 1
81134 5947 81003 74 131 57 23
81138 1793 80872 199 266 67 10
81253 7357 80641 57 612 555 12
81261 9723 81096 99 165 66 39
81418 5925 81318 86 100 14 1
81446 5929 81335 27 111 84 84
81494 6328 81463 11 31 20 20
81505 6818 81485 16 20 4 4
81530 9556 81464 52 66 14 8
81558 2933 81373 94 185 91 17
81627 1219 81395 156 232 76 2
81704 4585 80671 199 1033 834 1
81732 6654 81661 47 71 24 3
81799 5096 81771 28 28 0 0
81824 923 81802 14 22 8 8
81857 2349 81849 7 8 1 1
81888 4571 81878 3 10 7 7
81920 8617 43197 31 38723 38692 38692
81959 7415 81926 18 33 15 15
82031 9606 81959 66 72 6 1
82084 6049 81934 26 150 124 124
82118 8528 81900 140 218 78 54
82149 6923 82079 62 70 8 3
82155 7773 82049 69 106 37 1
82165 9879 82135 15 30 15 15
82179 4748 81835 173 344 171 23
82214 5462 82199 3 15 12 12
82325 6465 82246 72 79 7 1
82327 9216 82294 24 33 9 9
82330 6312 82318 4 12 8 8
82366 9769 82248 56 118 62 17
82389 998 82383 3 6 3 3
82427 8575 82421 5 6 1 1
82460 5431 82250 106 210 104 20
82525 997 82506 10 19 9 5
82556 314 82464 55 92 37 4
82619 5229 82575 31 44 13 1
82642 8893 82506 51 136 85 72
82643 9838 82593 34 50 16 10
82660 9728 82497 122 163 41 14
82687 4364 82621 26 66 40 40
82689 4537 82606 53 83 30 18
82755 1431 82732 7 23 16 16
82920 5296 82906 3 14 11 11
82940 3636 82762 87 178 91 85
82942 5522 82700 161 242 81 16
83010 6653 82781 28 229 201 201
83038 9618 83028 6 10 4 4
83077 1830 82839 176 238 62 1
83109 4588 44486 138 38623 38485 0
83125 2285 44247 190 38878 38688 16
83168 3041 83081 65 87 22 13
83226 1853 83170 33 56 23 14
83229 8733 83183 31 46 15 11
83293 190 83254 21 39 18 18
83371 3723 44668 153 38703 38550 3
83402 1142 46191 69 37211 37142 3
83429 5480 83399 15 30 15 4
83462 5796 83442 10 20 10 10
83473 9805 83429 35 44 9 4
83567 5698 83506 46 61 15 8
83585 6252 46138 176 37447 37271 37201
83607 7234 83382 157 225 68 22
83653 3762 83602 26 51 25 25
83725 9715 46384 197 37341 37144 37079
83742 5180 83468 163 274 111 69
83808 6169 83665 123 143 20 7
83820 4274 83721 76 99 23 3
83829 2921 83756 57 73 16 5
83846 9191 83823 16 23 7 7
83923 5883 83892 25 31 6 6
83990 6564 83948 34 42 8 3
84046 4948 83743 124 303 179 117
84053 7577 83633 229 420 191 21
84065 7971 84033 18 32 14 14
84140 5377 84131 7 9 2 2
84297 8526 84195 70 102 32 25
84416 7781 84258 110 158 48 28
84431 5388 84353 69 78 9 5
84458 8141 84408 32 50 18 9
84509 8995 84317 45 192 147 145
84545 2359 84130 168 415 247 200
84565 5648 84531 19 34 15 15
84610 9331 84585 14 25 11 11
84756 9840 84735 10 21 11 11
84776 1849 84762 10 14 4 4
84840 9778 84755 52 85 33 27
84869 5425 84756 86 113 27 1
84880 8455 84791 73 89 16 7
84930 5242 84853 64 77 13 2
84972 8411 84952 11 20 9 9
85095 304 84877 181 218 37 18
85132 4677 85008 96 124 28 4
85153 575 85143 1 10 9 9
85170 4743 85123 40 47 7 0
85174 6491 85102 50 72 22 5
85198 5434 84733 111 465 354 172
85276 8680 84847 26 429 403 403
85310 4427 85201 82 109 27 22
85337 2368 85115 48 222 174 18
85347 5013 84746 28 601 573 573
85354 8119 85344 6 10 4 4
85395 6363 85272 114 123 9 3
85434 65 84913 125 521 396 5
85464 3315 84810 87 654 567 3
85496 2917 84979 152 517 365 17
85516 1371 85232 190 284 94 15
85535 4697 85502 18 33 15 15
85592 9329 83389 315 2203 1888 22
85618 5212 85255 126 363 237 17
85625 9526 85609 6 16 10 10
85625 7576 85584 21 41 20 20
85656 4613 84673 211 983 772 1
85689 4822 85584 66 105 39 6
85721 8184 85584 110 137 27 9
85724 6412 85711 4 13 9 9
85828 6234 85732 61 96 35 31
85886 5874 85815 23 71 48 48
85942 4046 85920 10 22 12 12
85975 2011 85773 171 202 31 12
86022 7820 86008 13 14 1 1
86079 1855 86056 17 23 6 6
86084 9115 49038 177 37046 36869 17
86086 3534 85877 116 209 93 6
86138 3301 49176 276 36962 36686 0
86160 9899 50322 31 35838 35807 35807
86230 9604 86131 51 99 48 8
86234 7407 51530 31 34704 34673 34673
86252 2845 51349 66 34903 34837 34812
86278 8684 86250 18 28 10 10
86336 4200 86262 45 74 29 24
86343 1717 86312 21 31 10 10
86423 9732 86291 23 132 109 109
86432 7221 86423 8 9 1 1
86443 5144 86343 56 100 44 4
86481 7350 86328 57 153 96 82
86516 143 86479 24 37 13 13
86657 6449 86447 144 210 66 8
86660 5230 86298 164 362 198 0
86676 8090 86639 34 37 3 0
86761 6543 86693 54 68 14 12
86779 3929 86566 60 213 153 149
86823 5391 86592 83 231 148 127
86860 4616 86837 19 23 4 4
86970 260 86933 25 37 12 12
87115 3924 87093 14 22 8 8
87223 2146 87173 19 50 31 31
87268 4931 87242 22 26 4 1
87273 8631 87130 132 143 11 2
87284 7341 86768 159 516 357 12
87312 950 86973 122 339 217 71
87323 8586 87308 10 15 5 5
87329 3055 87074 29 255 226 226
87407 8939 87329 61 78 17 11
87420 9135 87400 18 20 2 2
87444 5868 87410 23 34 11 11
87549 2299 87430 101 119 18 4
87573 6641 87357 162 216 54 11
87604 1843 86450 30 1154 1124 1124
87628 8396 87605 14 23 9 9
87637 99 87539 80 98 18 4
87723 9220 87686 25 37 12 11
87748 5135 87729 7 19 12 12
87763 1198 87159 86 604 518 517
87795 5421 52062 114 35733 35619 3
87804 668 87786 8 18 10 10
87825 5737 87587 76 238 162 137
87827 3791 87825 1 2 1 1
87836 815 52136 70 35700 35630 8
87892 4450 87768 99 124 25 19
87924 2850 52345 31 35579 35548 35548
87953 8805 87835 80 118 38 2
87985 4393 52848 31 35137 35106 35106
87988 6279 53180 31 34808 34777 34777
87996 210 87928 60 68 8 6
88009 967 87996 12 13 1 1
88032 8649 87980 22 52 30 30
88050 8536 87999 38 51 13 7
88066 7421 87976 27 90 63 63
88100 4713 88072 11 28 17 17
88231 7449 88055 109 176 67 11
88262 4 88155 77 107 30 21
88264 8418 88254 10 10 0 0
88370 6979 88014 241 356 115 11
88414 8169 88354 51 60 9 1
88485 3377 88377 79 108 29 19
88540 4361 88512 16 28 12 12
88616 5252 88559 29 57 28 25
88623 181 88538 55 85 30 3
88638 629 88392 138 246 108 73
88690 8454 88053 93 637 544 14
88709 9053 88692 10 17 7 7
88712 5356 88676 21 36 15 15
88721 8742 88623 72 98 26 16
88735 3915 88716 13 19 6 6
88793 8576 88771 18 22 4 4
88856 338 88368 180 488 308 3
88858 756 88826 18 32 14 9
88866 2250 88277 152 589 437 100
88885 1151 88880 3 5 2 2
89016 2769 88967 25 49 24 24
89044 8424 88887 97 157 60 13
89088 3538 89040 34 48 14 5
89121 605 88971 113 150 37 9
89128 5701 89084 31 44 13 5
89151 5609 89089 22 62 40 40
89156 5622 89056 27 100 73 73
89279 7345 89276 1 3 2 2
89282 5355 89176 100 106 6 1
89292 3039 89132 115 160 45 25
89301 56 88757 236 544 308 19
89310 6495 89286 17 24 7 7
89332 5950 89212 79 120 41 5
89337 3581 89079 56 258 202 166
89352 9839 89333 14 19 5 5
89358 2434 89342 10 16 6 6
89475 1729 88935 133 540 407 54
89492 4756 89389 79 103 24 17
89508 2304 89430 19 78 59 59
89581 2655 89230 28 351 323 323
89603 8395 89524 42 79 37 13
89609 9789 89447 125 162 37 10
89621 9693 89386 132 235 103 0
89653 791 89640 7 13 6 6
89674 8618 89606 57 68 11 4
89742 8293 89471 190 271 81 1
89770 8655 89558 116 212 96 75
89945 7325 89663 168 282 114 18
90002 6704 89967 21 35 14 14
90007 3466 89741 118 266 148 2
90014 8126 89878 71 136 65 11
90017 5634 89921 56 96 40 25
90054 7323 90038 1 16 15 15
90061 8241 90002 25 59 34 34
90081 5206 89872 164 209 45 7
90186 8892 90037 112 149 37 18
90187 2380 89696 85 491 406 4
90241 6452 90215 16 26 10 10
90275 2227 90063 149 212 63 9
90289 8167 89913 45 376 331 329
90341 9252 90176 118 165 47 22
90374 2298 90345 18 29 11 11
90376 6307 90332 36 44 8 2
90452 5341 90347 73 105 32 0
90580 386 90154 76 426 350 345
90585 3195 90415 122 170 48 5
90601 8193 90121 89 480 391 346
90609 1947 90519 23 90 67 67
90630 9125 90547 78 83 5 4
90678 7818 90671 3 7 4 4
90728 9522 90291 80 437 357 4
90736 152 90575 70 161 91 64
90785 6901 90608 129 177 48 1
90820 1334 90709 75 111 36 19
90905 9651 90844 50 61 11 4
90914 405 90710 145 204 59 30
90942 2202 89042 29 1900 1871 1871
90948 4838 90870 63 78 15 2
90966 1380 88919 125 2047 1922 29
90970 390 90957 3 13 10 10
91004 8083 90967 15 37 22 22
91047 7768 91038 9 9 0 0
91096 9406 91063 27 33 6 4
91130 1928 91114 3 16 13 13
91140 9052 91005 106 135 29 8
91205 5568 90882 29 323 294 294
91223 3032 91192 17 31 14 14
91276 8676 91229 23 47 24 24
91318 735 91206 66 112 46 38
91345 5714 91243 26 102 76 76
91398 4276 91372 22 26 4 4
91420 2854 91387 20 33 13 0
91478 8188 91468 10 10 0 0
91497 2481 91402 70 95 25 2
91537 4663 90522 232 1015 783 175
91540 2922 91342 142 198 56 6
91544 2502 91540 3 4 1 1
91547 5968 91524 9 23 14 14
91580 7444 91560 9 20 11 11
91651 4292 91551 52 100 48 27
91740 2344 91664 56 76 20 17
91779 6620 91604 116 175 59 48
91781 3703 91080 118 701 583 2
91889 9873 91861 23 28 5 5
91926 9644 91302 150 624 474 6
91954 5133 91333 162 621 459 7
92020 4860 91459 107 561 454 437
92094 9891 92044 28 50 22 22
92109 4403 91922 148 187 39 4
92244 339 92076 133 168 35 20
92251 7298 92093 122 158 36 32
92257 1365 92194 41 63 22 18
92337 664 92166 96 171 75 28
92363 7714 92146 51 217 166 1
92376 3070 92340 12 36 24 24
92385 8159 92366 8 19 11 11
92444 371 92098 212 346 134 19
92454 3941 92387 49 67 18 7
92478 9966 92248 98 230 132 25
92571 769 92525 37 46 9 1
92590 8377 92545 22 45 23 23
92603 3520 92573 8 30 22 22
92629 2747 92420 155 209 54 4
92678 2550 92159 26 519 493 493
92692 9979 92673 13 19 6 6
92700 1662 92485 162 215 53 12
92724 6769 92717 1 7 6 6
92751 8466 92702 30 49 19 14
92753 3527 92659 66 94 28 1
92767 7256 92388 103 379 276 216
92799 4796 92624 61 175 114 5
92858 5824 92020 94 838 744 1
92896 1466 92860 22 36 14 14
93052 2633 92576 160 476 316 20
93072 7311 93038 17 34 17 17
93089 4287 88999 60 4090 4030 4025
93140 6298 89328 65 3812 3747 5
93145 1479 93076 63 69 6 2
93161 5278 92133 260 1028 768 10
93206 8387 93159 19 47 28 28
93219 3304 93208 3 11 8 8
93266 188 93153 78 113 35 9
93377 7043 93340 29 37 8 8
93408 1379 90026 30 3382 3352 3352
93439 8388 90174 30 3265 3235 3235
93518 5724 93464 44 54 10 3
93574 3020 93502 24 72 48 48
93579 838 93564 4 15 11 11
93618 4346 93523 76 95 19 6
93649 3561 93600 44 49 5 1
93717 4110 93444 167 273 106 15
93730 5798 93661 22 69 47 47
93826 4883 93672 25 154 129 129
93846 1517 93776 26 70 44 44
93854 3436 93360 185 494 309 16
93931 6317 93850 59 81 22 2
93955 161 93904 29 51 22 10
94003 4676 93528 59 475 416 404
94033 1205 93677 56 356 300 7
94076 773 93856 80 220 140 138
94102 1097 93563 98 539 441 393
94107 1607 90795 104 3312 3208 375
94118 9182 93718 137 400 263 11
94141 2079 93800 195 341 146 86
94211 9812 92033 30 2178 2148 2148
94214 9142 94184 12 30 18 18
94245 3825 92291 30 1954 1924 1924
94280 2501 93467 145 813 668 2
94315 3531 94293 3 22 19 19
94338 2098 94270 54 68 14 11
94375 9911 94366 8 9 1 1
94458 6163 94446 12 12 0 0
94481 3533 94464 6 17 11 11
94503 4014 94480 21 23 2 2
94528 6510 94507 14 21 7 7
94531 1266 94447 61 84 23 16
94603 2236 94598 2 5 3 3
94615 1537 94531 75 84 9 1
94648 5185 94357 231 291 60 0
94649 4473 94366 188 283 95 54
94688 6985 94447 88 241 153 2
94708 9414 94664 18 44 26 26
94746 8178 94637 90 109 19 7
94833 2076 94577 209 256 47 13
94978 696 94943 18 35 17 17
95070 5070 94973 76 97 21 6
95088 7667 94951 43 137 94 93
95119 2706 95110 6 9 3 3
95129 5838 95103 15 26 11 11
95145 6136 94882 102 263 161 12
95166 8270 95094 18 72 54 54
95192 2469 94941 45 251 206 2
95256 2999 95251 2 5 3 3
95273 1546 95229 17 44 27 27
95287 3384 95237 36 50 14 2
95305 8835 94537 299 768 469 17
95389 3798 94792 47 597 550 0
95407 7695 95398 9 9 0 0
95452 2449 94949 129 503 374 6
95514 5289 95203 156 311 155 92
95591 7495 95522 63 69 6 0
95662 7955 94906 151 756 605 11
95741 7887 95215 124 526 402 5
95857 5032 95531 246 326 80 13
95879 5542 54492 206 41387 41181 16
95926 5652 95888 24 38 14 14
95946 4389 95802 98 144 46 14
95966 328 95951 3 15 12 12
95978 2192 55611 31 40367 40336 40336
95998 6025 32377 140 63621 63481 23466
96068 6248 56559 77 39509 39432 25
96118 1074 96006 69 112 43 30
96145 5513 96048 57 97 40 29
96148 764 96077 57 71 14 0
96148 9228 96139 2 9 7 7
96259 6125 96165 53 94 41 17
96276 8518 96222 40 54 14 12
96295 357 96007 233 288 55 4
96307 6355 96271 22 36 14 14
96325 3789 96238 58 87 29 22
96371 8610 96331 19 40 21 21
96383 8204 96362 11 21 10 10
96448 2489 96245 63 203 140 8
96450 5216 96359 47 91 44 21
96452 3512 96444 3 8 5 5
96513 2777 96480 21 33 12 12
96518 411 96511 4 7 3 3
96520 2957 96498 16 22 6 6
96693 1338 96451 105 242 137 0
96701 9822 96609 74 92 18 17
96744 1995 96080 215 664 449 8
96757 7318 96727 13 30 17 17
96768 757 96750 10 18 8 8
96775 2948 96750 12 25 13 13
96789 3514 96551 186 238 52 1
96836 5818 96673 69 163 94 15
96873 9867 96819 24 54 30 30
96910 9908 96881 26 29 3 3
96953 1669 96681 131 272 141 12
96982 9489 96828 102 154 52 7
97039 8588 96887 65 152 87 77
97040 3393 96911 111 129 18 0
97145 9874 96856 138 289 151 24
97148 4296 97010 124 138 14 4
97175 2283 96936 73 239 166 151
97220 272 97208 1 12 11 11
97255 3820 97220 20 35 15 15
97296 9835 97241 39 55 16 12
97309 1305 97081 165 228 63 4
97310 204 97301 7 9 2 2
97401 2135 97396 2 5 3 3
97460 6559 97405 27 55 28 4
97504 7485 96768 178 736 558 1
97507 4459 96921 91 586 495 492
97523 4406 96831 204 692 488 6
97585 2393 97554 24 31 7 7
97591 603 97401 144 190 46 1
97622 5994 96723 30 899 869 869
97668 2587 97622 32 46 14 1
97788 7994 97608 30 180 150 150
97810 2361 56685 180 41125 40945 13
97821 5189 97802 13 19 6 6
97838 6989 97248 180 590 410 373
97922 3427 97851 40 71 31 3
97969 3144 57518 86 40451 40365 40353
97969 7738 97908 30 61 31 31
98001 1587 97868 110 133 23 0
98044 7160 97945 81 99 18 3
98092 8432 57619 110 40473 40363 13
98127 9880 58446 31 39681 39650 39650
98148 319 98128 20 20 0 0
98151 3927 58667 31 39484 39453 39453
98178 9573 98067 76 111 35 10
98198 45 98175 19 23 4 4
98247 7351 59245 31 39002 38971 38971
98369 853 98227 69 142 73 55
98380 6800 98188 136 192 56 11
98383 8174 98296 54 87 33 9
98411 3254 59053 147 39358 39211 20
98469 584 98317 125 152 27 3
98485 2870 98388 56 97 41 28
98488 1396 60434 31 38054 38023 38023
98526 4222 98522 2 4 2 2
98533 4278 98521 6 12 6 6
98553 5871 98469 66 84 18 17
98606 3844 98571 17 35 18 18
98658 2165 98569 22 89 67 67
98742 9037 98615 103 127 24 17
98767 404 98677 24 90 66 66
98838 6168 98520 193 318 125 8
98870 8551 98570 225 300 75 29
98877 3726 98854 13 23 10 10
98957 6888 98837 65 120 55 12
98963 8093 98600 116 363 247 221
99053 555 98822 125 231 106 56
99055 8750 99031 1 24 23 23
99076 7712 99019 52 57 5 1
99114 471 98836 86 278 192 134
99157 9109 98682 28 475 447 447
99208 7721 98550 44 658 614 608
99219 2405 99201 13 18 5 5
99252 6936 99035 92 217 125 89
99297 6258 99039 30 258 228 228
99369 5713 99359 5 10 5 5
99388 3623 99322 20 66 46 46
99442 5668 99358 60 84 24 0
99548 4986 99447 81 101 20 7
99550 9413 99260 152 290 138 2
99597 6740 99105 146 492 346 12
99598 7923 99572 22 26 4 4
99628 7500 99529 54 99 45 41
99674 9365 99533 49 141 92 66
99703 2828 99609 42 94 52 6
99714 1951 99657 26 57 31 31
99732 7099 99692 17 40 23 23
99764 8565 61179 79 38585 38506 9
99796 1647 61448 31 38348 38317 38317
99803 7911 99775 14 28 14 14
99848 1567 99823 19 25 6 6
99878 5046 99853 17 25 8 8
99926 2041 99916 3 10 7 7
99944 1636 99820 90 124 34 29
99959 2281 99804 122 155 33 5
99982 2480 99961 20 21 1 1
99983 2114 62052 121 37931 37810 0
