62 8289 45 17 17 0 0
118 3268 3 78 115 37 0
247 4060 5 114 242 128 18
306 3243 159 128 147 19 12
410 4551 401 5 9 4 4
424 3741 400 13 24 11 11
535 8228 518 11 17 6 6
609 3523 475 90 134 44 0
704 81 682 15 22 7 7
817 5775 328 152 489 337 4
852 7666 496 25 356 331 331
929 7143 928 1 1 0 0
1129 6836 569 138 560 422 299
1148 755 1129 18 19 1 1
1288 860 1025 23 263 240 218
1314 9718 1002 83 312 229 217
1323 4124 1311 8 12 4 4
1336 4085 1246 61 90 29 0
1422 3386 1383 34 39 5 0
1469 887 1409 20 60 40 33
1516 2925 1513 3 3 0 0
1615 129 1576 14 39 25 0
1635 8821 1580 44 55 11 10
1664 2571 1615 33 49 16 1
1861 5570 1116 146 745 599 0
1882 456 1564 24 318 294 182
1913 965 1903 10 10 0 0
1970 7172 942 25 1028 1003 953
2003 5978 1908 85 95 10 6
2153 5094 1977 100 176 76 1
2237 4674 2066 129 171 42 11
2349 3166 2346 3 3 0 0
2368 9251 2288 22 80 58 22
2440 8202 2425 14 15 1 0
2463 5989 2431 15 32 17 17
2479 954 2457 15 22 7 7
2611 8876 2599 7 12 5 5
2622 661 2504 79 118 39 33
2658 269 2637 20 21 1 1
2726 8122 1580 25 1146 1121 1105
2989 849 2973 9 16 7 7
3031 7648 3025 6 6 0 0
3061 5787 2961 78 100 22 0
3204 7135 3185 11 19 8 8
3278 3574 2861 76 417 341 30
3497 3260 3489 8 8 0 0
3745 8967 3732 12 13 1 1
3928 101 3834 79 94 15 13
3938 4175 3912 9 26 17 7
4007 2193 3547 65 460 395 17
4021 389 4005 13 16 3 3
4100 1112 3399 105 701 596 208
4374 1372 4289 19 85 66 56
4474 9981 4451 20 23 3 3
4505 4396 4423 67 82 15 14
4586 4227 4538 45 48 3 0
4642 9957 4640 2 2 0 0
4695 474 4369 152 326 174 47
4778 2338 4708 62 70 8 2
4838 5146 4836 2 2 0 0
4944 9595 4712 22 232 210 207
5000 6341 4970 24 30 6 5
5057 9574 5000 52 57 5 3
5160 6728 5054 43 106 63 4
5176 7604 5115 59 61 2 0
5288 6424 5285 3 3 0 0
5292 9097 5123 143 169 26 0
5313 892 5299 10 14 4 4
5415 8931 5355 31 60 29 0
5508 7169 5399 63 109 46 0
5588 5167 5517 70 71 1 0
5707 9480 5441 81 266 185 127
5754 4990 5747 6 7 1 1
5803 857 5795 7 8 1 1
5863 1503 5833 28 30 2 1
5882 2345 5873 8 9 1 1
5912 7183 5727 18 185 167 127
5953 5203 5906 28 47 19 0
5970 8707 5953 16 17 1 1
6020 2518 6008 11 12 1 1
6035 1330 6004 14 31 17 17
6050 4837 6029 14 21 7 7
6070 6376 5763 19 307 288 288
6334 9469 6331 3 3 0 0
6528 1154 6398 108 130 22 6
6619 1167 6242 71 377 306 4
6629 5029 6507 40 122 82 9
6873 8602 6870 3 3 0 0
6887 4464 6433 100 454 354 271
6921 7757 6901 7 20 13 13
7182 2431 7109 18 73 55 32
7220 7229 7108 110 112 2 0
7268 777 6968 78 300 222 26
7301 6563 6734 116 567 451 449
7317 3249 6737 20 580 560 467
7385 2463 7352 11 33 22 22
7467 8675 6858 115 609 494 482
7488 9427 7395 61 93 32 6
7499 166 7145 131 354 223 0
7648 9316 7629 11 19 8 8
7674 5297 7657 11 17 6 6
7691 1036 7674 9 17 8 1
7775 262 7662 63 113 50 30
7977 5417 7877 57 100 43 1
8122 7032 8013 97 109 12 1
8154 6064 8113 32 41 9 0
8177 8567 7991 35 186 151 2
8199 3804 8158 21 41 20 20
8492 9686 5992 197 2500 2303 2243
8841 3808 8840 1 1 0 0
8847 2523 8771 65 76 11 7
8955 4259 8858 50 97 47 1
8971 6765 6770 108 2201 2093 2054
9032 6113 9024 7 8 1 1
9058 3815 9039 11 19 8 8
9123 6283 9115 7 8 1 1
9200 9730 9134 45 66 21 4
9243 8686 9128 22 115 93 93
9296 6228 9130 41 166 125 114
9394 62 9362 12 32 20 8
9731 4349 7434 124 2297 2173 2048
9774 9143 7440 23 2334 2311 2311
9809 2650 9791 10 18 8 8
9823 2690 9790 13 33 20 20
9857 372 8443 23 1414 1391 1381
10043 1375 10031 9 12 3 3
10085 875 10043 16 42 26 26
10137 2019 10130 7 7 0 0
10169 6285 9989 143 180 37 0
10250 6155 10153 16 97 81 64
10317 5936 8452 160 1865 1705 1406
10365 4643 10353 12 12 0 0
10433 9356 10429 3 4 1 1
10512 636 10330 95 182 87 0
10554 2073 10553 1 1 0 0
10571 4553 10570 1 1 0 0
10580 4177 10432 22 148 126 120
10643 9501 10635 8 8 0 0
10684 7691 10563 21 121 100 43
10686 5264 9977 111 709 598 536
10693 1990 10679 6 14 8 8
10868 5691 10697 116 171 55 20
10897 5911 10764 88 133 45 19
10913 2198 10678 113 235 122 16
11251 9047 11240 11 11 0 0
11319 1059 11281 18 38 20 5
11338 5886 11274 48 64 16 3
11354 1700 11245 76 109 33 19
11441 8457 10605 75 836 761 632
11461 4037 11440 15 21 6 2
11530 1731 11529 1 1 0 0
11583 4329 11531 33 52 19 0
11622 6012 11554 19 68 49 45
11691 5099 11616 64 75 11 0
11743 6970 11705 19 38 19 19
11820 3479 11811 7 9 2 2
11893 6997 11888 5 5 0 0
11916 4261 11889 15 27 12 12
12085 1422 12073 10 12 2 2
12102 9303 11989 16 113 97 97
12321 6518 12084 76 237 161 98
12336 8793 12329 5 7 2 2
12345 5332 12255 67 90 23 9
12474 5378 11931 59 543 484 0
12498 3563 12487 8 11 3 3
12542 1841 11929 214 613 399 0
12678 1287 12660 13 18 5 5
12851 6697 12835 12 16 4 4
13034 2738 12873 43 161 118 112
13053 7879 12995 18 58 40 40
13101 3882 12996 46 105 59 58
13131 6368 12877 21 254 233 215
13280 5437 13274 6 6 0 0
13305 806 13253 47 52 5 1
13453 2626 13307 39 146 107 58
13498 717 13477 9 21 12 9
13514 8180 13374 91 140 49 6
13530 5919 13482 15 48 33 33
13544 9849 13542 2 2 0 0
13654 3629 13621 19 33 14 8
13719 4166 13191 20 528 508 508
13767 8850 13719 39 48 9 1
14120 9808 13237 64 883 819 2
14159 3860 14152 7 7 0 0
14169 2852 13484 69 685 616 591
14200 3656 14175 24 25 1 0
14267 1867 14226 17 41 24 24
14305 4739 14257 26 48 22 11
14387 6194 13855 52 532 480 444
14650 9388 14432 31 218 187 0
14688 7787 14679 5 9 4 4
14700 9403 14630 48 70 22 21
14817 6140 14811 6 6 0 0
14968 4715 14815 35 153 118 114
14986 3508 14822 21 164 143 129
15040 5987 14891 21 149 128 118
15056 4547 15029 15 27 12 12
15211 6683 15128 59 83 24 0
15270 3958 15198 34 72 38 0
15360 6863 14293 22 1067 1045 1045
15445 233 9311 91 6134 6043 1
15474 991 15396 46 78 32 0
15556 1093 15513 17 43 26 26
15626 6496 15595 15 31 16 16
15743 2983 15672 68 71 3 0
15780 2912 15694 53 86 33 25
15926 8282 15907 11 19 8 8
15947 5963 15931 11 16 5 5
15973 6549 9573 81 6400 6319 6275
16002 447 15928 65 74 9 0
16008 3005 15969 33 39 6 5
16024 2044 15903 59 121 62 0
16142 253 16044 93 98 5 3
16246 7450 10776 23 5470 5447 5442
16357 5561 16335 19 22 3 2
16389 4589 16384 5 5 0 0
16403 9800 16366 16 37 21 14
16427 911 16426 1 1 0 0
16557 3375 16546 7 11 4 4
16649 1160 11956 193 4693 4500 0
16663 5590 16650 13 13 0 0
16717 692 16632 36 85 49 48
16823 5366 12599 72 4224 4152 20
16919 3866 16787 103 132 29 10
17023 4171 16979 19 44 25 25
17189 686 12878 132 4311 4179 4093
17226 7689 17078 131 148 17 0
17242 4105 17227 15 15 0 0
17447 2679 17400 40 47 7 0
17534 9869 17282 21 252 231 218
17580 3403 17578 2 2 0 0
17688 1989 17586 88 102 14 8
17706 1960 17687 8 19 11 11
17750 8942 17746 4 4 0 0
17829 9714 17322 42 507 465 385
17836 8203 17833 3 3 0 0
17974 8521 17967 4 7 3 3
17981 3467 17923 51 58 7 0
17989 569 17958 11 31 20 0
18165 1103 17673 22 492 470 467
18189 3198 12883 23 5306 5283 5283
18276 6019 13298 68 4978 4910 4903
18305 1897 18257 42 48 6 5
18319 3056 18245 22 74 52 32
18406 6490 18223 137 183 46 2
18463 2996 18402 55 61 6 5
18570 6416 18551 10 19 9 9
18607 3359 18390 165 217 52 0
18714 7213 14338 54 4376 4322 8
18732 5165 18724 8 8 0 0
18810 2720 18772 37 38 1 0
18819 6625 18771 15 48 33 30
18839 500 18795 19 44 25 25
18892 2356 18888 4 4 0 0
18933 3751 18883 16 50 34 34
18950 8677 18836 72 114 42 4
18963 4432 18895 48 68 20 8
19091 4718 18950 103 141 38 14
19133 4579 19122 7 11 4 0
19171 8104 19140 20 31 11 11
19204 4043 19194 8 10 2 2
19421 4678 19400 16 21 5 5
19691 7935 19687 4 4 0 0
19762 8708 19736 16 26 10 10
19787 1810 19704 27 83 56 0
19928 2561 19826 94 102 8 0
20058 4303 19599 134 459 325 5
20068 8697 20062 6 6 0 0
20097 1500 20069 15 28 13 13
20138 2674 17913 55 2225 2170 5
20177 2753 13410 23 6767 6744 4822
20238 9948 20236 2 2 0 0
20361 241 20251 73 110 37 9
20560 2037 20536 16 24 8 8
20621 7282 20502 49 119 70 59
20661 2692 20591 52 70 18 1
20750 3532 20729 18 21 3 3
20843 4099 20832 11 11 0 0
20937 3965 20807 60 130 70 0
20987 7238 20669 45 318 273 8
21057 3241 20840 20 217 197 178
21137 6511 20916 71 221 150 142
21157 6267 21150 7 7 0 0
21192 6323 21024 76 168 92 76
21213 1310 20900 74 313 239 1
21293 6129 21281 6 12 6 6
21319 3421 21231 66 88 22 0
21391 4988 21381 7 10 3 0
21399 6319 21382 7 17 10 10
21420 7123 20437 95 983 888 6
21488 7380 21475 8 13 5 5
21498 5918 21470 27 28 1 0
21512 5540 21371 20 141 121 95
21534 8262 20655 122 879 757 49
21661 1141 20309 22 1352 1330 1330
21783 2566 21775 8 8 0 0
21808 2408 21787 14 21 7 7
21915 7892 21904 10 11 1 1
22041 1392 21993 11 48 37 11
22138 7966 22109 18 29 11 4
22141 6594 22108 11 33 22 19
22181 7900 22099 15 82 67 67
22195 8253 22187 7 8 1 1
22241 1949 21762 149 479 330 2
22415 1879 20834 73 1581 1508 10
22453 4145 22402 12 51 39 14
22524 3892 22500 13 24 11 11
22541 3109 22415 67 126 59 52
22609 1957 20852 180 1757 1577 10
22662 6059 22622 39 40 1 0
22672 360 21753 22 919 897 871
22716 2507 22689 26 27 1 0
22731 43 22585 71 146 75 0
22784 2490 22704 78 80 2 0
22857 4516 22337 48 520 472 9
22912 884 22903 7 9 2 2
22957 6011 22920 15 37 22 16
23219 9699 23199 12 20 8 8
23235 7533 22919 237 316 79 0
23349 7875 23341 8 8 0 0
23408 6610 19889 23 3519 3496 3476
23441 2593 23368 72 73 1 0
23490 8294 23456 32 34 2 1
23595 1463 23481 65 114 49 48
23637 8041 20208 114 3429 3315 61
23661 9978 20453 125 3208 3083 0
23674 7020 23625 37 49 12 0
23684 9100 23676 8 8 0 0
23724 503 23723 1 1 0 0
23949 3778 23774 103 175 72 0
23960 9000 23743 65 217 152 14
24000 217 23942 57 58 1 0
24037 1887 24029 8 8 0 0
24082 8220 23968 86 114 28 0
24140 7205 24043 19 97 78 78
24237 2328 24184 52 53 1 0
24249 3899 24237 11 12 1 1
24280 7367 24243 16 37 21 21
24372 6868 24330 31 42 11 10
24393 1040 24381 5 12 7 3
24468 3433 24186 104 282 178 165
24499 9968 24480 12 19 7 7
24539 7102 24514 11 25 14 7
24600 494 24386 72 214 142 0
24617 8626 24433 73 184 111 67
24665 2422 24357 21 308 287 276
24745 1055 24308 94 437 343 0
24827 8486 24801 15 26 11 11
24846 9681 24832 14 14 0 0
24861 832 24832 14 29 15 15
24882 4223 21946 130 2936 2806 23
24893 6156 24889 4 4 0 0
24898 4065 24896 2 2 0 0
24940 8171 24797 82 143 61 3
24948 2429 24945 3 3 0 0
25007 79 25000 7 7 0 0
25041 4867 24956 49 85 36 7
25065 8883 25049 16 16 0 0
25098 8072 25089 8 9 1 1
25280 9280 25279 1 1 0 0
25419 8067 25190 158 229 71 0
25466 1115 25390 41 76 35 30
25480 5052 25470 10 10 0 0
25528 2517 25496 14 32 18 18
25590 3182 25573 9 17 8 8
25675 7740 25668 7 7 0 0
25755 6820 25563 113 192 79 72
25782 3821 25488 64 294 230 0
25809 5899 25787 11 22 11 11
25836 5314 25828 8 8 0 0
25851 2804 25844 7 7 0 0
25900 1723 25899 1 1 0 0
25943 634 25876 32 67 35 0
25993 6943 24952 53 1041 988 5
26036 7916 26025 6 11 5 5
26081 8598 26015 19 66 47 47
26132 466 26077 17 55 38 32
26159 9394 26087 64 72 8 7
26201 5390 25926 175 275 100 0
26254 4118 26018 88 236 148 6
26277 2504 26176 94 101 7 1
26319 8878 26284 18 35 17 12
26338 3946 26336 2 2 0 0
26377 5286 26375 2 2 0 0
26458 7870 26344 75 114 39 38
26463 8554 26455 4 8 4 4
26556 3747 26328 33 228 195 11
26571 4399 26560 11 11 0 0
26626 8988 26618 8 8 0 0
26722 2555 26673 34 49 15 3
26775 3967 26664 66 111 45 0
27023 7086 26992 18 31 13 13
27120 4749 27109 11 11 0 0
27186 5136 25505 22 1681 1659 1659
27254 9998 26821 229 433 204 34
27353 5269 27347 6 6 0 0
27364 2980 27302 58 62 4 3
27370 544 27286 68 84 16 0
27379 3960 27370 5 9 4 4
27485 1402 27203 46 282 236 0
27489 6360 27430 37 59 22 11
27560 1489 27556 4 4 0 0
27738 4723 27700 31 38 7 0
27827 8987 26706 87 1121 1034 1033
27899 4090 27843 54 56 2 1
27941 2403 27939 2 2 0 0
27973 667 27219 121 754 633 543
28033 7496 27866 138 167 29 7
28049 6789 27995 52 54 2 1
28057 4861 28004 16 53 37 25
28355 5405 28351 4 4 0 0
28406 1568 28402 4 4 0 0
28446 3954 28148 72 298 226 28
28503 7562 28466 16 37 21 21
28511 7137 28499 7 12 5 5
28547 3731 28467 69 80 11 0
28561 1391 28407 118 154 36 8
28578 1275 28532 16 46 30 30
28616 6651 28419 19 197 178 178
28636 2908 28609 19 27 8 8
28793 3597 28753 17 40 23 23
28888 5580 28550 69 338 269 244
28913 5065 28901 11 12 1 1
28974 9708 28275 218 699 481 9
29103 751 28977 27 126 99 0
29112 8221 28443 205 669 464 136
29135 1845 28960 19 175 156 153
29177 9673 28837 101 340 239 7
29234 1915 28269 22 965 943 943
29257 5183 29242 8 15 7 0
29268 5235 29127 107 141 34 0
29317 3743 29307 8 10 2 2
29329 9815 29038 147 291 144 98
29449 1640 29397 35 52 17 0
29473 7209 29304 114 169 55 0
29587 3518 29236 56 351 295 33
29612 981 29607 5 5 0 0
29723 2277 29473 160 250 90 1
29876 5470 29872 4 4 0 0
29892 7656 29882 5 10 5 5
30040 796 29932 103 108 5 0
30050 3805 30012 26 38 12 6
30212 1686 30069 79 143 64 2
30415 8654 30291 41 124 83 35
30556 8313 30115 74 441 367 14
30571 34 30521 48 50 2 0
30628 2497 30480 61 148 87 22
30631 213 30628 2 3 1 1
30654 7649 30650 3 4 1 1
30727 3890 30716 11 11 0 0
30784 472 30148 102 636 534 372
30816 1880 30124 131 692 561 547
30866 2251 25077 110 5789 5679 0
30882 7459 30593 56 289 233 224
30906 1424 25825 23 5081 5058 5058
31117 7112 31108 9 9 0 0
31252 3244 31210 14 42 28 10
31263 3063 31261 2 2 0 0
31269 4733 27475 127 3794 3667 15
31280 7901 31227 46 53 7 0
31382 343 31290 68 92 24 18
31516 4873 31484 14 32 18 4
31586 9348 20806 145 10780 10635 2869
32032 4962 31994 20 38 18 18
32055 6330 31735 62 320 258 12
32109 7725 32093 9 16 7 7
32130 3739 32116 14 14 0 0
32446 7225 32411 19 35 16 16
32497 429 32491 4 6 2 2
32657 4366 32244 86 413 327 299
32692 7291 32664 13 28 15 12
32732 856 32576 101 156 55 15
32765 448 32680 67 85 18 13
32892 9390 32870 14 22 8 8
32944 8123 32803 59 141 82 0
32997 4285 32994 3 3 0 0
33147 5128 33070 60 77 17 0
33252 7573 33250 2 2 0 0
33349 2372 33336 13 13 0 0
33527 8711 33411 62 116 54 0
33575 5679 33573 2 2 0 0
33594 2461 33433 61 161 100 12
33655 1566 33615 33 40 7 6
33698 1138 33613 36 85 49 3
33778 5853 33751 22 27 5 5
33872 8390 33863 9 9 0 0
33877 8546 33869 4 8 4 4
33985 3745 33979 6 6 0 0
34112 3271 34101 11 11 0 0
34176 1869 34173 3 3 0 0
34188 5367 34172 11 16 5 0
34262 697 34242 10 20 10 10
34346 8977 34324 15 22 7 7
34403 8941 34375 14 28 14 10
34409 6459 34326 57 83 26 21
34443 4597 34236 78 207 129 128
34494 9700 34493 1 1 0 0
34517 3200 34453 35 64 29 25
34573 4402 34541 17 32 15 15
34594 8912 34496 20 98 78 78
34650 5696 34427 100 223 123 108
34701 5870 34694 7 7 0 0
34768 2056 34647 19 121 102 85
34794 655 34740 52 54 2 0
34844 9415 34234 114 610 496 29
34863 7263 34787 63 76 13 8
34997 6393 34936 49 61 12 2
35110 7312 35107 3 3 0 0
35142 4728 32170 156 2972 2816 0
35157 3455 35155 2 2 0 0
35196 6401 35078 95 118 23 9
35292 6831 35276 8 16 8 8
35425 9888 35424 1 1 0 0
35479 909 29426 108 6053 5945 2051
35543 8354 34806 49 737 688 1
35572 607 35571 1 1 0 0
35588 7849 35565 17 23 6 3
35747 4940 34418 96 1329 1233 1062
35781 257 4968 71 30813 30742 30702
35830 6581 35826 4 4 0 0
35854 6668 35827 13 27 14 14
35933 1864 35872 31 61 30 1
36029 8378 36025 3 4 1 1
36166 445 36127 11 39 28 21
36198 9741 36075 53 123 70 4
36242 7061 36006 86 236 150 104
36310 5123 36287 16 23 7 6
36327 3780 36312 15 15 0 0
36366 5280 36358 8 8 0 0
36394 5428 36330 16 64 48 48
36461 8483 36451 6 10 4 0
36483 2311 36452 30 31 1 0
36605 8738 36586 10 19 9 9
36648 3298 36642 6 6 0 0
36690 9704 36678 10 12 2 2
36739 4104 36614 114 125 11 0
36895 6930 36787 68 108 40 9
36912 2952 36858 35 54 19 15
36971 2621 36907 57 64 7 6
36992 5669 36689 20 303 283 283
37039 5707 37017 16 22 6 6
37129 2872 37088 15 41 26 14
37266 5453 35821 140 1445 1305 169
37423 5986 37417 6 6 0 0
37447 4328 37397 42 50 8 0
37493 3589 37490 2 3 1 1
37573 7631 37447 101 126 25 1
37599 4570 37583 9 16 7 7
37687 9885 37427 130 260 130 0
37721 5875 37596 53 125 72 18
37751 3084 37684 13 67 54 54
37765 5795 37718 13 47 34 34
37852 2940 37595 59 257 198 5
37889 7095 37755 72 134 62 61
37941 6160 37785 19 156 137 134
37991 9643 37641 20 350 330 321
38136 6636 36189 157 1947 1790 518
38205 1441 38179 9 26 17 17
38224 6088 38219 2 5 3 3
38313 5980 38219 36 94 58 0
38357 9841 38317 17 40 23 23
38374 8195 38347 16 27 11 11
38444 8443 38322 20 122 102 102
38674 5072 38527 68 147 79 7
38689 464 38671 14 18 4 4
38738 5728 38621 76 117 41 2
38832 9161 38762 33 70 37 36
38846 9903 38778 16 68 52 35
38857 1100 38855 2 2 0 0
38870 344 37303 68 1567 1499 30
38907 2199 38854 19 53 34 17
38935 8055 38885 43 50 7 0
38956 7809 38827 20 129 109 109
39046 1906 39044 2 2 0 0
39059 995 38854 137 205 68 54
39158 1280 38983 138 175 37 0
39210 7779 39203 7 7 0 0
39436 3013 36336 32 3100 3068 0
39469 3423 35847 187 3622 3435 3338
39498 7805 39496 2 2 0 0
39620 4741 39566 19 54 35 35
39707 1240 39695 10 12 2 2
39730 6578 39656 58 74 16 5
39823 4078 39817 6 6 0 0
40003 2807 37892 54 2111 2057 0
40023 5792 40012 7 11 4 4
40030 4458 40023 6 7 1 1
40086 6709 40083 3 3 0 0
40163 9777 40142 16 21 5 5
40250 140 40130 67 120 53 0
40282 6007 40222 15 60 45 29
40389 9422 40373 10 16 6 6
40492 165 40477 13 15 2 2
40557 7968 40491 63 66 3 2
40576 1435 39010 49 1566 1517 1418
40581 6772 40526 49 55 6 5
40916 30 40915 1 1 0 0
40972 8322 40931 14 41 27 2
41035 9293 40909 102 126 24 0
41195 823 41194 1 1 0 0
41284 6904 41078 147 206 59 0
41350 5042 40955 64 395 331 314
41535 8045 37265 23 4270 4247 4247
41605 1582 37803 23 3802 3779 3779
41616 285 41605 10 11 1 1
41640 1070 37762 114 3878 3764 4
41736 5643 41713 10 23 13 5
41771 5743 41743 18 28 10 10
41791 6188 41770 18 21 3 2
41847 305 41842 5 5 0 0
41910 6561 41757 93 153 60 51
41969 7355 41962 7 7 0 0
41982 5604 41941 29 41 12 0
42162 82 41974 120 188 68 9
42174 2896 42113 44 61 17 8
42186 4002 42179 7 7 0 0
42199 9847 42158 15 41 26 17
42231 6995 42135 18 96 78 17
42296 7745 42261 16 35 19 19
42311 1427 42304 7 7 0 0
42403 348 38212 112 4191 4079 4
42417 100 42366 13 51 38 38
42442 6434 42358 76 84 8 5
42533 9260 42339 22 194 172 155
42556 8465 42240 172 316 144 14
42598 6551 42595 3 3 0 0
42706 6257 42565 114 141 27 12
42812 1003 42804 8 8 0 0
42848 6356 42551 83 297 214 134
42891 5518 42886 5 5 0 0
42986 7091 42971 9 15 6 6
43023 7837 43001 21 22 1 0
43095 7983 40080 218 3015 2797 49
43212 8299 42987 21 225 204 192
43265 4752 42916 79 349 270 19
43289 1781 43270 10 19 9 9
43521 6074 43468 20 53 33 16
43578 8696 40630 143 2948 2805 2716
43586 1113 43582 4 4 0 0
43629 573 43628 1 1 0 0
43702 6099 43683 18 19 1 0
43711 1381 43655 49 56 7 1
43790 9431 43788 2 2 0 0
43808 5025 43801 7 7 0 0
43862 1023 43798 44 64 20 1
43922 9594 43876 25 46 21 11
43995 4240 43966 15 29 14 14
44040 2413 43872 104 168 64 51
44066 4817 43999 47 67 20 15
44155 7673 40919 181 3236 3055 0
44195 9909 43789 203 406 203 6
44427 6766 44391 21 36 15 15
44449 1816 44345 88 104 16 0
44455 851 42640 23 1815 1792 1788
44615 4441 44583 16 32 16 16
44693 3349 44547 106 146 40 7
44743 47 44684 18 59 41 24
44825 8345 44820 5 5 0 0
44838 2667 43843 23 995 972 965
44964 5576 4773 200 40191 39991 41
45052 3664 45051 1 1 0 0
45126 576 45075 39 51 12 11
45156 637 45133 14 23 9 0
45269 8685 45189 63 80 17 5
45287 1889 45271 16 16 0 0
45472 4112 45360 86 112 26 4
45638 3497 45578 21 60 39 39
45805 6736 45795 9 10 1 1
45848 4106 45740 65 108 43 24
46014 2441 45743 113 271 158 1
46039 1450 5963 84 40076 39992 150
46103 4151 46091 12 12 0 0
46120 8200 45806 181 314 133 0
46233 8669 46180 41 53 12 7
46277 3541 7516 55 38761 38706 2
46322 3354 7059 71 39263 39192 39107
46341 6621 46317 18 24 6 6
46361 5409 46298 19 63 44 44
46459 1110 46447 8 12 4 4
46599 1311 46593 6 6 0 0
46713 8133 46681 17 32 15 15
46790 8960 46538 117 252 135 112
46867 5944 46856 11 11 0 0
46928 3441 46909 16 19 3 3
46991 387 46885 21 106 85 82
47059 4729 47053 6 6 0 0
47090 5073 47035 54 55 1 0
47194 7646 47156 13 38 25 25
47209 5673 47142 50 67 17 3
47321 6447 47294 14 27 13 6
47337 7348 47292 41 45 4 0
47449 1752 47428 15 21 6 6
47574 310 47573 1 1 0 0
47588 2321 47576 6 12 6 6
47750 8826 47666 21 84 63 29
47775 3926 47733 19 42 23 18
47945 8607 47920 9 25 16 13
48014 8918 47937 58 77 19 0
48098 124 47917 67 181 114 0
48112 5519 48109 3 3 0 0
48153 3116 48136 13 17 4 4
48284 1678 48075 153 209 56 24
48327 3871 48241 49 86 37 16
48519 6595 48473 14 46 32 28
48541 5901 48409 64 132 68 0
48649 5020 48533 19 116 97 97
48681 5922 48567 21 114 93 83
48746 9497 47765 96 981 885 0
48787 1576 48778 9 9 0 0
48823 7161 47965 146 858 712 16
49103 2078 8462 24 40641 40617 40564
49126 7279 8152 141 40974 40833 40815
49203 7260 49142 45 61 16 4
49309 7463 49264 14 45 31 24
49365 3806 49345 9 20 11 11
49450 2498 49314 103 136 33 0
49472 639 49171 68 301 233 217
49647 1498 49629 10 18 8 8
49658 5074 49588 56 70 14 0
49679 1946 49474 115 205 90 7
49725 7130 49715 10 10 0 0
49733 6597 49719 7 14 7 7
49808 9131 49747 32 61 29 25
49836 261 49755 56 81 25 0
49903 4927 49591 69 312 243 204
50032 5773 49991 35 41 6 2
50060 5893 50007 34 53 19 0
50165 5250 50155 7 10 3 3
50224 8776 49960 61 264 203 44
50281 767 50278 3 3 0 0
50287 6733 50054 98 233 135 7
50303 9212 50195 56 108 52 51
50372 4386 50197 60 175 115 91
50385 5719 50383 2 2 0 0
50436 1681 50334 80 102 22 7
50448 2516 50421 11 27 16 16
50494 541 50488 3 6 3 3
50529 7404 50492 17 37 20 20
50548 2665 50491 18 57 39 39
50573 5281 50496 18 77 59 53
50667 582 50105 74 562 488 481
50850 1954 50200 136 650 514 121
50923 4938 50903 17 20 3 2
50942 5310 50903 18 39 21 12
51060 4618 51051 8 9 1 1
51074 3106 51044 13 30 17 17
51085 1413 51083 2 2 0 0
51105 3326 51048 25 57 32 27
51121 3565 51109 6 12 6 6
51184 8011 51168 12 16 4 0
51417 2884 51040 114 377 263 91
51487 4241 51298 64 189 125 120
51495 3759 51450 32 45 13 12
51559 1061 51499 58 60 2 0
51659 9226 50987 76 672 596 546
51757 4876 51609 77 148 71 51
51789 1874 51571 182 218 36 0
51851 1490 51846 5 5 0 0
51875 4830 51783 73 92 19 7
51888 9002 51873 12 15 3 3
51907 8808 51889 9 18 9 9
52003 9623 51901 42 102 60 41
52017 6947 52008 9 9 0 0
52040 4353 52011 10 29 19 19
52058 8125 52029 10 29 19 19
52104 8819 52091 13 13 0 0
52132 9013 52118 11 14 3 3
52182 3016 52180 2 2 0 0
52209 7120 52039 103 170 67 2
52427 8646 52350 69 77 8 0
52687 2237 52472 123 215 92 0
52966 4198 52961 2 5 3 3
53018 3692 53004 7 14 7 7
53068 2696 52964 54 104 50 3
53099 9833 53088 11 11 0 0
53132 4850 53031 76 101 25 7
53163 6482 53155 8 8 0 0
53302 8085 52276 23 1026 1003 1003
53398 3673 53354 26 44 18 0
53410 409 53408 2 2 0 0
53420 9120 53415 5 5 0 0
53431 3054 52499 118 932 814 18
53443 8191 53437 6 6 0 0
53451 8144 53428 11 23 12 4
53536 1663 53514 12 22 10 10
53557 250 53505 13 52 39 39
53772 5228 53638 86 134 48 0
53944 6546 53464 175 480 305 0
53958 2754 53954 3 4 1 1
54214 5443 54094 57 120 63 37
54230 4176 54177 49 53 4 0
54262 2865 54068 72 194 122 0
54280 7326 54255 17 25 8 8
54351 4212 54199 65 152 87 0
54453 9871 54029 21 424 403 403
54518 3881 54446 54 72 18 8
54551 2329 54534 13 17 4 0
54574 9001 54571 3 3 0 0
54667 7547 54512 17 155 138 138
54675 1184 54673 1 2 1 1
54754 9861 54738 10 16 6 6
54799 4421 54657 17 142 125 112
54884 8614 54873 11 11 0 0
54951 8429 54496 80 455 375 3
55090 7342 55031 43 59 16 0
55134 7049 55020 58 114 56 6
55167 3120 55072 16 95 79 79
55255 1491 55073 20 182 162 152
55268 2965 55256 12 12 0 0
55295 9396 55263 17 32 15 6
55446 2243 53538 48 1908 1860 1859
55530 8989 55511 12 19 7 7
55539 1123 55499 28 40 12 11
55565 1661 54095 109 1470 1361 2
55688 1020 55678 8 10 2 2
55734 7030 54654 22 1080 1058 1017
55756 8246 55688 66 68 2 1
55773 8578 55706 63 67 4 0
55837 7905 55823 9 14 5 5
55934 3795 55847 42 87 45 0
55942 7766 55938 4 4 0 0
55970 2888 55962 7 8 1 0
56019 7995 55859 64 160 96 1
56032 8185 56020 12 12 0 0
56174 126 56069 74 105 31 0
56238 931 56224 14 14 0 0
56456 7843 55933 62 523 461 373
56488 6260 56475 12 13 1 1
56531 1757 56514 12 17 5 5
56539 8572 56532 7 7 0 0
56544 2559 56540 4 4 0 0
56638 8359 56636 2 2 0 0
56713 2417 56709 4 4 0 0
56835 556 56834 1 1 0 0
56926 8366 55982 113 944 831 257
56948 8543 56945 3 3 0 0
57073 8038 57049 13 24 11 4
57131 908 57060 69 71 2 0
57151 1444 57091 19 60 41 41
57209 1462 57197 12 12 0 0
57355 1756 57238 109 117 8 0
57416 7746 54951 77 2465 2388 2223
57543 2183 57535 8 8 0 0
57567 3139 57558 5 9 4 4
57641 2327 57639 2 2 0 0
57666 6239 57637 13 29 16 11
57775 7424 57717 45 58 13 5
57932 4115 57871 17 61 44 44
57951 5059 57692 124 259 135 14
57968 9317 57876 54 92 38 7
58354 1650 56848 22 1506 1484 1484
58543 8326 58542 1 1 0 0
58570 9488 58536 21 34 13 13
58616 4606 58590 14 26 12 12
58654 1176 58612 36 42 6 5
58701 4682 58700 1 1 0 0
58755 5865 58731 12 24 12 12
58778 4829 58690 51 88 37 6
58964 5277 58930 20 34 14 14
59038 9083 52843 79 6195 6116 94
59162 5913 53861 23 5301 5278 5267
59177 9832 53370 122 5807 5685 1
59205 2069 59053 133 152 19 3
59419 9592 59416 3 3 0 0
59527 9697 59486 32 41 9 8
59601 2013 59544 48 57 9 8
59616 1819 59506 43 110 67 61
59667 7243 59587 47 80 33 30
59831 8464 59813 17 18 1 1
59852 4380 59587 45 265 220 3
60015 7081 59884 48 131 83 16
60075 6746 60060 12 15 3 3
60125 1448 60122 3 3 0 0
60138 8930 60131 5 7 2 2
60159 6336 60099 42 60 18 8
60241 4275 60201 20 40 20 20
60274 703 60264 7 10 3 3
60294 6237 54832 183 5462 5279 0
60325 1912 60303 13 22 9 9
60410 2319 60374 33 36 3 0
60426 9729 60233 115 193 78 9
60452 6586 60234 97 218 121 113
60471 1290 60295 18 176 158 78
60494 3996 60453 18 41 23 19
60526 4108 60229 20 297 277 266
60679 4565 60472 80 207 127 98
60705 3250 60271 22 434 412 389
60783 7729 60720 51 63 12 9
60922 2170 60915 7 7 0 0
60948 1122 60943 5 5 0 0
61027 7984 56759 170 4268 4098 5
61042 9571 61037 5 5 0 0
61132 665 57168 23 3964 3941 3936
61184 7452 61168 14 16 2 2
61199 2018 61177 14 22 8 8
61330 5612 61276 53 54 1 0
61346 3447 61213 18 133 115 99
61483 1692 61410 60 73 13 4
61649 2813 61242 21 407 386 386
61663 5708 61652 11 11 0 0
61721 1236 61378 21 343 322 317
61802 8961 61566 21 236 215 215
61819 6999 61805 8 14 6 6
61865 2400 61857 8 8 0 0
61884 9437 61868 8 16 8 8
61899 4734 61796 68 103 35 7
61990 9672 61989 1 1 0 0
61995 4238 61987 5 8 3 0
62071 5997 62025 16 46 30 20
62075 5 62062 12 13 1 0
62116 9527 62083 17 33 16 6
62357 753 62347 10 10 0 0
62365 7405 62280 70 85 15 7
62386 6691 62337 17 49 32 32
62517 6040 62441 64 76 12 0
62526 1751 62389 103 137 34 0
62644 9550 62629 9 15 6 6
62670 4306 62660 10 10 0 0
62874 9397 62365 21 509 488 488
62921 752 62725 21 196 175 150
62953 4174 62928 14 25 11 11
62963 5596 62954 9 9 0 0
62981 5753 62915 17 66 49 49
63138 1664 63012 100 126 26 2
63160 9291 63025 57 135 78 41
63257 2844 63225 13 32 19 3
63376 7166 63343 23 33 10 9
63413 5530 63407 6 6 0 0
63470 9575 63463 7 7 0 0
63496 1999 63359 51 137 86 85
63655 8086 63628 15 27 12 12
63740 5302 63343 20 397 377 377
63792 8875 63649 123 143 20 7
63833 3272 63697 34 136 102 81
63959 5955 63948 11 11 0 0
63989 3865 63935 19 54 35 5
63991 2050 63960 30 31 1 0
64007 8018 64004 3 3 0 0
64016 9641 64015 1 1 0 0
64028 720 63974 19 54 35 27
64142 394 64129 12 13 1 1
64175 5445 64120 17 55 38 38
64350 2851 64339 10 11 1 1
64458 7951 64390 50 68 18 0
64468 5626 64465 3 3 0 0
64478 9750 64470 8 8 0 0
64552 9824 64360 62 192 130 28
64654 729 64503 54 151 97 50
64666 9596 64628 11 38 27 27
64676 8716 64666 9 10 1 1
64713 7753 64630 13 83 70 70
64742 9828 64606 72 136 64 6
64802 1235 64777 17 25 8 8
64823 1259 64787 16 36 20 16
64873 3234 64815 54 58 4 0
64885 7797 64873 11 12 1 1
64926 3213 64258 107 668 561 4
64976 5674 64832 21 144 123 95
65097 8103 65084 7 13 6 6
65166 2410 65067 86 99 13 10
65304 8755 65284 10 20 10 10
65320 2581 65099 127 221 94 0
65407 1922 65406 1 1 0 0
65492 8924 65467 15 25 10 10
65508 6158 65471 15 37 22 22
65569 2103 65554 14 15 1 1
65727 1994 65615 106 112 6 0
65798 7703 65784 9 14 5 0
65826 6077 65823 3 3 0 0
65862 5942 65861 1 1 0 0
65890 2733 65761 45 129 84 22
65919 8520 61703 77 4216 4139 19
66029 4415 65925 63 104 41 19
66070 1575 61940 22 4130 4108 4090
66140 9679 66084 21 56 35 35
66268 737 66192 55 76 21 20
66491 5384 66478 13 13 0 0
66506 4493 62578 22 3928 3906 3891
66571 8136 66492 19 79 60 60
66639 9281 66480 53 159 106 92
66659 8779 66525 112 134 22 0
66690 4463 66628 12 62 50 50
66717 9553 62616 76 4101 4025 3986
66740 8145 66720 19 20 1 0
66947 7308 66757 115 190 75 0
67035 9532 66973 49 62 13 12
67107 174 67099 8 8 0 0
67141 5131 64487 22 2654 2632 2632
67178 4534 67164 13 14 1 1
67230 9807 67229 1 1 0 0
67250 9184 67234 15 16 1 1
67261 7395 67183 74 78 4 0
67299 3197 65266 90 2033 1943 2
67421 9806 67401 12 20 8 8
67466 4636 65406 174 2060 1886 43
67610 1770 65510 141 2100 1959 11
67653 1590 67584 21 69 48 2
67768 3196 67698 62 70 8 3
67899 8092 67888 11 11 0 0
67994 4758 67959 17 35 18 5
68016 7598 67892 21 124 103 103
68062 3047 67483 22 579 557 557
68070 6190 68059 7 11 4 4
68112 5158 68086 10 26 16 7
68120 6050 68117 3 3 0 0
68372 4546 68341 25 31 6 5
68384 5166 68360 11 24 13 4
68544 8746 68488 20 56 36 0
68627 9837 68624 3 3 0 0
68657 7446 68621 30 36 6 0
68680 9178 68248 279 432 153 4
68815 3141 68650 19 165 146 141
68835 8730 68703 107 132 25 0
68863 7254 67736 69 1127 1058 149
68997 1218 68868 18 129 111 105
69060 6798 69055 5 5 0 0
69113 8925 69080 17 33 16 16
69128 7253 68137 52 991 939 924
69261 6632 68998 22 263 241 230
69379 5432 69352 21 27 6 5
69461 8379 57863 75 11598 11523 0
69515 6273 69460 16 55 39 19
69539 6435 58684 23 10855 10832 10832
69582 7327 69532 21 50 29 8
69735 6314 69722 9 13 4 0
69775 6528 59158 23 10617 10594 10557
69807 6097 69794 8 13 5 5
69821 506 59149 104 10672 10568 10535
69887 3051 69816 46 71 25 6
69976 5305 69914 19 62 43 21
70178 9061 70141 13 37 24 24
70289 7019 70035 18 254 236 236
70327 9449 70192 116 135 19 11
70375 5711 69938 54 437 383 0
70442 4033 70436 6 6 0 0
70512 1790 70413 20 99 79 21
70546 8034 59276 58 11270 11212 10612
70621 8056 70565 15 56 41 41
70910 9872 70722 56 188 132 124
71022 74 70931 58 91 33 28
71071 258 60985 85 10086 10001 0
71229 1753 71101 72 128 56 39
71257 4906 71204 27 53 26 2
71317 6295 71271 19 46 27 24
71360 3292 71350 5 10 5 5
71377 4871 60968 157 10409 10252 0
71455 112 71234 133 221 88 41
71677 7761 71667 5 10 5 5
71725 3028 62866 23 8859 8836 8836
71774 4806 62906 23 8868 8845 8833
71923 6031 71810 81 113 32 11
71975 5044 71974 1 1 0 0
72080 2708 72020 34 60 26 13
72276 8048 72188 84 88 4 0
72292 440 63689 23 8603 8580 8543
72300 1357 72295 5 5 0 0
72354 9205 64237 144 8117 7973 31
72401 8374 72399 2 2 0 0
72444 2278 72391 17 53 36 20
72463 732 72306 116 157 41 0
72512 5900 72500 10 12 2 2
72528 7816 72495 15 33 18 18
72791 3964 65140 75 7651 7576 0
72809 3043 72751 51 58 7 6
72830 4803 65562 23 7268 7245 7230
72940 2557 72934 6 6 0 0
72978 5847 72874 54 104 50 5
73031 7168 72820 106 211 105 11
73151 1779 73130 13 21 8 8
73165 4811 73164 1 1 0 0
73312 4126 73123 153 189 36 5
73376 5630 73308 36 68 32 5
73438 8591 73012 22 426 404 20
73442 3414 73388 51 54 3 0
73480 7363 73107 22 373 351 347
73531 6805 61952 160 11579 11419 1
73583 2411 73555 16 28 12 12
73630 563 73602 21 28 7 6
73739 6787 73738 1 1 0 0
73812 6354 73489 114 323 209 21
73880 9751 73503 22 377 355 355
73903 7628 73754 22 149 127 127
74002 2252 73902 90 100 10 5
74108 6682 74062 45 46 1 0
74131 8965 74026 55 105 50 32
74142 9476 74123 10 19 9 9
74154 6509 74143 11 11 0 0
74243 5201 66542 23 7701 7678 7669
74260 6487 74227 16 33 17 17
74279 5038 74269 5 10 5 5
74338 9655 74330 8 8 0 0
74432 2092 67042 63 7390 7327 7321
74504 8427 74445 56 59 3 0
74548 283 74530 11 18 7 7
74677 653 74667 10 10 0 0
74694 2482 68636 76 6058 5982 5959
74722 690 69073 23 5649 5626 5546
74756 8689 74738 10 18 8 8
74896 7468 74862 17 34 17 17
74929 2638 74909 13 20 7 7
75000 1429 74778 68 222 154 7
75033 2184 75020 13 13 0 0
75129 7713 75040 60 89 29 22
75156 4139 75014 107 142 35 20
75272 5113 74908 97 364 267 222
75331 8259 75308 13 23 10 10
75379 1077 75176 19 203 184 172
75405 3026 75397 8 8 0 0
75476 9710 75455 18 21 3 3
75498 3521 74917 57 581 524 512
75653 2631 75631 11 22 11 11
75702 5966 75686 13 16 3 0
76014 2096 75998 8 16 8 8
76377 70 76275 54 102 48 39
76403 3439 76370 16 33 17 17
76419 2229 76401 12 18 6 3
76617 3645 76294 20 323 303 303
76635 5319 76316 159 319 160 129
76763 8446 76742 16 21 5 5
76798 497 69246 71 7552 7481 7471
77055 6195 54136 183 22919 22736 334
77067 7874 77063 4 4 0 0
77122 8307 77019 48 103 55 17
77183 6364 77078 21 105 84 84
77290 2086 77284 6 6 0 0
77404 5552 77389 15 15 0 0
77480 7535 77460 16 20 4 4
77634 255 77572 16 62 46 46
77850 8904 77788 55 62 7 5
77869 6604 77792 69 77 8 7
77903 2310 77683 35 220 185 168
77995 3885 73110 71 4885 4814 0
78203 8656 73234 99 4969 4870 4850
78381 83 78376 4 5 1 1
78507 4387 78506 1 1 0 0
78515 9068 78291 66 224 158 8
78544 8009 78472 51 72 21 0
78786 3048 78757 14 29 15 7
78818 622 78814 4 4 0 0
78880 6067 78864 10 16 6 6
78963 1702 78931 19 32 13 9
79197 6304 79168 22 29 7 7
79226 4298 79201 16 25 9 9
79340 8620 79339 1 1 0 0
79572 8471 79557 8 15 7 7
79623 6516 79238 217 385 168 38
79730 6461 79667 44 63 19 5
79747 2751 79733 14 14 0 0
79804 4992 75331 23 4473 4450 4450
79818 2118 75229 110 4589 4479 12
79896 4602 69606 23 10290 10267 7336
80005 3777 77226 23 2779 2756 2744
80090 5505 80049 22 41 19 19
80138 7927 77924 23 2214 2191 2191
80261 2552 78119 51 2142 2091 0
80395 1604 80334 50 61 11 5
80476 8239 79500 23 976 953 944
80630 5793 78405 237 2225 1988 4
80639 4615 80606 18 33 15 6
80685 4902 80229 51 456 405 17
80754 4120 80741 13 13 0 0
80781 5825 80686 89 95 6 0
80856 3917 80778 57 78 21 13
80929 685 80922 7 7 0 0
80944 9062 80760 108 184 76 11
81085 4312 81001 59 84 25 16
81107 9181 80766 21 341 320 320
81124 847 81096 16 28 12 12
81496 6328 81463 11 33 22 22
81527 6818 81485 16 42 26 12
81597 3837 80699 193 898 705 449
81710 6654 81661 47 49 2 0
81857 923 81802 14 55 41 32
81865 2349 81849 7 16 9 9
81881 4571 81878 3 3 0 0
81931 5947 81003 74 928 854 1
82006 7415 81926 18 80 62 62
82039 9606 81959 66 80 14 7
82129 7773 82049 69 80 11 0
82175 9879 82135 15 40 25 16
82202 5462 82199 3 3 0 0
82227 8528 81900 140 327 187 166
82259 6923 82079 62 180 118 8
82322 6312 82318 4 4 0 0
82333 9769 82248 56 85 29 0
82386 998 82383 3 3 0 0
82426 8575 82421 5 5 0 0
82517 997 82506 10 11 1 0
82610 5229 82575 31 35 4 0
82674 4537 82606 53 68 15 5
82702 9838 82593 34 109 75 0
82740 1431 82732 7 8 1 1
82755 9728 82497 122 258 136 1
82909 5296 82906 3 3 0 0
82913 5522 82700 161 213 52 3
82995 5431 82250 106 745 639 10
83034 9618 83028 6 6 0 0
83159 3041 83081 65 78 13 8
83209 1853 83170 33 39 6 0
83308 190 83254 21 54 33 33
83417 5480 83399 15 18 3 0
83456 5796 83442 10 14 4 0
83468 9805 83429 35 39 4 3
83645 7234 83382 157 263 106 0
83830 4274 83721 76 109 33 16
83864 9191 83823 16 41 25 25
83923 5698 83506 46 417 371 194
83944 2921 83756 57 188 131 0
83989 4748 81835 173 2154 1981 31
84003 6564 83948 34 55 21 8
84051 7971 84033 18 18 0 0
84083 6169 83665 123 418 295 0
84138 5377 84131 7 7 0 0
84272 8526 84195 70 77 7 0
84443 8141 84408 32 35 3 2
84571 5648 84531 19 40 21 6
84606 9331 84585 14 21 7 7
84749 9840 84735 10 14 4 0
84782 1849 84762 10 20 10 0
84896 8455 84791 73 105 32 31
84935 5242 84853 64 82 18 14
84963 8411 84952 11 11 0 0
85033 5908 10356 132 74677 74545 40
85142 4677 85008 96 134 38 26
85144 575 85143 1 1 0 0
85164 4743 85123 40 41 1 0
85284 5425 84756 86 528 442 1
85350 8119 85344 6 6 0 0
85377 9778 84755 52 622 570 556
85524 4697 85502 18 22 4 4
85621 9526 85609 6 12 6 6
85653 304 84877 181 776 595 565
85697 4822 85584 66 113 47 0
85715 6412 85711 4 4 0 0
85726 8184 85584 110 142 32 7
85862 7576 85584 21 278 257 180
85930 4046 85920 10 10 0 0
85956 6234 85732 61 224 163 152
85967 2011 85773 171 194 23 7
86030 7820 86008 13 22 9 9
86093 1855 86056 17 37 20 9
86169 6491 85102 50 1067 1017 1011
86196 9604 86131 51 65 14 6
86237 5874 85815 23 422 399 399
86269 8684 86250 18 19 1 1
86281 4427 85201 82 1080 998 982
86431 7221 86423 8 8 0 0
86472 5144 86343 56 129 73 3
86537 1717 86312 21 225 204 194
86647 9732 86291 23 356 333 318
86684 8090 86639 34 45 11 9
86748 6543 86693 54 55 1 0
86809 7350 86328 57 481 424 357
86863 4616 86837 19 26 7 7
87117 3924 87093 14 24 10 10
87265 4931 87242 22 23 1 0
87295 2146 87173 19 122 103 103
87326 8586 87308 10 18 8 8
87358 8631 87130 132 228 96 7
87423 9135 87400 18 23 5 5
87450 5868 87410 23 40 17 14
87535 583 10608 60 76927 76867 0
87570 2299 87430 101 140 39 25
87592 6641 87357 162 235 73 2
87619 8396 87605 14 14 0 0
87639 99 87539 80 100 20 0
87689 3622 10687 119 77002 76883 16
87716 9220 87686 25 30 5 4
87740 5135 87729 7 11 4 4
87754 5842 10868 133 76886 76753 112
87804 668 87786 8 18 10 4
87826 3791 87825 1 1 0 0
87872 4450 87768 99 104 5 0
87890 1066 11874 24 76016 75992 75978
87921 7301 11687 131 76234 76103 5
87951 8805 87835 80 116 36 3
88008 967 87996 12 12 0 0
88023 210 87928 60 95 35 24
88083 4713 88072 11 11 0 0
88096 8536 87999 38 97 59 40
88134 8649 87980 22 154 132 15
88270 8418 88254 10 16 6 6
88301 7449 88055 109 246 137 80
88418 8169 88354 51 64 13 2
88533 4361 88512 16 21 5 2
88612 5252 88559 29 53 24 3
88702 9053 88692 10 10 0 0
88718 5356 88676 21 42 21 9
88732 3915 88716 13 16 3 3
88744 8742 88623 72 121 49 41
88794 8576 88771 18 23 5 1
88845 756 88826 18 19 1 0
88883 1151 88880 3 3 0 0
89061 8424 88887 97 174 77 19
89075 3538 89040 34 35 1 0
89116 5701 89084 31 32 1 0
89269 2843 12147 225 77122 76897 5
89277 7345 89276 1 1 0 0
89297 5950 89212 79 85 6 0
89310 3039 89132 115 178 63 21
89328 6495 89286 17 42 25 25
89359 2434 89342 10 17 7 7
89374 9839 89333 14 41 27 27
89379 5355 89176 100 203 103 21
89486 4756 89389 79 97 18 0
89537 2304 89430 19 107 88 74
89647 791 89640 7 7 0 0
89779 8618 89606 57 173 116 0
90031 5634 89921 56 110 54 33
90039 7323 90038 1 1 0 0
90053 8126 89878 71 175 104 28
90097 5206 89872 164 225 61 0
90236 6452 90215 16 21 5 5
90320 8892 90037 112 283 171 52
90369 6307 90332 36 37 1 0
90459 2298 90345 18 114 96 96
90674 7818 90671 3 3 0 0
90769 9125 90547 78 222 144 13
90810 1334 90709 75 101 26 6
90823 5341 90347 73 476 403 4
90897 9651 90844 50 53 3 0
90934 4838 90870 63 64 1 0
90948 8395 89524 42 1424 1382 0
90960 390 90957 3 3 0 0
91040 8083 90967 15 73 58 44
91059 7768 91038 9 21 12 12
91091 9406 91063 27 28 1 0
91117 1928 91114 3 3 0 0
91247 3032 91192 17 55 38 38
91301 6704 89967 21 1334 1313 1302
91362 2227 90063 149 1299 1150 0
91418 2854 91387 20 31 11 1
91473 2481 91402 70 71 1 0
91484 8188 91468 10 16 6 6
91533 5968 91524 9 9 0 0
91543 2502 91540 3 3 0 0
91569 7444 91560 9 9 0 0
91636 4292 91551 52 85 33 19
91723 735 91206 66 517 451 416
91849 405 90710 145 1139 994 812
91896 605 88971 113 2925 2812 1
91918 5609 89089 22 2829 2807 2772
92075 7325 89663 168 2412 2244 0
92245 339 92076 133 169 36 0
92360 3070 92340 12 20 8 8
92378 1365 92194 41 184 143 136
92387 8159 92366 8 21 13 13
92581 3520 92573 8 8 0 0
92596 769 92525 37 71 34 0
92698 9979 92673 13 25 12 12
92718 6769 92717 1 1 0 0
92738 3527 92659 66 79 13 0
92748 1662 92485 162 263 101 0
92818 664 92166 96 652 556 7
92899 3941 92387 49 512 463 415
93035 2747 92420 155 615 460 6
93061 7311 93038 17 23 6 0
93109 8466 92702 30 407 377 0
93146 1479 93076 63 70 7 6
93214 3304 93208 3 6 3 3
93234 188 93153 78 81 3 0
93298 8387 93159 19 139 120 120
93568 838 93564 4 4 0 0
93590 5724 93464 44 126 82 1
93609 4346 93523 76 86 10 3
93649 3561 93600 44 49 5 0
93721 7298 92093 122 1628 1506 1017
93935 6317 93850 59 85 26 1
93941 161 93904 29 37 8 0
93981 3195 90415 122 3566 3444 6
94103 4276 91372 22 2731 2709 2709
94220 9142 94184 12 36 24 24
94296 3531 94293 3 3 0 0
94376 9911 94366 8 10 2 2
94467 6163 94446 12 21 9 9
94474 3533 94464 6 10 4 4
94510 4014 94480 21 30 9 9
94525 6510 94507 14 18 4 4
94602 2236 94598 2 4 2 2
94633 1537 94531 75 102 27 18
94729 9414 94664 18 65 47 0
94744 8178 94637 90 107 17 0
95089 5070 94973 76 116 40 0
95111 696 94943 18 168 150 134
95118 2706 95110 6 8 2 2
95150 5838 95103 15 47 32 32
95205 8270 95094 18 111 93 93
95253 2999 95251 2 2 0 0
95279 3384 95237 36 42 6 1
95297 1546 95229 17 68 51 36
95355 7667 94951 43 404 361 347
95407 7695 95398 9 9 0 0
95601 7495 95522 63 79 16 0
95726 2076 94577 209 1149 940 57
95903 8377 92545 22 3358 3336 3336
95926 1466 92860 22 3066 3044 3044
95954 328 95951 3 3 0 0
96000 2098 94270 54 1730 1676 1
96110 5513 96048 57 62 5 4
96120 1266 94447 61 1673 1612 1589
96141 9228 96139 2 2 0 0
96277 6136 94882 102 1395 1293 1214
96318 6125 96165 53 153 100 23
96357 8610 96331 19 26 7 7
96373 8204 96362 11 11 0 0
96420 5216 96359 47 61 14 0
96440 8518 96222 40 218 178 56
96447 3512 96444 3 3 0 0
96468 5798 93661 22 2807 2785 2289
96515 411 96511 4 4 0 0
96566 2957 96498 16 68 52 11
96604 2777 96480 21 124 103 103
96635 6355 96271 22 364 342 334
96698 6979 88014 241 8684 8443 0
96745 7318 96727 13 18 5 5
96760 757 96750 10 10 0 0
96773 2948 96750 12 23 11 11
97209 272 97208 1 1 0 0
97261 3393 96911 111 350 239 204
97274 1305 97081 165 193 28 11
97294 9835 97241 39 53 14 0
97308 204 97301 7 7 0 0
97324 3820 97220 20 104 84 75
97380 4296 97010 124 370 246 7
97398 2135 97396 2 2 0 0
97433 6559 97405 27 28 1 0
97664 2587 97622 32 42 10 8
97815 5189 97802 13 13 0 0
97950 3427 97851 40 99 59 7
98041 7160 97945 81 96 15 6
98109 1947 90519 23 7590 7567 7567
98164 319 98128 20 36 16 16
98229 45 98175 19 54 35 31
98376 8174 98296 54 80 26 0
98387 6800 98188 136 199 63 0
98465 2870 98388 56 77 21 0
98526 4222 98522 2 4 2 2
98533 4278 98521 6 12 6 6
98536 5871 98469 66 67 1 0
98611 3844 98571 17 40 23 23
98861 9037 98615 103 246 143 141
98882 3726 98854 13 28 15 15
98980 2165 98569 22 411 389 246
99032 8750 99031 1 1 0 0
99097 6901 90608 129 8489 8360 1
99175 7712 99019 52 156 104 6
99212 8551 98570 225 642 417 42
99236 2405 99201 13 35 22 12
99372 5713 99359 5 13 8 8
99404 3623 99322 20 82 62 51
99428 5668 99358 60 70 10 3
99542 4986 99447 81 95 14 6
99634 7923 99572 22 62 40 40
99729 7099 99692 17 37 20 4
99776 8676 91229 23 8547 8524 8524
99815 7911 99775 14 40 26 13
99859 1567 99823 19 36 17 17
99890 5046 99853 17 37 20 7
99919 2041 99916 3 3 0 0

