62 8289 45 17 17 0 0
82 3268 3 78 79 1 0
126 4060 5 114 121 7 0
230 8489 26 155 204 49 0
289 3243 159 128 130 2 0
406 4551 401 5 5 0 0
420 3741 400 13 20 7 0
489 5193 253 182 236 54 0
529 8228 518 11 11 0 0
571 5775 328 152 243 91 0
587 3523 475 90 112 22 0
613 7666 496 25 117 92 92
697 81 682 15 15 0 0
710 8771 462 62 248 186 158
730 8438 621 28 109 81 27
745 6836 569 138 176 38 23
796 6494 369 57 427 370 10
802 1480 239 93 563 470 2
857 137 458 75 399 324 1
882 7950 293 144 589 445 5
885 4898 310 31 575 544 529
929 7143 928 1 1 0 0
991 7172 942 25 49 24 5
1057 860 1025 23 32 9 6
1101 9718 1002 83 99 16 0
1131 1983 374 194 757 563 23
1137 5349 765 286 372 86 0
1150 755 1129 18 21 3 3
1285 5570 1116 146 169 23 0
1310 4085 1246 61 64 3 0
1319 4124 1311 8 8 0 0
1418 3386 1383 34 35 1 0
1439 887 1409 20 30 10 10
1516 2925 1513 3 3 0 0
1523 3911 935 155 588 433 402
1589 456 1564 24 25 1 0
1607 129 1576 14 31 17 0
1635 8821 1580 44 55 11 10
1639 8122 1580 25 59 34 28
1651 2571 1615 33 36 3 0
1733 6633 1072 241 661 420 397
1807 513 983 205 824 619 365
1899 3725 1286 214 613 399 0
1914 965 1903 10 11 1 0
1933 6381 1523 30 410 380 355
1999 5978 1908 85 91 6 0
2137 5094 1977 100 160 60 0
2201 4674 2066 129 135 6 3
2318 9251 2288 22 30 8 0
2349 3166 2346 3 3 0 0
2440 8202 2425 14 15 1 0
2447 5989 2431 15 16 1 0
2472 954 2457 15 15 0 0
2536 7193 1923 109 613 504 51
2584 661 2504 79 80 1 0
2606 8876 2599 7 7 0 0
2635 9174 1762 99 873 774 81
2651 6590 2131 172 520 348 23
2657 269 2637 20 20 0 0
2690 5257 2385 217 305 88 1
2798 8065 1197 77 1601 1524 1522
2833 6799 1404 31 1429 1398 1385
2949 3574 2861 76 88 12 4
2982 849 2973 9 9 0 0
2996 9546 2845 130 151 21 0
3019 899 1178 283 1841 1558 1506
3029 3943 2052 31 977 946 898
3031 7648 3025 6 6 0 0
3072 5787 2961 78 111 33 10
3091 3285 2913 117 178 61 0
3097 4564 2313 104 784 680 0
3196 7135 3185 11 11 0 0
3324 9107 3190 30 134 104 103
3335 1617 3184 124 151 27 0
3497 3260 3489 8 8 0 0
3522 1112 3399 105 123 18 6
3555 4142 3436 27 119 92 92
3620 2193 3547 65 73 8 0
3744 8967 3732 12 12 0 0
3746 7627 3331 161 415 254 0
3819 2289 3652 29 167 138 138
3875 7807 3641 124 234 110 0
3898 8800 3825 29 73 44 6
3915 101 3834 79 81 2 0
3921 4175 3912 9 9 0 0
4018 389 4005 13 13 0 0
4056 7676 3830 114 226 112 69
4129 2652 1800 96 2329 2233 16
4324 1372 4289 19 35 16 15
4471 9981 4451 20 20 0 0
4491 4396 4423 67 68 1 0
4519 4797 4266 85 253 168 0
4564 474 4369 152 195 43 11
4584 4227 4538 45 46 1 0
4642 9957 4640 2 2 0 0
4772 9595 4712 22 60 38 28
4785 2338 4708 62 77 15 2
4838 5146 4836 2 2 0 0
4880 6200 4710 57 170 113 104
4910 540 2299 95 2611 2516 2358
4960 7591 4894 26 66 40 40
4995 6341 4970 24 25 1 0
5034 5576 4773 200 261 61 22
5054 9574 5000 52 54 2 0
5079 257 4968 71 111 40 13
5098 6728 5054 43 44 1 0
5175 7604 5115 59 60 1 0
5275 9097 5123 143 152 9 0
5288 6424 5285 3 3 0 0
5309 892 5299 10 10 0 0
5341 9927 5105 87 236 149 124
5375 3265 4639 223 736 513 0
5388 8931 5355 31 33 2 0
5451 5461 5388 28 63 35 1
5480 7169 5399 63 81 18 0
5547 9480 5441 81 106 25 24
5588 5167 5517 70 71 1 0
5631 9210 5423 49 208 159 144
5673 2607 5197 109 476 367 0
5674 2538 5599 46 75 29 0
5753 4990 5747 6 6 0 0
5759 7183 5727 18 32 14 5
5789 6376 5763 19 26 7 6
5802 857 5795 7 7 0 0
5862 1503 5833 28 29 1 0
5881 2345 5873 8 8 0 0
5942 5203 5906 28 36 8 0
5969 8707 5953 16 16 0 0
6019 2518 6008 11 11 0 0
6030 1330 6004 14 26 12 3
6043 4837 6029 14 14 0 0
6055 4382 5958 72 97 25 24
6074 1450 5963 84 111 27 7
6196 9686 5992 197 204 7 0
6334 9469 6331 3 3 0 0
6363 1167 6242 71 121 50 0
6383 578 6083 137 300 163 10
6422 8712 5706 109 716 607 9
6510 1154 6398 108 112 4 1
6542 4464 6433 100 109 9 7
6585 5029 6507 40 78 38 0
6623 7317 6061 26 562 536 536
6701 7581 6422 151 279 128 0
6803 3249 6737 20 66 46 45
6859 6563 6734 116 125 9 6
6873 8602 6870 3 3 0 0
6901 6765 6770 108 131 23 17
6908 7757 6901 7 7 0 0
6983 1690 6728 79 255 176 2
7002 8675 6858 115 144 29 16
7061 777 6968 78 93 15 4
7128 2431 7109 18 19 1 1
7171 3354 7059 71 112 41 21
7178 4581 6353 105 825 720 24
7204 2822 6013 158 1191 1033 205
7222 7229 7108 110 114 4 1
7229 8470 6486 28 743 715 710
7265 5404 6743 143 522 379 8
7306 166 7145 131 161 30 0
7351 9023 6478 99 873 774 651
7363 2463 7352 11 11 0 0
7433 813 7346 68 87 19 18
7457 9427 7395 61 62 1 0
7558 9143 7440 23 118 95 67
7605 3541 7516 55 89 34 0
7611 4349 7434 124 177 53 0
7637 6391 6362 260 1275 1015 0
7649 9316 7629 11 20 9 9
7668 5297 7657 11 11 0 0
7684 1036 7674 9 10 1 0
7695 2879 7515 42 180 138 0
7726 262 7662 63 64 1 0
7797 1939 7677 92 120 28 0
7810 1440 7121 57 689 632 593
7848 8834 7719 67 129 62 0
7948 5417 7877 57 71 14 0
8028 8567 7991 35 37 2 0
8054 7622 7879 110 175 65 16
8104 8261 7056 60 1048 988 455
8112 7032 8013 97 99 2 0
8146 6064 8113 32 33 1 0
8194 3804 8158 21 36 15 14
8228 9311 8097 68 131 63 0
8232 1544 7218 181 1014 833 0
8307 7279 8152 141 155 14 0
8401 9972 4555 257 3846 3589 0
8431 1655 6246 172 2185 2013 2
8517 372 8443 23 74 51 9
8550 2078 8462 24 88 64 64
8678 7767 8479 172 199 27 5
8695 5936 8452 160 243 83 50
8784 9044 8256 258 528 270 0
8818 7163 8630 39 188 149 133
8837 2523 8771 65 66 1 0
8841 3808 8840 1 1 0 0
8932 4259 8858 50 74 24 0
9019 6292 8853 26 166 140 128
9031 6113 9024 7 7 0 0
9050 3815 9039 11 11 0 0
9118 1710 8912 56 206 150 0
9122 6283 9115 7 7 0 0
9175 8686 9128 22 47 25 4
9192 9730 9134 45 58 13 0
9207 6228 9130 41 77 36 31
9225 1619 8896 237 329 92 8
9259 9629 8986 131 273 142 0
9357 8644 9311 27 46 19 18
9374 62 9362 12 12 0 0
9441 233 9311 91 130 39 2
9725 6549 9573 81 152 71 47
9752 1795 9714 26 38 12 12
9797 406 9708 78 89 11 10
9808 2650 9791 10 17 7 7
9811 2690 9790 13 21 8 8
9939 4097 7496 90 2443 2353 1987
9942 5535 9668 29 274 245 245
9950 292 9693 184 257 73 8
10043 1375 10031 9 12 3 3
10070 875 10043 16 27 11 11
10117 5264 9977 111 140 29 0
10137 2019 10130 7 7 0 0
10144 6285 9989 143 155 12 0
10178 6155 10153 16 25 9 9
10220 3087 10022 124 198 74 49
10365 4643 10353 12 12 0 0
10432 9356 10429 3 3 0 0
10440 636 10330 95 110 15 0
10463 4177 10432 22 31 9 9
10516 3848 10249 214 267 53 7
10518 5908 10356 132 162 30 0
10552 9513 10218 191 334 143 3
10554 2073 10553 1 1 0 0
10571 4553 10570 1 1 0 0
10596 7691 10563 21 33 12 12
10614 6420 10476 115 138 23 0
10644 9501 10635 8 9 1 1
10658 5034 10379 148 279 131 12
10685 1990 10679 6 6 0 0
10716 8457 10605 75 111 36 0
10785 583 10608 60 177 117 0
10816 5691 10697 116 119 3 0
10849 2198 10678 113 171 58 0
10858 5911 10764 88 94 6 0
10864 7450 10776 23 88 65 10
10913 3622 10687 119 226 107 0
11023 5842 10868 133 155 22 0
11083 8496 10799 27 284 257 257
11188 795 10792 167 396 229 12
11203 6346 10842 71 361 290 284
11251 9047 11240 11 11 0 0
11303 1059 11281 18 22 4 2
11323 5886 11274 48 49 1 0
11339 1700 11245 76 94 18 9
11409 6232 10571 28 838 810 810
11434 4896 11250 59 184 125 103
11455 4037 11440 15 15 0 0
11513 6270 10626 130 887 757 0
11527 2354 11499 24 28 4 4
11530 1731 11529 1 1 0 0
11543 5088 11229 78 314 236 0
11573 4329 11531 33 42 9 0
11585 6012 11554 19 31 12 12
11683 5099 11616 64 67 3 0
11724 6970 11705 19 19 0 0
11818 3479 11811 7 7 0 0
11850 3191 11701 95 149 54 24
11856 7301 11687 131 169 38 0
11893 6997 11888 5 5 0 0
11909 4261 11889 15 20 5 5
11945 1066 11874 24 71 47 36
11955 4233 10503 66 1452 1386 1286
12008 9303 11989 16 19 3 3
12042 5378 11931 59 111 52 0
12088 1422 12073 10 15 5 0
12193 6518 12084 76 109 33 11
12214 1841 11929 214 285 71 0
12308 2444 11866 155 442 287 52
12323 5332 12255 67 68 1 0
12334 8793 12329 5 5 0 0
12404 1160 11956 193 448 255 0
12495 3563 12487 8 8 0 0
12536 6311 12315 62 221 159 0
12558 2843 12147 225 411 186 1
12582 2091 11826 143 756 613 14
12600 3092 11816 66 784 718 3
12644 1101 12148 185 496 311 161
12676 1287 12660 13 16 3 3
12709 5366 12599 72 110 38 12
12755 3484 12002 67 753 686 0
12788 7825 12683 103 105 2 0
12847 6697 12835 12 12 0 0
12930 854 12104 205 826 621 0
12941 6368 12877 21 64 43 27
12943 2738 12873 43 70 27 25
12997 3198 12883 23 114 91 91
13019 7879 12995 18 24 6 3
13068 3882 12996 46 72 26 25
13103 686 12878 132 225 93 89
13238 4166 13191 20 47 27 27
13280 5437 13274 6 6 0 0
13301 806 13253 47 48 1 0
13366 2626 13307 39 59 20 5
13382 2873 12946 148 436 288 158
13418 9808 13237 64 181 117 26
13480 8180 13374 91 106 15 8
13486 717 13477 9 9 0 0
13504 5919 13482 15 22 7 7
13528 2753 13410 23 118 95 95
13539 6019 13298 68 241 173 132
13544 9849 13542 2 2 0 0
13566 2852 13484 69 82 13 10
13597 5938 13208 159 389 230 5
13599 1501 13372 49 227 178 157
13648 3629 13621 19 27 8 7
13712 9984 13560 141 152 11 7
13761 8850 13719 39 42 3 0
13791 2005 13190 108 601 493 0
13874 7840 13673 178 201 23 0
13935 6194 13855 52 80 28 9
13987 8305 13732 28 255 227 227
14052 1521 13438 88 614 526 0
14085 103 13722 66 363 297 0
14159 3860 14152 7 7 0 0
14200 3656 14175 24 25 1 0
14251 1867 14226 17 25 8 8
14286 4739 14257 26 29 3 2
14315 6863 14293 22 22 0 0
14350 5923 10925 61 3425 3364 9
14377 3763 14148 126 229 103 0
14415 7213 14338 54 77 23 0
14477 9388 14432 31 45 14 0
14567 8283 14464 45 103 58 0
14586 6657 14456 81 130 49 6
14682 9403 14630 48 52 4 0
14684 7787 14679 5 5 0 0
14694 6556 11491 29 3203 3174 3135
14762 529 10253 142 4509 4367 25
14769 9749 14677 82 92 10 8
14816 2500 11622 105 3194 3089 3073
14817 6140 14811 6 6 0 0
14883 3508 14822 21 61 40 40
14890 4715 14815 35 75 40 39
14926 5987 14891 21 35 14 14
14966 7520 14761 87 205 118 2
15044 4547 15029 15 15 0 0
15045 3717 12075 29 2970 2941 2935
15188 6683 15128 59 60 1 0
15244 3958 15198 34 46 12 0
15337 8214 15097 162 240 78 3
15339 5785 15145 114 194 80 0
15425 1550 15033 84 392 308 12
15447 991 15396 46 51 5 0
15488 2521 15339 126 149 23 1
15535 1093 15513 17 22 5 0
15611 6496 15595 15 16 1 0
15674 9725 15612 39 62 23 11
15741 2983 15672 68 69 1 0
15750 2912 15694 53 56 3 0
15918 8282 15907 11 11 0 0
15932 4627 13808 140 2124 1984 10
15944 5963 15931 11 13 2 2
15967 2044 15903 59 64 5 0
15997 447 15928 65 69 4 0
16003 3005 15969 33 34 1 0
16012 1196 15945 25 67 42 42
16076 7206 15933 66 143 77 65
16139 253 16044 93 95 2 0
16155 7349 13819 223 2336 2113 0
16199 111 16160 28 39 11 11
16326 6940 16115 166 211 45 25
16349 3969 13274 112 3075 2963 9
16355 5561 16335 19 20 1 0
16383 9800 16366 16 17 1 0
16386 728 14973 102 1413 1311 1254
16389 4589 16384 5 5 0 0
16427 911 16426 1 1 0 0
16452 1701 13095 133 3357 3224 2
16530 6278 15942 52 588 536 0
16553 3375 16546 7 7 0 0
16583 6150 16369 75 214 139 0
16654 1292 8873 140 7781 7641 0
16663 5590 16650 13 13 0 0
16669 692 16632 36 37 1 0
16756 2612 9490 120 7266 7146 5
16894 7406 10186 30 6708 6678 6645
16901 3866 16787 103 114 11 6
17004 7529 16863 117 141 24 7
17015 4171 16979 19 36 17 17
17044 5263 16758 174 286 112 0
17228 7689 17078 131 150 19 0
17241 3724 17119 25 122 97 25
17244 4105 17227 15 17 2 2
17280 3007 11219 45 6061 6016 0
17303 9869 17282 21 21 0 0
17374 9714 17322 42 52 10 0
17400 8069 17030 191 370 179 0
17449 2679 17400 40 49 9 1
17472 3418 17262 100 210 110 1
17580 3403 17578 2 2 0 0
17627 4933 17219 95 408 313 289
17628 3185 17451 79 177 98 68
17678 1989 17586 88 92 4 0
17693 2900 17048 139 645 506 0
17700 1960 17687 8 13 5 5
17703 3402 17385 92 318 226 190
17722 1103 17673 22 49 27 1
17741 1181 16953 206 788 582 16
17750 8942 17746 4 4 0 0
17836 8203 17833 3 3 0 0
17869 7882 17326 59 543 484 417
17899 818 17405 125 494 369 5
17962 5907 17252 99 710 611 605
17969 569 17958 11 11 0 0
17974 8521 17967 4 7 3 3
17976 2674 17913 55 63 8 5
17980 3467 17923 51 57 6 0
18111 993 17973 82 138 56 4
18135 236 11075 140 7060 6920 152
18281 3056 18245 22 36 14 0
18300 1897 18257 42 43 1 0
18349 9530 12884 195 5465 5270 173
18385 6490 18223 137 162 25 0
18458 2996 18402 55 56 1 0
18477 2316 15300 30 3177 3147 3147
18510 6209 13035 104 5475 5371 2431
18551 5545 15743 30 2808 2778 2772
18559 3359 18390 165 169 4 0
18563 6416 18551 10 12 2 1
18610 1547 12850 276 5760 5484 0
18685 307 11523 132 7162 7030 5
18732 5165 18724 8 8 0 0
18795 6625 18771 15 24 9 5
18804 9162 16293 86 2511 2425 2420
18810 2720 18772 37 38 1 0
18822 500 18795 19 27 8 1
18892 2356 18888 4 4 0 0
18900 3751 18883 16 17 1 0
18924 8677 18836 72 88 16 3
18957 4432 18895 48 62 14 6
19060 4718 18950 103 110 7 4
19119 2916 16796 96 2323 2227 2190
19129 4579 19122 7 7 0 0
19166 8104 19140 20 26 6 0
19207 4043 19194 8 13 5 5
19218 8401 8304 217 10914 10697 0
19227 6541 19117 66 110 44 0
19277 1162 19114 109 163 54 0
19325 315 11477 30 7848 7818 5570
19374 2727 17349 86 2025 1939 2
19393 1425 17148 227 2245 2018 0
19401 3978 19265 98 136 38 23
19418 4678 19400 16 18 2 2
19449 6316 17080 96 2369 2273 0
19497 1828 17300 144 2197 2053 0
19523 3230 19396 61 127 66 20
19691 7935 19687 4 4 0 0
19743 3155 19578 144 165 21 0
19746 1810 19704 27 42 15 0
19760 8708 19736 16 24 8 3
19790 4303 19599 134 191 57 0
19906 3830 19629 140 277 137 27
19923 2561 19826 94 97 3 0
19940 6610 19889 23 51 28 12
19983 256 19660 68 323 255 0
20006 6958 19712 85 294 209 0
20033 1730 19984 26 49 23 0
20068 8697 20062 6 6 0 0
20084 1500 20069 15 15 0 0
20106 4006 19779 88 327 239 0
20163 7156 20033 126 130 4 1
20238 9948 20236 2 2 0 0
20285 4347 15760 50 4525 4475 0
20331 241 20251 73 80 7 5
20373 1141 20309 22 64 42 42
20409 8041 20208 114 201 87 1
20558 2037 20536 16 22 6 6
20565 7282 20502 49 63 14 10
20569 7123 20437 95 132 37 2
20593 9978 20453 125 140 15 0
20627 7343 20567 50 60 10 0
20647 2692 20591 52 56 4 3
20718 7238 20669 45 49 4 0
20776 3532 20729 18 47 29 29
20810 5525 20439 194 371 177 35
20822 8262 20655 122 167 45 33
20843 4099 20832 11 11 0 0
20873 3965 20807 60 66 6 0
20883 3241 20840 20 43 23 21
20938 1879 20834 73 104 31 5
20981 1310 20900 74 81 7 0
21012 6511 20916 71 96 25 23
21049 1957 20852 180 197 17 1
21068 7088 20784 25 284 259 233
21071 9348 20806 145 265 120 78
21105 6323 21024 76 81 5 4
21157 6267 21150 7 7 0 0
21168 2387 20828 48 340 292 278
21184 9196 20857 65 327 262 17
21227 9578 20939 41 288 247 246
21259 6536 21023 152 236 84 49
21287 6129 21281 6 6 0 0
21306 3421 21231 66 75 9 0
21345 1553 20685 93 660 567 0
21388 4988 21381 7 7 0 0
21396 6319 21382 7 14 7 0
21421 5540 21371 20 50 30 0
21488 7380 21475 8 13 5 5
21498 5918 21470 27 28 1 0
21565 7998 21502 26 63 37 24
21638 6961 21374 164 264 100 2
21656 3409 21602 44 54 10 0
21666 5788 21084 203 582 379 0
21710 2613 21190 53 520 467 55
21719 5178 21528 159 191 32 0
21754 5365 21250 230 504 274 7
21783 2566 21775 8 8 0 0
21801 2408 21787 14 14 0 0
21802 360 21753 22 49 27 4
21915 7892 21904 10 11 1 1
21978 1949 21762 149 216 67 0
22004 1392 21993 11 11 0 0
22052 594 21861 27 191 164 164
22127 6594 22108 11 19 8 0
22129 7966 22109 18 20 2 0
22148 7900 22099 15 49 34 34
22172 4223 21946 130 226 96 2
22191 3201 21446 145 745 600 0
22196 8253 22187 7 9 2 0
22233 2630 20411 67 1822 1755 0
22285 2477 20623 28 1662 1634 1634
22396 4516 22337 48 59 11 0
22415 4145 22402 12 13 1 0
22498 3109 22415 67 83 16 1
22505 9373 22087 28 418 390 389
22513 3892 22500 13 13 0 0
22559 6024 22420 126 139 13 0
22589 24 22422 63 167 104 0
22658 1064 20458 64 2200 2136 8
22662 6059 22622 39 40 1 0
22670 43 22585 71 85 14 0
22716 2507 22689 26 27 1 0
22784 2490 22704 78 80 2 0
22893 7917 21910 124 983 859 2
22901 8127 22684 137 217 80 17
22903 3709 22772 112 131 19 16
22910 884 22903 7 7 0 0
22947 6011 22920 15 27 12 11
22973 2452 22011 120 962 842 32
23195 7533 22919 237 276 39 0
23211 9699 23199 12 12 0 0
23263 3 23003 52 260 208 163
23295 2213 23248 27 47 20 20
23302 7515 22977 253 325 72 0
23349 7875 23341 8 8 0 0
23360 3184 23175 104 185 81 8
23415 8806 23262 135 153 18 2
23442 2593 23368 72 74 2 0
23445 8319 23020 153 425 272 17
23472 4252 23156 73 316 243 232
23489 8294 23456 32 33 1 0
23551 1463 23481 65 70 5 0
23567 9435 20619 280 2948 2668 2015
23618 4878 9733 85 13885 13800 7079
23663 7020 23625 37 38 1 0
23684 9100 23676 8 8 0 0
23724 503 23723 1 1 0 0
23813 9000 23743 65 70 5 0
23895 3778 23774 103 121 18 0
23995 8461 23910 25 85 60 41
24000 217 23942 57 58 1 0
24032 9057 17663 144 6369 6225 1914
24037 1887 24029 8 8 0 0
24067 8220 23968 86 99 13 0
24087 7205 24043 19 44 25 25
24140 1538 23717 138 423 285 0
24208 746 19683 175 4525 4350 0
24230 9180 24004 151 226 75 0
24231 3801 24065 124 166 42 0
24246 2328 24184 52 62 10 1
24255 3899 24237 11 18 7 7
24263 7367 24243 16 20 4 4
24307 3433 24186 104 121 17 10
24362 6868 24330 31 32 1 0
24386 1040 24381 5 5 0 0
24443 2422 24357 21 86 65 64
24492 9968 24480 12 12 0 0
24494 494 24386 72 108 36 0
24525 7102 24514 11 11 0 0
24534 1055 24308 94 226 132 0
24536 8626 24433 73 103 30 11
24553 4608 24141 220 412 192 68
24638 5363 19807 138 4831 4693 27
24695 1471 24623 24 72 48 35
24779 3174 19792 187 4987 4800 249
24822 8486 24801 15 21 6 6
24846 9681 24832 14 14 0 0
24846 832 24832 14 14 0 0
24864 8311 24616 168 248 80 0
24871 5709 24678 172 193 21 0
24889 8171 24797 82 92 10 0
24893 6156 24889 4 4 0 0
24898 4065 24896 2 2 0 0
24900 6493 24527 120 373 253 49
24948 2429 24945 3 3 0 0
24974 9566 20323 91 4651 4560 11
25006 4867 24956 49 50 1 0
25009 79 25000 7 9 2 2
25023 6943 24952 53 71 18 0
25039 1053 20304 165 4735 4570 11
25065 8883 25049 16 16 0 0
25097 8072 25089 8 8 0 0
25210 2251 25077 110 133 23 0
25280 9280 25279 1 1 0 0
25331 7938 25225 43 106 63 47
25352 8067 25190 158 162 4 0
25408 3175 24893 242 515 273 1
25432 1115 25390 41 42 1 0
25480 5052 25470 10 10 0 0
25512 2517 25496 14 16 2 2
25548 2956 25210 245 338 93 0
25558 3044 25187 105 371 266 257
25587 3182 25573 9 14 5 0
25618 3821 25488 64 130 66 1
25626 5136 25505 22 121 99 25
25645 2414 25252 177 393 216 7
25675 7740 25668 7 7 0 0
25696 5666 25495 26 201 175 167
25697 6820 25563 113 134 21 7
25740 5965 25330 80 410 330 0
25798 5899 25787 11 11 0 0
25834 7271 25537 142 297 155 139
25842 5314 25828 8 14 6 6
25851 2804 25844 7 7 0 0
25870 1424 25825 23 45 22 10
25900 1723 25899 1 1 0 0
25915 634 25876 32 39 7 0
25937 3112 25540 28 397 369 283
25957 5037 25537 118 420 302 268
25996 5783 25890 58 106 48 0
26032 7916 26025 6 7 1 1
26054 6593 25699 110 355 245 0
26063 8598 26015 19 48 29 24
26094 466 26077 17 17 0 0
26113 5390 25926 175 187 12 0
26123 4118 26018 88 105 17 15
26153 9394 26087 64 66 2 1
26215 7214 25290 29 925 896 880
26272 2504 26176 94 96 2 0
26295 7016 26133 103 162 59 6
26302 8878 26284 18 18 0 0
26329 9382 26192 92 137 45 0
26338 3946 26336 2 2 0 0
26377 5286 26375 2 2 0 0
26386 3747 26328 33 58 25 0
26420 7870 26344 75 76 1 0
26459 8554 26455 4 4 0 0
26480 2558 26341 25 139 114 62
26554 1905 26352 131 202 71 2
26571 4399 26560 11 11 0 0
26599 2110 25275 67 1324 1257 0
26626 8988 26618 8 8 0 0
26666 8468 26426 133 240 107 0
26709 2555 26673 34 36 2 0
26727 7461 26426 172 301 129 0
26743 3967 26664 66 79 13 0
26821 8987 26706 87 115 28 22
27013 7086 26992 18 21 3 0
27058 3300 26934 104 124 20 0
27097 9998 26821 229 276 47 9
27120 4749 27109 11 11 0 0
27187 7572 26496 29 691 662 662
27208 2115 26960 140 248 108 18
27250 1402 27203 46 47 1 0
27257 8864 25545 155 1712 1557 1553
27273 3357 26714 137 559 422 132
27353 5269 27347 6 6 0 0
27361 544 27286 68 75 7 0
27364 2980 27302 58 62 4 3
27376 3960 27370 5 6 1 0
27411 667 27219 121 192 71 0
27451 6659 27287 61 164 103 6
27468 6360 27430 37 38 1 0
27560 1489 27556 4 4 0 0
27618 1063 27251 89 367 278 194
27690 4733 27475 127 215 88 0
27737 4723 27700 31 37 6 0
27824 4404 27563 134 261 127 0
27901 4090 27843 54 58 4 2
27929 270 27616 27 313 286 286
27941 2403 27939 2 2 0 0
27998 4603 27452 82 546 464 0
28019 7496 27866 138 153 15 5
28025 4861 28004 16 21 5 3
28052 6789 27995 52 57 5 4
28287 3954 28148 72 139 67 7
28296 5495 27696 148 600 452 411
28304 2988 27269 29 1035 1006 923
28321 1915 28269 22 52 30 19
28355 5405 28351 4 4 0 0
28408 1568 28402 4 6 2 0
28441 6651 28419 19 22 3 3
28488 7562 28466 16 22 6 5
28506 7137 28499 7 7 0 0
28509 8336 28285 93 224 131 54
28513 9708 28275 218 238 20 0
28546 3731 28467 69 79 10 0
28549 1391 28407 118 142 24 2
28563 1275 28532 16 31 15 15
28639 2908 28609 19 30 11 0
28647 5580 28550 69 97 28 14
28724 8221 28443 205 281 76 28
28778 3597 28753 17 25 8 3
28858 9951 28764 75 94 19 4
28863 6795 28265 67 598 531 530
28912 5065 28901 11 11 0 0
28969 9673 28837 101 132 31 3
28996 1845 28960 19 36 17 10
29005 751 28977 27 28 1 0
29046 7499 28863 29 183 154 56
29108 8010 29028 49 80 31 0
29119 1418 29062 28 57 29 29
29182 8936 21009 75 8173 8098 2
29196 9815 29038 147 158 11 2
29221 7416 29186 24 35 11 11
29237 5235 29127 107 110 3 0
29254 5183 29242 8 12 4 0
29306 3518 29236 56 70 14 2
29315 3743 29307 8 8 0 0
29425 7209 29304 114 121 7 0
29443 1640 29397 35 46 11 0
29499 6841 29404 28 95 67 63
29543 8280 29232 133 311 178 131
29565 909 29426 108 139 31 21
29612 981 29607 5 5 0 0
29630 5601 23249 218 6381 6163 6135
29655 2277 29473 160 182 22 0
29682 9945 29317 108 365 257 21
29728 5076 29523 27 205 178 178
29783 5957 25135 144 4648 4504 9
29876 5470 29872 4 4 0 0
29887 7656 29882 5 5 0 0
29949 4159 25077 190 4872 4682 4666
30038 796 29932 103 106 3 0
30045 3805 30012 26 33 7 6
30157 1686 30069 79 88 9 0
30200 3870 25582 30 4618 4588 4531
30240 8313 30115 74 125 51 0
30273 1880 30124 131 149 18 0
30361 8654 30291 41 70 29 1
30369 472 30148 102 221 119 45
30409 3320 30161 205 248 43 0
30479 8990 25513 173 4966 4793 0
30488 4656 30245 167 243 76 0
30536 4722 30366 135 170 35 9
30554 2497 30480 61 74 13 9
30570 34 30521 48 49 1 0
30630 213 30628 2 2 0 0
30646 6902 30510 27 136 109 80
30653 7649 30650 3 3 0 0
30668 7459 30593 56 75 19 0
30727 3890 30716 11 11 0 0
30757 1247 26577 152 4180 4028 31
30768 6678 30595 159 173 14 0
30847 8406 26873 67 3974 3907 3862
30855 1921 28347 88 2508 2420 247
30950 7188 28729 122 2221 2099 0
31054 9570 30922 27 132 105 98
31117 7112 31108 9 9 0 0
31124 5631 30808 188 316 128 64
31224 3244 31210 14 14 0 0
31263 3063 31261 2 2 0 0
31279 7901 31227 46 52 6 0
31314 644 29037 95 2277 2182 2126
31380 343 31290 68 90 22 11
31429 3547 29296 30 2133 2103 2091
31499 4873 31484 14 15 1 1
31566 3994 31538 25 28 3 3
31645 8422 31336 259 309 50 0
31655 3347 29611 136 2044 1908 1856
31849 6330 31735 62 114 52 4
31882 3151 31611 183 271 88 0
31964 8244 31672 157 292 135 96
32015 4962 31994 20 21 1 1
32056 1769 31557 117 499 382 10
32069 3107 31812 90 257 167 153
32085 3080 31912 28 173 145 145
32102 7725 32093 9 9 0 0
32130 3739 32116 14 14 0 0
32136 5291 31494 107 642 535 9
32170 5803 31956 63 214 151 114
32213 6739 29786 196 2427 2231 0
32337 8061 32188 138 149 11 4
32361 4366 32244 86 117 31 26
32378 4728 32170 156 208 52 0
32430 7225 32411 19 19 0 0
32498 429 32491 4 7 3 0
32584 4961 32226 140 358 218 179
32649 6618 32231 114 418 304 4
32677 7291 32664 13 13 0 0
32717 3454 32563 64 154 90 67
32718 856 32576 101 142 41 0
32752 448 32680 67 72 5 1
32791 1815 32466 198 325 127 0
32815 3434 32707 26 108 82 71
32858 3435 32635 110 223 113 0
32877 8123 32803 59 74 15 0
32884 9390 32870 14 14 0 0
32929 5839 32564 29 365 336 330
32959 4383 32624 29 335 306 306
32997 4285 32994 3 3 0 0
33048 9159 32980 25 68 43 33
33065 9494 32977 60 88 28 0
33139 5128 33070 60 69 9 0
33242 9621 33105 96 137 41 0
33252 7573 33250 2 2 0 0
33349 2372 33336 13 13 0 0
33489 8711 33411 62 78 16 0
33533 2461 33433 61 100 39 0
33559 2644 33236 237 323 86 0
33575 5679 33573 2 2 0 0
33590 6349 33455 105 135 30 0
33651 1566 33615 33 36 3 2
33677 1138 33613 36 64 28 0
33710 6676 33149 284 561 277 43
33778 5853 33751 22 27 5 5
33796 8687 33436 209 360 151 11
33872 8390 33863 9 9 0 0
33873 8546 33869 4 4 0 0
33924 630 33863 24 61 37 26
33940 6643 33769 107 171 64 28
33985 3745 33979 6 6 0 0
34043 2562 31199 30 2844 2814 2777
34057 2336 33988 45 69 24 22
34112 3271 34101 11 11 0 0
34165 9917 34097 25 68 43 2
34176 1869 34173 3 3 0 0
34184 5367 34172 11 12 1 0
34246 214 33329 84 917 833 799
34262 697 34242 10 20 10 5
34290 9199 33563 224 727 503 28
34339 8977 34324 15 15 0 0
34364 4597 34236 78 128 50 34
34389 6459 34326 57 63 6 5
34394 8941 34375 14 19 5 0
34428 9415 34234 114 194 80 20
34440 189 34123 96 317 221 0
34494 9700 34493 1 1 0 0
34495 3200 34453 35 42 7 6
34516 6642 34454 24 62 38 24
34534 8912 34496 20 38 18 18
34550 5696 34427 100 123 23 18
34568 4402 34541 17 27 10 10
34592 4940 34418 96 174 78 48
34668 2056 34647 19 21 2 2
34689 439 34571 28 118 90 55
34701 5870 34694 7 7 0 0
34738 8964 34608 93 130 37 0
34793 655 34740 52 53 1 0
34845 6017 34412 280 433 153 0
34853 7263 34787 63 66 3 0
34881 8354 34806 49 75 26 0
34912 9999 31636 182 3276 3094 47
34988 6393 34936 49 52 3 0
35023 3067 34694 61 329 268 3
35041 9099 34993 24 48 24 23
35110 7312 35107 3 3 0 0
35145 7850 35093 24 52 28 7
35157 3455 35155 2 2 0 0
35176 6401 35078 95 98 3 1
35230 8260 35082 70 148 78 57
35244 1557 34992 191 252 61 6
35264 9774 35173 42 91 49 48
35268 6153 34948 92 320 228 0
35284 6831 35276 8 8 0 0
35332 9190 34972 27 360 333 333
35425 9888 35424 1 1 0 0
35461 5934 35385 26 76 50 11
35486 3065 34976 71 510 439 0
35524 9380 35386 123 138 15 4
35550 3162 35257 201 293 92 12
35572 607 35571 1 1 0 0
35575 3346 35481 88 94 6 0
35588 7849 35565 17 23 6 3
35605 4901 35034 29 571 542 542
35824 7374 35685 46 139 93 78
35830 6581 35826 4 4 0 0
35846 6668 35827 13 19 6 4
35916 1864 35872 31 44 13 0
36028 8378 36025 3 3 0 0
36039 5453 35821 140 218 78 4
36069 3423 35847 187 222 35 23
36124 7061 36006 86 118 32 3
36142 445 36127 11 15 4 1
36159 9741 36075 53 84 31 0
36221 4229 36071 27 150 123 103
36304 5123 36287 16 17 1 0
36327 3780 36312 15 15 0 0
36353 5428 36330 16 23 7 0
36358 5294 36147 109 211 102 5
36367 5280 36358 8 9 1 1
36387 6636 36189 157 198 41 2
36415 3013 36336 32 79 47 0
36458 8483 36451 6 7 1 0
36483 2311 36452 30 31 1 0
36543 5049 36464 60 79 19 0
36596 8738 36586 10 10 0 0
36648 3298 36642 6 6 0 0
36688 9704 36678 10 10 0 0
36716 5669 36689 20 27 7 7
36737 4104 36614 114 123 9 0
36842 8724 36582 117 260 143 0
36856 6930 36787 68 69 1 0
36878 3715 36551 27 327 300 248
36896 2952 36858 35 38 3 2
36955 6417 36386 148 569 421 2
36965 2621 36907 57 58 1 0
37047 5707 37017 16 30 14 0
37103 2872 37088 15 15 0 0
37146 107 36934 62 212 150 3
37369 8045 37265 23 104 81 15
37391 344 37303 68 88 20 9
37423 5986 37417 6 6 0 0
37444 4328 37397 42 47 5 0
37492 3589 37490 2 2 0 0
37545 11 37300 99 245 146 0
37550 7631 37447 101 103 2 0
37571 9885 37427 130 144 14 0
37592 4570 37583 9 9 0 0
37619 3332 37309 116 310 194 0
37659 2940 37595 59 64 5 4
37661 5875 37596 53 65 12 5
37697 3084 37684 13 13 0 0
37702 9643 37641 20 61 41 30
37731 5795 37718 13 13 0 0
37777 3295 37621 83 156 73 0
37804 6160 37785 19 19 0 0
37844 7095 37755 72 89 17 0
37867 1582 37803 23 64 41 24
37875 4501 37727 66 148 82 0
37893 1070 37762 114 131 17 0
37954 2807 37892 54 62 8 0
38098 8814 38047 29 51 22 22
38143 8369 34989 89 3154 3065 644
38188 1441 38179 9 9 0 0
38222 6088 38219 2 3 1 1
38259 5980 38219 36 40 4 0
38279 8848 35452 240 2827 2587 87
38334 9841 38317 17 17 0 0
38355 348 38212 112 143 31 0
38355 8443 38322 20 33 13 13
38372 8195 38347 16 25 9 9
38418 5647 35717 174 2701 2527 0
38572 1891 38495 50 77 27 0
38596 5072 38527 68 69 1 0
38640 7979 35812 131 2828 2697 0
38685 464 38671 14 14 0 0
38721 5728 38621 76 100 24 0
38741 6900 35944 141 2797 2656 0
38746 2862 35784 130 2962 2832 202
38795 9903 38778 16 17 1 0
38802 9161 38762 33 40 7 6
38812 5835 38694 27 118 91 53
38857 1100 38855 2 2 0 0
38859 7809 38827 20 32 12 11
38879 2199 38854 19 25 6 6
38927 4340 38725 27 202 175 72
38929 8055 38885 43 44 1 0
38941 8634 38810 27 131 104 97
39035 995 38854 137 181 44 17
39046 1906 39044 2 2 0 0
39056 740 38683 102 373 271 259
39104 1435 39010 49 94 45 3
39128 1280 38983 138 145 7 0
39210 7779 39203 7 7 0 0
39396 7219 39211 159 185 26 0
39423 19 39212 190 211 21 0
39486 9313 38945 228 541 313 252
39498 7805 39496 2 2 0 0
39520 2522 39459 42 61 19 0
39596 4741 39566 19 30 11 0
39642 7565 39562 24 80 56 35
39692 4363 39460 70 232 162 81
39705 1240 39695 10 10 0 0
39715 6578 39656 58 59 1 0
39775 3793 39506 144 269 125 24
39807 1274 39782 24 25 1 1
39823 4078 39817 6 6 0 0
39917 9140 39018 106 899 793 782
39918 6489 39281 42 637 595 578
40019 5792 40012 7 7 0 0
40029 4458 40023 6 6 0 0
40058 3024 39120 155 938 783 7
40076 7232 36263 30 3813 3783 3783
40086 6709 40083 3 3 0 0
40166 9777 40142 16 24 8 8
40216 140 40130 67 86 19 14
40241 6007 40222 15 19 4 4
40383 9422 40373 10 10 0 0
40404 7983 40080 218 324 106 0
40422 144 40188 134 234 100 0
40447 244 40342 64 105 41 26
40453 7764 40290 108 163 55 0
40490 165 40477 13 13 0 0
40534 6731 40390 92 144 52 15
40555 7968 40491 63 64 1 0
40576 6772 40526 49 50 1 0
40584 1963 40091 50 493 443 0
40597 9015 40065 188 532 344 0
40607 7297 40504 79 103 24 12
40643 5173 36467 186 4176 3990 21
40805 9657 40608 143 197 54 0
40849 8696 40630 143 219 76 37
40892 1881 40786 41 106 65 64
40916 30 40915 1 1 0 0
40969 8322 40931 14 38 24 24
41021 9293 40909 102 112 10 0
41047 5042 40955 64 92 28 5
41114 7673 40919 181 195 14 0
41195 823 41194 1 1 0 0
41213 415 41089 77 124 47 45
41232 6904 41078 147 154 7 0
41257 8980 40913 90 344 254 0
41311 516 40875 156 436 280 130
41524 5715 40575 186 949 763 2
41615 285 41605 10 10 0 0
41626 3711 41372 188 254 66 33
41666 4039 41418 174 248 74 64
41723 5643 41713 10 10 0 0
41740 9219 41549 139 191 52 6
41767 5743 41743 18 24 6 6
41789 6188 41770 18 19 1 0
41845 8580 41740 26 105 79 79
41847 305 41842 5 5 0 0
41885 6561 41757 93 128 35 11
41909 4753 41740 27 169 142 91
41969 7355 41962 7 7 0 0
41971 5604 41941 29 30 1 0
42157 82 41974 120 183 63 52
42160 6995 42135 18 25 7 7
42169 2896 42113 44 56 12 3
42176 9847 42158 15 18 3 3
42186 4002 42179 7 7 0 0
42278 7745 42261 16 17 1 1
42311 1427 42304 7 7 0 0
42366 9260 42339 22 27 5 0
42381 100 42366 13 15 2 1
42439 6434 42358 76 81 5 3
42500 8412 42353 61 147 86 78
42502 8465 42240 172 262 90 0
42554 9486 42436 28 118 90 90
42598 6551 42595 3 3 0 0
42611 4036 42137 123 474 351 142
42635 6356 42551 83 84 1 0
42667 4093 42588 26 79 53 4
42682 6257 42565 114 117 3 0
42687 851 42640 23 47 24 23
42812 1003 42804 8 8 0 0
42827 9275 42729 47 98 51 50
42891 5518 42886 5 5 0 0
42928 2913 42880 27 48 21 21
42980 7091 42971 9 9 0 0
43016 2810 42738 217 278 61 4
43023 7837 43001 21 22 1 0
43041 8299 42987 21 54 33 30
43059 4752 42916 79 143 64 3
43065 4084 38975 79 4090 4011 3954
43204 5176 42981 208 223 15 0
43247 3955 40128 105 3119 3014 326
43274 3296 40566 195 2708 2513 27
43288 1781 43270 10 18 8 8
43373 7389 43300 27 73 46 45
43384 7008 41168 30 2216 2186 2182
43493 6074 43468 20 25 5 5
43536 3094 43373 51 163 112 1
43557 9925 43184 189 373 184 0
43586 1113 43582 4 4 0 0
43629 573 43628 1 1 0 0
43702 6099 43683 18 19 1 0
43714 1381 43655 49 59 10 0
43761 7624 40217 193 3544 3351 2960
43790 9431 43788 2 2 0 0
43813 5025 43801 7 12 5 5
43845 1023 43798 44 47 3 0
43869 2667 43843 23 26 3 3
43904 9594 43876 25 28 3 0
43936 4279 43362 90 574 484 43
43981 4240 43966 15 15 0 0
43992 2413 43872 104 120 16 0
44021 9909 43789 203 232 29 2
44048 4817 43999 47 49 2 0
44130 2246 44043 80 87 7 6
44217 1765 43599 96 618 522 0
44238 517 43813 29 425 396 387
44324 7996 43670 183 654 471 5
44388 209 44302 67 86 19 13
44412 6766 44391 21 21 0 0
44437 1816 44345 88 92 4 2
44444 9075 44158 165 286 121 0
44538 6383 41402 30 3136 3106 3106
44540 3369 44425 78 115 37 36
44598 267 41376 105 3222 3117 3097
44605 4441 44583 16 22 6 1
44673 3349 44547 106 126 20 11
44709 47 44684 18 25 7 7
44825 8345 44820 5 5 0 0
44841 6137 44685 142 156 14 2
44896 1545 44844 29 52 23 23
44984 3232 42028 166 2956 2790 2707
45052 3664 45051 1 1 0 0
45124 576 45075 39 49 10 9
45148 637 45133 14 15 1 0
45213 1264 45137 66 76 10 0
45237 6042 38999 132 6238 6106 3941
45246 6808 43836 86 1410 1324 0
45261 8685 45189 63 72 9 0
45287 1889 45271 16 16 0 0
45295 5122 45256 27 39 12 6
45344 3419 44271 151 1073 922 0
45451 4112 45360 86 91 5 1
45598 1281 44780 30 818 788 775
45606 3497 45578 21 28 7 7
45628 2007 45291 195 337 142 0
45659 2508 44885 30 774 744 744
45684 4195 45062 30 622 592 575
45743 8002 45702 30 41 11 0
45804 6736 45795 9 9 0 0
45827 4106 45740 65 87 22 17
45919 2441 45743 113 176 63 1
46001 8200 45806 181 195 14 0
46022 4052 6256 31 39766 39735 39697
46042 393 5695 141 40347 40206 40180
46045 46 45901 117 144 27 0
46103 4151 46091 12 12 0 0
46130 127 6892 104 39238 39134 20
46187 9465 6561 129 39626 39497 39470
46201 4000 6308 141 39893 39752 6
46229 8669 46180 41 49 8 6
46253 9831 7820 31 38433 38402 38336
46259 7055 46179 55 80 25 9
46317 5409 46298 19 19 0 0
46336 6621 46317 18 19 1 1
46370 8302 46232 101 138 37 0
46429 2812 46148 115 281 166 0
46455 1110 46447 8 8 0 0
46468 8507 46332 70 136 66 28
46599 1311 46593 6 6 0 0
46673 8960 46538 117 135 18 14
46698 8133 46681 17 17 0 0
46816 5006 46701 29 115 86 59
46861 1433 46632 213 229 16 0
46870 5944 46856 11 14 3 3
46920 387 46885 21 35 14 14
46944 3441 46909 16 35 19 12
46976 2842 9585 206 37391 37185 8
47027 9286 46920 79 107 28 25
47059 4729 47053 6 6 0 0
47090 5073 47035 54 55 1 0
47170 7646 47156 13 14 1 0
47195 5673 47142 50 53 3 0
47282 3287 8675 199 38607 38408 0
47310 6447 47294 14 16 2 2
47321 6421 47126 161 195 34 0
47334 7348 47292 41 42 1 0
47443 1752 47428 15 15 0 0
47517 5983 47307 30 210 180 118
47574 310 47573 1 1 0 0
47582 2321 47576 6 6 0 0
47660 163 47616 25 44 19 2
47686 3812 47489 129 197 68 0
47688 8826 47666 21 22 1 1
47752 3926 47733 19 19 0 0
47781 9540 10345 123 37436 37313 59
47836 3011 10680 70 37156 37086 37026
47869 4431 11887 31 35982 35951 35934
47883 9497 47765 96 118 22 0
47933 8607 47920 9 13 4 4
47997 3630 47843 64 154 90 41
47998 8918 47937 58 61 3 0
48016 124 47917 67 99 32 0
48112 5519 48109 3 3 0 0
48116 9158 48004 27 112 85 68
48123 7227 48085 25 38 13 8
48142 7161 47965 146 177 31 0
48149 3116 48136 13 13 0 0
48237 1678 48075 153 162 9 0
48249 7354 48144 97 105 8 6
48310 3871 48241 49 69 20 0
48449 5999 47996 90 453 363 21
48505 6595 48473 14 32 18 14
48521 5901 48409 64 112 48 11
48563 5020 48533 19 30 11 11
48588 5922 48567 21 21 0 0
48613 9203 48586 24 27 3 3
48700 1933 48587 84 113 29 27
48707 3224 48168 30 539 509 488
48763 4923 12080 72 36683 36611 9
48787 1576 48778 9 9 0 0
48850 7207 12188 31 36662 36631 36631
48929 4920 48691 223 238 15 0
49081 9405 12274 108 36807 36699 0
49189 7260 49142 45 47 2 0
49256 1303 49057 130 199 69 2
49270 639 49171 68 99 31 2
49281 7463 49264 14 17 3 0
49298 520 48950 112 348 236 0
49354 3806 49345 9 9 0 0
49378 8559 12184 210 37194 36984 0
49405 2427 49157 161 248 87 0
49424 2498 49314 103 110 7 0
49434 8251 49060 87 374 287 275
49502 545 49069 62 433 371 0
49525 378 49092 29 433 404 400
49600 1946 49474 115 126 11 4
49639 1498 49629 10 10 0 0
49645 6955 14428 135 35217 35082 2
49653 5074 49588 56 65 9 3
49695 4927 49591 69 104 35 28
49726 6597 49719 7 7 0 0
49731 7130 49715 10 16 6 2
49740 8058 49600 25 140 115 101
49781 9131 49747 32 34 2 0
49805 331 49477 281 328 47 7
49812 261 49755 56 57 1 0
49878 4089 13805 147 36073 35926 35754
49910 3372 14758 31 35152 35121 35114
49951 3324 14832 118 35119 35001 0
50028 5773 49991 35 37 2 0
50031 8776 49960 61 71 10 9
50050 5893 50007 34 43 9 0
50162 5250 50155 7 7 0 0
50180 6733 50054 98 126 28 0
50185 582 50105 74 80 6 5
50198 3990 15214 95 34984 34889 0
50262 9212 50195 56 67 11 4
50281 767 50278 3 3 0 0
50284 4386 50197 60 87 27 20
50385 5719 50383 2 2 0 0
50415 1681 50334 80 81 1 0
50432 2516 50421 11 11 0 0
50442 1954 50200 136 242 106 25
50451 6761 50174 109 277 168 111
50491 541 50488 3 3 0 0
50509 7404 50492 17 17 0 0
50517 2665 50491 18 26 8 8
50528 5281 50496 18 32 14 14
50549 7678 50120 214 429 215 12
50558 9234 50388 90 170 80 78
50580 7110 50081 28 499 471 469
50768 4964 50559 184 209 25 0
50837 7948 50175 219 662 443 11
50854 6132 50685 74 169 95 94
50905 1974 50147 30 758 728 718
50921 4938 50903 17 18 1 0
50933 5310 50903 18 30 12 10
51057 3106 51044 13 13 0 0
51060 4618 51051 8 9 1 1
51085 1413 51083 2 2 0 0
51087 3326 51048 25 39 14 13
51098 9226 50987 76 111 35 9
51115 3565 51109 6 6 0 0
51133 8358 50878 141 255 114 0
51181 8011 51168 12 13 1 0
51189 2884 51040 114 149 35 2
51246 8480 50499 100 747 647 453
51375 4241 51298 64 77 13 12
51399 2742 51353 27 46 19 19
51463 9282 51162 82 301 219 33
51492 3759 51450 32 42 10 9
51559 1061 51499 58 60 2 0
51573 3101 50964 30 609 579 559
51578 1797 51013 171 565 394 0
51704 4876 51609 77 95 18 17
51727 7356 51669 28 58 30 0
51773 1874 51571 182 202 20 3
51806 2375 16456 134 35350 35216 0
51840 739 16518 90 35322 35232 35228
51851 1490 51846 5 5 0 0
51854 6993 15657 264 36197 35933 0
51863 4830 51783 73 80 7 0
51886 9002 51873 12 13 1 0
51898 8808 51889 9 9 0 0
51944 9623 51901 42 43 1 0
52011 7006 17001 31 35010 34979 34979
52017 6947 52008 9 9 0 0
52028 4353 52011 10 17 7 7
52040 8125 52029 10 11 1 1
52064 9634 51872 132 192 60 0
52093 72 17480 198 34613 34415 5
52108 8819 52091 13 17 4 3
52129 9013 52118 11 11 0 0
52164 7120 52039 103 125 22 0
52182 3016 52180 2 2 0 0
52255 6032 52135 25 120 95 59
52321 8085 52276 23 45 22 18
52338 3416 52011 117 327 210 1
52432 8646 52350 69 82 13 0
52464 3625 52319 57 145 88 50
52532 4578 52342 116 190 74 53
52574 901 52327 99 247 148 0
52607 2237 52472 123 135 12 0
52723 3054 52499 118 224 106 0
52749 3674 52659 77 90 13 7
52940 3872 52842 77 98 21 2
52963 4198 52961 2 2 0 0
52992 9083 52843 79 149 70 5
53011 3692 53004 7 7 0 0
53013 7579 52924 24 89 65 51
53058 2696 52964 54 94 40 0
53074 2849 52938 24 136 112 62
53099 9833 53088 11 11 0 0
53116 4850 53031 76 85 9 4
53163 6482 53155 8 8 0 0
53207 3294 53086 79 121 42 0
53273 2625 52680 58 593 535 464
53302 2267 17785 48 35517 35469 1
53328 4485 52850 185 478 293 0
53339 866 18160 31 35179 35148 35148
53383 3673 53354 26 29 3 0
53410 409 53408 2 2 0 0
53417 3972 18032 270 35385 35115 5
53422 9120 53415 5 7 2 2
53439 8144 53428 11 11 0 0
53443 8191 53437 6 6 0 0
53471 711 53340 121 131 10 0
53497 8582 53373 77 124 47 2
53524 250 53505 13 19 6 6
53527 1663 53514 12 13 1 1
53563 9832 53370 122 193 71 0
53621 2243 53538 48 83 35 4
53678 6546 53464 175 214 39 0
53744 5228 53638 86 106 20 0
53789 7647 53470 30 319 289 10
53828 1304 53535 234 293 59 0
53893 5913 53861 23 32 9 9
53957 2754 53954 3 3 0 0
53965 2907 53703 202 262 60 0
54050 9871 54029 21 21 0 0
54145 2865 54068 72 77 5 0
54156 4185 54013 42 143 101 72
54165 5443 54094 57 71 14 0
54228 4176 54177 49 51 2 0
54258 1661 54095 109 163 54 0
54276 7326 54255 17 21 4 4
54285 4212 54199 65 86 21 0
54346 3006 54280 59 66 7 6
54361 9200 53697 105 664 559 0
54416 6195 54136 183 280 97 21
54478 1041 54393 45 85 40 0
54501 3881 54446 54 55 1 0
54553 2329 54534 13 19 6 2
54574 9001 54571 3 3 0 0
54598 7547 54512 17 86 69 42
54631 8429 54496 80 135 55 3
54674 1184 54673 1 1 0 0
54674 4421 54657 17 17 0 0
54691 7030 54654 22 37 15 1
54748 9861 54738 10 10 0 0
54752 9089 54565 84 187 103 0
54854 6505 54684 51 170 119 49
54873 5419 54284 209 589 380 0
54884 8614 54873 11 11 0 0
54961 3001 54714 171 247 76 0
55075 7342 55031 43 44 1 0
55088 3120 55072 16 16 0 0
55093 6237 54832 183 261 78 0
55096 7049 55020 58 76 18 7
55127 7746 54951 77 176 99 30
55144 1491 55073 20 71 51 51
55170 2491 55076 24 94 70 69
55264 4326 55033 49 231 182 181
55269 2965 55256 12 13 1 0
55280 300 54884 63 396 333 10
55296 9396 55263 17 33 16 7
55356 8256 55271 65 85 20 0
55361 7630 54555 39 806 767 0
55381 9738 55045 73 336 263 262
55523 8989 55511 12 12 0 0
55529 1123 55499 28 30 2 0
55562 951 54698 141 864 723 0
55637 2143 54892 154 745 591 530
55688 1020 55678 8 10 2 2
55710 4495 54518 166 1192 1026 26
55754 8632 54672 98 1082 984 0
55755 8246 55688 66 67 1 0
55771 8578 55706 63 65 2 0
55832 7905 55823 9 9 0 0
55895 3795 55847 42 48 6 0
55942 7766 55938 4 4 0 0
55948 7995 55859 64 89 25 0
55970 2888 55962 7 8 1 0
56034 8185 56020 12 14 2 2
56065 7843 55933 62 132 70 68
56147 126 56069 74 78 4 0
56180 8366 55982 113 198 85 0
56238 931 56224 14 14 0 0
56301 2554 56089 24 212 188 185
56487 6260 56475 12 12 0 0
56526 1757 56514 12 12 0 0
56539 8572 56532 7 7 0 0
56544 2559 56540 4 4 0 0
56638 8359 56636 2 2 0 0
56713 2417 56709 4 4 0 0
56733 623 56075 93 658 565 554
56835 556 56834 1 1 0 0
56878 1650 56848 22 30 8 8
56902 1822 56759 83 143 60 34
56948 8543 56945 3 3 0 0
56965 334 56675 183 290 107 0
56984 7984 56759 170 225 55 0
57062 8038 57049 13 13 0 0
57069 9370 56837 152 232 80 7
57121 1444 57091 19 30 11 8
57131 908 57060 69 71 2 0
57191 665 57168 23 23 0 0
57200 4273 57073 93 127 34 0
57213 1462 57197 12 16 4 4
57244 4725 56665 199 579 380 16
57350 1756 57238 109 112 3 0
57453 2028 57381 26 72 46 43
57496 8758 57183 149 313 164 0
57543 2183 57535 8 8 0 0
57552 3667 18891 198 38661 38463 38364
57563 3139 57558 5 5 0 0
57603 7280 57304 90 299 209 4
57641 2327 57639 2 2 0 0
57645 9006 19135 31 38510 38479 38469
57655 6239 57637 13 18 5 5
57665 3648 57467 156 198 42 0
57736 1352 19381 83 38355 38272 38232
57763 7424 57717 45 46 1 0
57845 5059 57692 124 153 29 0
57909 4115 57871 17 38 21 15
57932 9317 57876 54 56 2 0
58017 8379 57863 75 154 79 0
58184 593 57887 161 297 136 0
58210 4461 58046 115 164 49 0
58239 8537 58011 160 228 68 21
58251 5982 58069 70 182 112 0
58331 7024 58182 95 149 54 3
58390 2971 58023 29 367 338 337
58435 225 58322 29 113 84 69
58466 5903 58042 117 424 307 0
58521 8663 58475 24 46 22 14
58543 8326 58542 1 1 0 0
58547 8886 57938 178 609 431 350
58560 9488 58536 21 24 3 0
58604 4606 58590 14 14 0 0
58649 1176 58612 36 37 1 0
58652 5321 58493 51 159 108 0
58669 2208 58583 47 86 39 27
58677 4754 57381 236 1296 1060 111
58701 4682 58700 1 1 0 0
58729 6435 58684 23 45 22 4
58736 2182 58571 62 165 103 82
58743 5865 58731 12 12 0 0
58751 4829 58690 51 61 10 0
58795 779 58534 73 261 188 144
58836 4470 58737 67 99 32 15
58959 2139 57550 302 1409 1107 0
58967 5277 58930 20 37 17 17
58989 3877 58828 79 161 82 0
59023 2524 58743 30 280 250 247
59035 4685 58869 144 166 22 0
59051 138 58843 95 208 113 0
59196 2069 59053 133 143 10 0
59227 6528 59158 23 69 46 25
59396 8034 59276 58 120 62 46
59412 506 59149 104 263 159 32
59414 7589 20012 226 39402 39176 39080
59419 9592 59416 3 3 0 0
59443 1125 20320 232 39123 38891 38819
59499 7822 59201 58 298 240 0
59519 9697 59486 32 33 1 0
59527 1419 59190 101 337 236 0
59572 1819 59506 43 66 23 22
59600 2013 59544 48 56 8 7
59651 7243 59587 47 64 17 14
59665 4380 59587 45 78 33 0
59779 1955 59526 175 253 78 8
59802 2715 59505 98 297 199 0
59830 8464 59813 17 17 0 0
59857 14 59788 66 69 3 2
59964 9866 59622 101 342 241 138
59984 7081 59884 48 100 52 4
60043 9358 59920 74 123 49 12
60072 6746 60060 12 12 0 0
60125 1448 60122 3 3 0 0
60135 160 59960 170 175 5 0
60136 8930 60131 5 5 0 0
60177 6336 60099 42 78 36 15
60186 1970 59867 190 319 129 13
60221 4275 60201 20 20 0 0
60271 703 60264 7 7 0 0
60278 4108 60229 20 49 29 3
60316 1912 60303 13 13 0 0
60331 1290 60295 18 36 18 18
60343 6586 60234 97 109 12 2
60382 9729 60233 115 149 34 0
60402 3250 60271 22 131 109 88
60409 2319 60374 33 35 2 1
60421 6084 60121 99 300 201 0
60448 2483 60273 88 175 87 0
60471 3996 60453 18 18 0 0
60504 6445 60364 81 140 59 0
60565 4565 60472 80 93 13 0
60680 178 60289 70 391 321 28
60694 4022 60468 30 226 196 192
60698 7834 60247 118 451 333 0
60713 9602 60077 239 636 397 372
60772 7729 60720 51 52 1 0
60838 6402 60609 205 229 24 2
60881 5139 21403 133 39478 39345 35
60922 2170 60915 7 7 0 0
60948 1122 60943 5 5 0 0
60956 9772 20337 252 40619 40367 269
60980 9545 60750 174 230 56 0
61042 9571 61037 5 5 0 0
61074 258 60985 85 89 4 0
61149 4871 60968 157 181 24 0
61185 7452 61168 14 17 3 3
61196 2018 61177 14 19 5 4
61255 3447 61213 18 42 24 24
61266 2813 61242 21 24 3 3
61330 5612 61276 53 54 1 0
61380 2119 61242 66 138 72 14
61446 1236 61378 21 68 47 23
61474 1692 61410 60 64 4 0
61503 3524 61378 93 125 32 0
61532 4178 61381 108 151 43 0
61605 8961 61566 21 39 18 0
61663 5708 61652 11 11 0 0
61767 5115 61675 88 92 4 1
61791 8520 61703 77 88 11 0
61813 6999 61805 8 8 0 0
61865 2400 61857 8 8 0 0
61866 4734 61796 68 70 2 0
61876 9437 61868 8 8 0 0
61912 5940 61535 166 377 211 0
61977 1575 61940 22 37 15 14
61990 9672 61989 1 1 0 0
61992 4238 61987 5 5 0 0
62008 1237 61797 149 211 62 37
62047 5997 62025 16 22 6 0
62075 5 62062 12 13 1 0
62101 9527 62083 17 18 1 0
62181 6805 61952 160 229 69 0
62223 1124 62016 160 207 47 24
62282 1726 62005 142 277 135 13
62351 7405 62280 70 71 1 0
62355 6691 62337 17 18 1 0
62362 753 62347 10 15 5 5
62436 9397 62365 21 71 50 50
62507 6040 62441 64 66 2 0
62509 1751 62389 103 120 17 1
62564 7977 62301 168 263 95 0
62603 4203 62400 113 203 90 0
62608 4493 62578 22 30 8 3
62641 9550 62629 9 12 3 3
62670 4306 62660 10 10 0 0
62713 9553 62616 76 97 21 0
62729 9663 62377 79 352 273 6
62762 752 62725 21 37 16 6
62789 1439 62529 204 260 56 0
62815 6303 62644 136 171 35 14
62865 7469 62644 170 221 51 0
62897 3028 62866 23 31 8 1
62934 5753 62915 17 19 2 2
62942 4174 62928 14 14 0 0
62963 5596 62954 9 9 0 0
62982 2435 62221 208 761 553 200
63004 4806 62906 23 98 75 73
63112 9291 63025 57 87 30 21
63133 1664 63012 100 121 21 0
63168 1475 63135 26 33 7 7
63202 8232 63124 45 78 33 0
63252 2844 63225 13 27 14 3
63368 7166 63343 23 25 2 1
63405 5302 63343 20 62 42 42
63413 5530 63407 6 6 0 0
63424 1999 63359 51 65 14 13
63470 9575 63463 7 7 0 0
63595 7777 63529 40 66 26 0
63638 4483 63213 234 425 191 0
63643 8086 63628 15 15 0 0
63661 5392 63274 101 387 286 29
63717 440 63689 23 28 5 1
63742 3272 63697 34 45 11 10
63775 8875 63649 123 126 3 0
63818 8064 63229 175 589 414 0
63954 3865 63935 19 19 0 0
63966 5955 63948 11 18 7 7
63991 2050 63960 30 31 1 0
64005 7252 63427 255 578 323 67
64007 8018 64004 3 3 0 0
64016 9641 64015 1 1 0 0
64018 720 63974 19 44 25 0
64137 5445 64120 17 17 0 0
64142 394 64129 12 13 1 1
64282 8482 63975 181 307 126 0
64328 2271 64196 121 132 11 0
64355 2851 64339 10 16 6 0
64435 9824 64360 62 75 13 3
64442 7951 64390 50 52 2 0
64452 3213 64258 107 194 87 0
64468 5626 64465 3 3 0 0
64474 9205 64237 144 237 93 10
64478 9750 64470 8 8 0 0
64516 5131 64487 22 29 7 7
64560 729 64503 54 57 3 2
64639 9596 64628 11 11 0 0
64643 7753 64630 13 13 0 0
64675 8716 64666 9 9 0 0
64681 9828 64606 72 75 3 0
64782 7503 64697 68 85 17 5
64788 9022 64232 29 556 527 514
64800 1235 64777 17 23 6 6
64805 1259 64787 16 18 2 2
64821 9949 64602 58 219 161 136
64856 5674 64832 21 24 3 3
64873 3234 64815 54 58 4 0
64884 7797 64873 11 11 0 0
64913 4003 64774 68 139 71 32
64939 534 64906 25 33 8 8
64977 2757 64861 95 116 21 0
65091 8103 65084 7 7 0 0
65155 2410 65067 86 88 2 0
65206 5379 64885 29 321 292 292
65260 2581 65099 127 161 34 0
65266 3964 65140 75 126 51 0
65294 8755 65284 10 10 0 0
65364 3197 65266 90 98 8 0
65407 1922 65406 1 1 0 0
65469 1215 65412 24 57 33 26
65485 8924 65467 15 18 3 3
65491 6158 65471 15 20 5 5
65569 2103 65554 14 15 1 0
65634 4636 65406 174 228 54 7
65646 4803 65562 23 84 61 61
65679 1770 65510 141 169 28 0
65724 1994 65615 106 109 3 0
65750 3918 64240 212 1510 1298 8
65784 1758 65603 61 181 120 84
65799 7703 65784 9 15 6 1
65823 2733 65761 45 62 17 10
65826 6077 65823 3 3 0 0
65862 5942 65861 1 1 0 0
65884 3950 65713 72 171 99 0
65909 6003 65559 48 350 302 1
65974 7464 65904 68 70 2 0
65990 4415 65925 63 65 2 0
66117 9679 66084 21 33 12 12
66213 6384 66162 25 51 26 12
66253 737 66192 55 61 6 0
66298 8368 66147 70 151 81 0
66394 8523 66245 77 149 72 0
66491 5384 66478 13 13 0 0
66536 9281 66480 53 56 3 1
66540 8136 66492 19 48 29 17
66555 9065 62923 182 3632 3450 127
66565 5201 66542 23 23 0 0
66640 5538 64295 30 2345 2315 2311
66647 8779 66525 112 122 10 0
66656 4463 66628 12 28 16 13
66740 8145 66720 19 20 1 0
66751 5937 64063 168 2688 2520 2388
66887 7308 66757 115 130 15 0
66909 2177 66662 26 247 221 213
66943 5514 66659 155 284 129 0
66970 2663 66661 26 309 283 199
67023 9532 66973 49 50 1 0
67064 8039 67009 50 55 5 0
67107 174 67099 8 8 0 0
67108 2092 67042 63 66 3 0
67177 4534 67164 13 13 0 0
67230 9807 67229 1 1 0 0
67249 9184 67234 15 15 0 0
67260 7395 67183 74 77 3 0
67413 9806 67401 12 12 0 0
67519 3047 67483 22 36 14 14
67608 2337 64894 133 2714 2581 2561
67625 1590 67584 21 41 20 19
67688 6091 65760 183 1928 1745 0
67693 9418 66912 78 781 703 3
67768 3196 67698 62 70 8 3
67816 7254 67736 69 80 11 0
67876 109 67163 262 713 451 9
67899 8092 67888 11 11 0 0
67901 5085 67650 117 251 134 0
67939 7598 67892 21 47 26 10
67976 4758 67959 17 17 0 0
68051 8474 68020 25 31 6 6
68066 6190 68059 7 7 0 0
68067 3928 66991 166 1076 910 11
68099 5158 68086 10 13 3 3
68120 6050 68117 3 3 0 0
68200 7253 68137 52 63 11 4
68272 2484 67790 72 482 410 150
68300 6850 67846 257 454 197 0
68354 8498 68118 83 236 153 143
68367 4546 68341 25 26 1 0
68371 5166 68360 11 11 0 0
68390 8100 68194 61 196 135 0
68520 8746 68488 20 32 12 0
68576 9178 68248 279 328 49 0
68627 9837 68624 3 3 0 0
68653 7446 68621 30 32 2 0
68653 7794 68375 146 278 132 5
68673 3141 68650 19 23 4 4
68732 2482 68636 76 96 20 1
68746 3302 68498 50 248 198 28
68817 8730 68703 107 114 7 0
68831 9743 68495 88 336 248 179
68865 4911 68088 28 777 749 749
68900 1218 68868 18 32 14 5
69026 6632 68998 22 28 6 0
69031 2487 68119 169 912 743 2
69060 6798 69055 5 5 0 0
69069 3228 68540 48 529 481 0
69098 8925 69080 17 18 1 1
69126 690 69073 23 53 30 30
69226 4390 68100 76 1126 1050 4
69299 9460 68119 58 1180 1122 7
69318 497 69246 71 72 1 0
69328 1962 68418 128 910 782 0
69343 741 69191 123 152 29 0
69374 5432 69352 21 22 1 0
69385 3121 68561 29 824 795 786
69453 7220 68564 101 889 788 2
69476 6273 69460 16 16 0 0
69554 7327 69532 21 22 1 0
69636 4602 69606 23 30 7 7
69711 3522 69543 25 168 143 136
69732 6314 69722 9 10 1 0
69752 9404 68162 252 1590 1338 0
69802 6097 69794 8 8 0 0
69835 8001 69756 78 79 1 0
69863 3051 69816 46 47 1 0
69869 4999 69783 81 86 5 1
69933 5305 69914 19 19 0 0
69990 6366 69490 243 500 257 0
70026 5711 69938 54 88 34 0
70075 7019 70035 18 40 22 21
70136 5602 69987 129 149 20 0
70162 9061 70141 13 21 8 8
70241 660 70106 66 135 69 0
70283 4192 70077 78 206 128 111
70315 9449 70192 116 123 7 0
70331 3142 70110 105 221 116 2
70369 5387 68750 71 1619 1548 0
70442 4033 70436 6 6 0 0
70448 1790 70413 20 35 15 7
70465 8633 70340 84 125 41 30
70549 9112 70352 163 197 34 6
70587 8056 70565 15 22 7 7
70620 9503 70449 77 171 94 27
70652 5227 70527 75 125 50 0
70798 9872 70722 56 76 20 18
70901 2370 70835 27 66 39 34
70953 8321 68889 173 2064 1891 4
70990 74 70931 58 59 1 0
71142 2748 70943 49 199 150 0
71177 1004 70970 86 207 121 46
71191 6672 70926 189 265 76 0
71217 5621 71071 70 146 76 0
71223 1753 71101 72 122 50 42
71236 4906 71204 27 32 5 0
71293 6295 71271 19 22 3 0
71350 7597 67319 210 4031 3821 0
71355 3292 71350 5 5 0 0
71374 112 71234 133 140 7 3
71404 882 71350 29 54 25 25
71469 7548 71230 110 239 129 84
71501 9300 71473 27 28 1 0
71593 4388 71492 70 101 31 4
71651 3765 71475 57 176 119 0
71672 7761 71667 5 5 0 0
71763 8768 71730 24 33 9 9
71789 4840 68540 192 3249 3057 6
71873 5858 69966 263 1907 1644 0
71874 2010 70378 30 1496 1466 1465
71898 6031 71810 81 88 7 6
71926 2515 71834 57 92 35 0
71975 5044 71974 1 1 0 0
72013 7958 71845 112 168 56 9
72064 2708 72020 34 44 10 9
72072 8134 71958 61 114 53 0
72099 8479 70557 67 1542 1475 2
72134 2752 71932 27 202 175 168
72172 6698 72122 24 50 26 17
72284 8048 72188 84 96 12 0
72295 1119 72172 70 123 53 14
72300 1357 72295 5 5 0 0
72348 6963 72292 26 56 30 30
72364 2125 72133 67 231 164 0
72369 5343 72112 203 257 54 14
72393 807 72027 120 366 246 198
72401 8374 72399 2 2 0 0
72411 2278 72391 17 20 3 3
72443 732 72306 116 137 21 0
72510 5900 72500 10 10 0 0
72516 7816 72495 15 21 6 3
72581 3585 72403 77 178 101 77
72624 2563 72395 159 229 70 49
72685 9466 72562 109 123 14 0
72803 3043 72751 51 52 1 0
72806 2455 72719 58 87 29 0
72824 438 72745 69 79 10 2
72928 3408 72756 136 172 36 8
72940 2557 72934 6 6 0 0
72944 5847 72874 54 70 16 4
72953 1348 72853 83 100 17 3
72992 7168 72820 106 172 66 5
73020 7439 72880 58 140 82 0
73042 8591 73012 22 30 8 0
73149 1779 73130 13 19 6 6
73165 4811 73164 1 1 0 0
73199 4324 72941 187 258 71 0
73205 7363 73107 22 98 76 43
73223 3885 73110 71 113 42 0
73284 4126 73123 153 161 8 2
73357 8656 73234 99 123 24 14
73367 5630 73308 36 59 23 11
73435 351 73362 26 73 47 47
73440 3414 73388 51 52 1 0
73559 9751 73503 22 56 34 34
73576 2411 73555 16 21 5 5
73628 563 73602 21 26 5 4
73651 6354 73489 114 162 48 0
73739 6787 73738 1 1 0 0
73766 2599 73626 129 140 11 3
73790 7628 73754 22 36 14 4
73804 7904 73454 177 350 173 0
73830 6992 73781 25 49 24 24
73942 9678 73545 167 397 230 66
73969 9671 73891 67 78 11 4
73998 2252 73902 90 96 6 3
74063 8328 71253 105 2810 2705 0
74108 6682 74062 45 46 1 0
74117 8965 74026 55 91 36 3
74133 9476 74123 10 10 0 0
74154 6509 74143 11 11 0 0
74246 6487 74227 16 19 3 3
74274 5038 74269 5 5 0 0
74338 9655 74330 8 8 0 0
74350 430 72789 234 1561 1327 2
74386 5270 73037 101 1349 1248 1148
74424 4469 73662 165 762 597 585
74502 8427 74445 56 57 1 0
74514 3691 74432 72 82 10 0
74541 283 74530 11 11 0 0
74577 5693 74538 27 39 12 12
74585 5587 74504 70 81 11 0
74656 9533 74398 208 258 50 5
74677 653 74667 10 10 0 0
74748 8689 74738 10 10 0 0
74882 1429 74778 68 104 36 0
74886 7468 74862 17 24 7 7
74916 3127 74286 86 630 544 490
74922 2638 74909 13 13 0 0
75039 2184 75020 13 19 6 6
75041 5113 74908 97 133 36 34
75050 3521 74917 57 133 76 45
75109 7713 75040 60 69 9 0
75111 4242 74821 25 290 265 191
75125 6531 75044 36 81 45 0
75140 4139 75014 107 126 19 0
75166 6986 74900 121 266 145 102
75203 1077 75176 19 27 8 8
75321 8259 75308 13 13 0 0
75341 7284 75162 91 179 88 0
75357 2118 75229 110 128 18 0
75380 4992 75331 23 49 26 11
75405 3026 75397 8 8 0 0
75473 9710 75455 18 18 0 0
75563 1487 75218 126 345 219 0
75610 642 75492 98 118 20 0
75642 2631 75631 11 11 0 0
75702 5966 75686 13 16 3 3
76006 2096 75998 8 8 0 0
76094 8160 75224 50 870 820 798
76108 2932 74863 141 1245 1104 0
76183 8900 75308 60 875 815 759
76215 1886 75377 125 838 713 4
76318 3645 76294 20 24 4 0
76332 70 76275 54 57 3 2
76364 6660 76075 180 289 109 0
76381 7507 76230 73 151 78 0
76388 3439 76370 16 18 2 2
76414 2229 76401 12 13 1 0
76502 5319 76316 159 186 27 8
76545 8802 76158 139 387 248 22
76583 7539 75182 90 1401 1311 22
76601 1153 75854 69 747 678 625
76701 4960 75575 83 1126 1043 654
76760 8446 76742 16 18 2 2
76891 6321 76803 29 88 59 55
76989 1157 76942 24 47 23 23
77067 7874 77063 4 4 0 0
77075 8307 77019 48 56 8 0
77101 6364 77078 21 23 2 2
77155 416 77061 25 94 69 61
77173 1986 76594 185 579 394 234
77221 833 77085 80 136 56 51
77234 9544 76943 186 291 105 0
77263 3777 77226 23 37 14 9
77290 2086 77284 6 6 0 0
77327 525 77164 51 163 112 103
77404 5552 77389 15 15 0 0
77438 3188 77225 157 213 56 0
77471 9762 71488 203 5983 5780 14
77488 7535 77460 16 28 12 0
77529 2245 77445 53 84 31 0
77598 255 77572 16 26 10 1
77730 2310 77683 35 47 12 1
77792 8340 77527 102 265 163 0
77844 8904 77788 55 56 1 0
77864 6604 77792 69 72 3 2
77900 6877 77543 179 357 178 117
77925 8905 77497 126 428 302 0
77949 7927 77924 23 25 2 2
77976 485 77554 133 422 289 0
78156 5035 77626 215 530 315 99
78157 780 77702 86 455 369 289
78174 5992 77605 206 569 363 82
78242 2552 78119 51 123 72 0
78364 9068 78291 66 73 7 0
78380 83 78376 4 4 0 0
78414 7244 78149 130 265 135 94
78507 4387 78506 1 1 0 0
78525 8009 78472 51 53 2 0
78598 28 78248 181 350 169 0
78705 7885 78618 75 87 12 9
78708 5793 78405 237 303 66 3
78733 346 78684 25 49 24 22
78773 3048 78757 14 16 2 2
78805 4863 78657 93 148 55 0
78818 622 78814 4 4 0 0
78874 6067 78864 10 10 0 0
78954 1702 78931 19 23 4 0
79097 507 73064 200 6033 5833 0
79197 6304 79168 22 29 7 7
79217 4298 79201 16 16 0 0
79258 1368 79107 131 151 20 6
79340 8620 79339 1 1 0 0
79489 6516 79238 217 251 34 10
79531 8239 79500 23 31 8 8
79565 8471 79557 8 8 0 0
79610 522 79187 139 423 284 118
79633 2927 79156 179 477 298 34
79661 3385 79577 69 84 15 0
79712 6461 79667 44 45 1 0
79747 2751 79733 14 14 0 0
79802 928 73514 140 6288 6148 699
79829 5747 75260 84 4569 4485 16
79847 3824 73956 143 5891 5748 9
79875 9626 79816 27 59 32 32
79906 4639 75434 189 4472 4283 0
80026 5543 75878 92 4148 4056 57
80084 5505 80049 22 35 13 13
80133 5657 76051 125 4082 3957 3933
80232 5373 76241 112 3991 3879 19
80249 8999 79890 281 359 78 17
80308 4902 80229 51 79 28 4
80385 1604 80334 50 51 1 0
80385 8342 76855 86 3530 3444 3437
80557 2564 77292 130 3265 3135 3065
80634 4615 80606 18 28 10 0
80696 3580 78397 30 2299 2269 2238
80754 4120 80741 13 13 0 0
80795 5825 80686 89 109 20 9
80840 3917 80778 57 62 5 0
80860 9181 80766 21 94 73 30
80879 9062 80760 108 119 11 0
80929 685 80922 7 7 0 0
80949 3837 80699 193 250 57 19
80969 206 80661 142 308 166 88
81009 7357 80641 57 368 311 0
81070 4312 81001 59 69 10 9
81092 5947 81003 74 89 15 0
81115 847 81096 16 19 3 3
81205 9723 81096 99 109 10 8
81268 1793 80872 199 396 197 0
81390 5929 81335 27 55 28 4
81444 5925 81318 86 126 40 0
81475 6328 81463 11 12 1 0
81506 4585 80671 199 835 636 0
81509 6818 81485 16 24 8 7
81528 9556 81464 52 64 12 0
81558 2933 81373 94 185 91 0
81675 1219 81395 156 280 124 0
81710 6654 81661 47 49 2 0
81777 8851 78934 125 2843 2718 17
81810 5096 81771 28 39 11 10
81823 923 81802 14 21 7 0
81856 2349 81849 7 7 0 0
81881 4571 81878 3 3 0 0
81895 2659 75789 208 6106 5898 0
81929 3391 76591 80 5338 5258 3680
81963 7415 81926 18 37 19 19
82026 9606 81959 66 67 1 0
82073 4748 81835 173 238 65 4
82078 8528 81900 140 178 38 10
82098 6049 81934 26 164 138 123
82120 7773 82049 69 71 2 0
82150 9879 82135 15 15 0 0
82168 6923 82079 62 89 27 12
82185 2388 77673 238 4512 4274 2775
82202 5462 82199 3 3 0 0
82318 9769 82248 56 70 14 0
82322 6312 82318 4 4 0 0
82386 998 82383 3 3 0 0
82426 8575 82421 5 5 0 0
82437 5431 82250 106 187 81 3
82479 9216 82294 24 185 161 161
82517 997 82506 10 11 1 0
82568 314 82464 55 104 49 5
82609 5229 82575 31 34 3 0
82646 8893 82506 51 140 89 78
82648 9728 82497 122 151 29 0
82663 9838 82593 34 70 36 0
82686 4537 82606 53 80 27 19
82726 4364 82621 26 105 79 66
82739 1431 82732 7 7 0 0
82873 5522 82700 161 173 12 0
82909 5296 82906 3 3 0 0
82942 3636 82762 87 180 93 68
83034 9618 83028 6 6 0 0
83039 6653 82781 28 258 230 229
83054 1830 82839 176 215 39 2
83148 3041 83081 65 67 2 0
83174 6973 80250 133 2924 2791 0
83204 1853 83170 33 34 1 0
83229 8733 83183 31 46 15 7
83275 190 83254 21 21 0 0
83290 6465 82246 72 1044 972 967
83398 8983 22944 31 60454 60423 60422
83415 5480 83399 15 16 1 0
83448 4777 23040 31 60408 60377 60336
83456 5796 83442 10 14 4 0
83465 9805 83429 35 36 1 0
83558 5698 83506 46 52 6 3
83580 7234 83382 157 198 41 0
83628 3762 83602 26 26 0 0
83662 5180 83468 163 194 31 14
83809 4274 83721 76 88 12 0
83841 9191 83823 16 18 2 2
83849 2921 83756 57 93 36 0
83904 7577 83633 229 271 42 0
83913 6169 83665 123 248 125 0
83940 5883 83892 25 48 23 22
83985 6564 83948 34 37 3 0
84048 4948 83743 124 305 181 162
84065 7971 84033 18 32 14 14
84138 5377 84131 7 7 0 0
84266 8526 84195 70 71 1 0
84393 7781 84258 110 135 25 13
84430 5388 84353 69 77 8 7
84441 8141 84408 32 33 1 0
84550 5648 84531 19 19 0 0
84598 8995 84317 45 281 236 184
84606 9331 84585 14 21 7 7
84666 2359 84130 168 536 368 264
84673 9329 83389 315 1284 969 0
84747 9840 84735 10 12 2 1
84772 1849 84762 10 10 0 0
84865 8455 84791 73 74 1 0
84865 5425 84756 86 109 23 0
84882 9778 84755 52 127 75 66
84930 5242 84853 64 77 13 0
84963 8411 84952 11 11 0 0
85092 304 84877 181 215 34 26
85116 4677 85008 96 108 12 0
85144 575 85143 1 1 0 0
85164 4743 85123 40 41 1 0
85215 6491 85102 50 113 63 50
85239 5434 84733 111 506 395 175
85295 4427 85201 82 94 12 0
85322 8680 84847 26 475 449 449
85350 8119 85344 6 6 0 0
85377 2368 85115 48 262 214 2
85403 6363 85272 114 131 17 0
85416 5013 84746 28 670 642 625
85444 1371 85232 190 212 22 8
85490 65 84913 125 577 452 0
85503 3315 84810 87 693 606 0
85520 4697 85502 18 18 0 0
85550 2917 84979 152 571 419 5
85615 9526 85609 6 6 0 0
85632 7576 85584 21 48 27 8
85651 4822 85584 66 67 1 0
85665 4613 84673 211 992 781 1
85683 5212 85255 126 428 302 0
85696 8184 85584 110 112 2 0
85715 6412 85711 4 4 0 0
85790 8943 23133 182 62657 62475 177
85794 6234 85732 61 62 1 0
85854 5874 85815 23 39 16 10
85930 4046 85920 10 10 0 0
85968 2011 85773 171 195 24 7
86032 7820 86008 13 24 11 11
86055 3534 85877 116 178 62 0
86073 1855 86056 17 17 0 0
86087 7765 24756 49 61331 61282 0
86119 6791 24975 140 61144 61004 0
86184 9604 86131 51 53 2 0
86269 8684 86250 18 19 1 1
86275 3537 26199 141 60076 59935 33
86303 4506 26522 85 59781 59696 59669
86335 1717 86312 21 23 2 2
86354 4200 86262 45 92 47 14
86418 5144 86343 56 75 19 14
86422 9732 86291 23 131 108 107
86432 7221 86423 8 9 1 0
86485 7350 86328 57 157 100 79
86539 143 86479 24 60 36 16
86545 5230 86298 164 247 83 0
86673 6449 86447 144 226 82 1
86684 8090 86639 34 45 11 10
86753 6543 86693 54 60 6 0
86768 3929 86566 60 202 142 141
86840 5391 86592 83 248 165 128
86859 4616 86837 19 22 3 0
86965 260 86933 25 32 7 7
87107 3924 87093 14 14 0 0
87145 950 86973 122 172 50 48
87207 2146 87173 19 34 15 0
87265 4931 87242 22 23 1 0
87270 8631 87130 132 140 8 0
87300 3055 87074 29 226 197 197
87318 8586 87308 10 10 0 0
87331 7341 86768 159 563 404 7
87405 8939 87329 61 76 15 9
87420 9135 87400 18 20 2 2
87444 5868 87410 23 34 11 11
87528 6641 87357 162 171 9 6
87537 2299 87430 101 107 6 0
87619 8396 87605 14 14 0 0
87628 99 87539 80 89 9 0
87645 1843 86450 30 1195 1165 1133
87712 9220 87686 25 26 1 0
87736 5135 87729 7 7 0 0
87794 668 87786 8 8 0 0
87810 1198 87159 86 651 565 554
87826 3791 87825 1 1 0 0
87851 5737 87587 76 264 188 165
87870 4450 87768 99 102 3 0
87895 4732 26689 43 61206 61163 61094
87923 8805 87835 80 88 8 0
87982 476 26597 119 61385 61266 61175
87993 210 87928 60 65 5 4
88008 967 87996 12 12 0 0
88039 8649 87980 22 59 37 3
88054 8536 87999 38 55 17 0
88083 4713 88072 11 11 0 0
88121 7421 87976 27 145 118 117
88171 7449 88055 109 116 7 0
88262 6979 88014 241 248 7 0
88267 8418 88254 10 13 3 3
88294 4 88155 77 139 62 48
88318 8454 88053 93 265 172 13
88408 8169 88354 51 54 3 0
88485 3377 88377 79 108 29 24
88539 4361 88512 16 27 11 11
88561 629 88392 138 169 31 17
88589 5252 88559 29 30 1 0
88613 181 88538 55 75 20 0
88701 8742 88623 72 78 6 0
88706 9053 88692 10 14 4 4
88725 5356 88676 21 49 28 26
88734 3915 88716 13 18 5 5
88757 2250 88277 152 480 328 96
88795 338 88368 180 427 247 1
88804 8576 88771 18 33 15 15
88845 756 88826 18 19 1 0
88883 1151 88880 3 3 0 0
89041 8424 88887 97 154 57 17
89067 56 88757 236 310 74 0
89075 3538 89040 34 35 1 0
89095 605 88971 113 124 11 0
89116 5701 89084 31 32 1 0
89137 5609 89089 22 48 26 18
89142 2769 88967 25 175 150 150
89277 7345 89276 1 1 0 0
89279 3039 89132 115 147 32 6
89283 5355 89176 100 107 7 5
89293 5950 89212 79 81 2 0
89310 6495 89286 17 24 7 7
89337 3581 89079 56 258 202 163
89352 2434 89342 10 10 0 0
89354 9839 89333 14 21 7 5
89369 5622 89056 27 313 286 177
89460 2304 89430 19 30 11 7
89477 1729 88935 133 542 409 67
89482 4756 89389 79 93 14 0
89570 8395 89524 42 46 4 0
89608 9789 89447 125 161 36 4
89647 791 89640 7 7 0 0
89668 8618 89606 57 62 5 0
89707 9693 89386 132 321 189 33
89746 8655 89558 116 188 72 3
89867 7325 89663 168 204 36 0
89982 8126 89878 71 104 33 4
89992 5634 89921 56 71 15 3
90000 6704 89967 21 33 12 2
90039 7323 90038 1 1 0 0
90045 3466 89741 118 304 186 6
90061 5206 89872 164 189 25 0
90094 8241 90002 25 92 67 67
90180 8892 90037 112 143 31 16
90226 2380 89696 85 530 445 2
90241 6452 90215 16 26 10 10
90245 2227 90063 149 182 33 0
90307 9252 90176 118 131 13 5
90369 6307 90332 36 37 1 0
90378 2298 90345 18 33 15 9
90447 5341 90347 73 100 27 0
90506 8167 89913 45 593 548 364
90541 3195 90415 122 126 4 0
90565 1947 90519 23 46 23 23
90591 8193 90121 89 470 381 367
90657 9125 90547 78 110 32 7
90668 152 90575 70 93 23 17
90674 7818 90671 3 3 0 0
90724 2655 89230 28 1494 1466 1371
90754 6901 90608 129 146 17 0
90792 1334 90709 75 83 8 0
90886 8293 89471 190 1415 1225 7
90895 405 90710 145 185 40 3
90918 9651 90844 50 74 24 22
90934 4838 90870 63 64 1 0
90945 9522 90291 80 654 574 0
90960 390 90957 3 3 0 0
90974 386 90154 76 820 744 742
90990 8083 90967 15 23 8 8
91024 2202 89042 29 1982 1953 1904
91047 7768 91038 9 9 0 0
91091 9406 91063 27 28 1 0
91117 1928 91114 3 3 0 0
91147 1380 88919 125 2228 2103 0
91207 9052 91005 106 202 96 13
91210 3032 91192 17 18 1 1
91252 8676 91229 23 23 0 0
91277 735 91206 66 71 5 2
91401 4276 91372 22 29 7 1
91408 2854 91387 20 21 1 0
91425 5714 91243 26 182 156 79
91473 2481 91402 70 71 1 0
91483 8188 91468 10 15 5 5
91535 5968 91524 9 11 2 2
91543 2502 91540 3 3 0 0
91557 2922 91342 142 215 73 0
91569 7444 91560 9 9 0 0
91605 4292 91551 52 54 2 0
91730 2344 91664 56 66 10 5
91756 6620 91604 116 152 36 34
91870 5568 90882 29 988 959 952
91886 9873 91861 23 25 2 2
91898 4663 90522 232 1376 1144 44
92069 3703 91080 118 989 871 0
92083 9891 92044 28 39 11 4
92091 4403 91922 148 169 21 0
92229 339 92076 133 153 20 0
92236 1365 92194 41 42 1 0
92274 664 92166 96 108 12 0
92307 7298 92093 122 214 92 0
92352 3070 92340 12 12 0 0
92374 8159 92366 8 8 0 0
92375 9966 92248 98 127 29 0
92489 3941 92387 49 102 53 23
92517 371 92098 212 419 207 17
92564 769 92525 37 39 2 0
92581 3520 92573 8 8 0 0
92603 8377 92545 22 58 36 22
92619 2747 92420 155 199 44 0
92668 1662 92485 162 183 21 0
92697 9979 92673 13 24 11 11
92718 6769 92717 1 1 0 0
92729 3527 92659 66 70 4 0
92739 8466 92702 30 37 7 0
92761 7256 92388 103 373 270 248
92778 7714 92146 51 632 581 0
92809 4796 92624 61 185 124 0
92821 2550 92159 26 662 636 636
92895 1466 92860 22 35 13 7
92906 5824 92020 94 886 792 0
93065 7311 93038 17 27 10 3
93080 2633 92576 160 504 344 6
93109 5133 91333 162 1776 1614 1
93145 1479 93076 63 69 6 5
93150 9644 91302 150 1848 1698 0
93178 8387 93159 19 19 0 0
93211 3304 93208 3 3 0 0
93256 188 93153 78 103 25 0
93305 4860 91459 107 1846 1739 1669
93430 7043 93340 29 90 61 53
93461 5278 92133 260 1328 1068 1
93509 5724 93464 44 45 1 0
93546 4287 88999 60 4547 4487 4432
93568 838 93564 4 4 0 0
93593 3020 93502 24 91 67 9
93606 4346 93523 76 83 7 0
93645 3561 93600 44 45 1 0
93692 5798 93661 22 31 9 0
93709 4110 93444 167 265 98 4
93834 4883 93672 25 162 137 137
93846 1517 93776 26 70 44 44
93869 6298 89328 65 4541 4476 0
93895 3436 93360 185 535 350 1
93924 6317 93850 59 74 15 0
93936 161 93904 29 32 3 2
94006 4676 93528 59 478 419 418
94082 773 93856 80 226 146 130
94089 1205 93677 56 412 356 0
94123 1097 93563 98 560 462 394
94129 2079 93800 195 329 134 125
94166 9182 93718 137 448 311 0
94200 9142 94184 12 16 4 0
94251 1379 90026 30 4225 4195 4188
94273 8388 90174 30 4099 4069 4065
94296 3531 94293 3 3 0 0
94331 2098 94270 54 61 7 1
94374 9911 94366 8 8 0 0
94402 1607 90795 104 3607 3503 906
94459 6163 94446 12 13 1 1
94470 3533 94464 6 6 0 0
94504 4014 94480 21 24 3 3
94521 6510 94507 14 14 0 0
94532 1266 94447 61 85 24 13
94600 2236 94598 2 2 0 0
94631 1537 94531 75 100 25 18
94661 4473 94366 188 295 107 55
94692 9414 94664 18 28 10 0
94731 8178 94637 90 94 4 0
94737 5185 94357 231 380 149 0
94817 2076 94577 209 240 31 0
94923 6985 94447 88 476 388 7
95013 696 94943 18 70 52 22
95052 5070 94973 76 79 3 0
95105 7667 94951 43 154 111 95
95116 2706 95110 6 6 0 0
95132 5838 95103 15 29 14 14
95140 8270 95094 18 46 28 28
95196 6136 94882 102 314 212 6
95214 2469 94941 45 273 228 1
95246 1546 95229 17 17 0 0
95253 2999 95251 2 2 0 0
95276 3384 95237 36 39 3 2
95385 8835 94537 299 848 549 18
95407 7695 95398 9 9 0 0
95502 5289 95203 156 299 143 122
95587 7495 95522 63 65 2 0
95632 3798 94792 47 840 793 0
95648 2449 94949 129 699 570 0
95663 9812 92033 30 3630 3600 3600
95686 3825 92291 30 3395 3365 3358
95781 2501 93467 145 2314 2169 0
95794 5032 95531 246 263 17 0
95925 4389 95802 98 123 25 12
95933 5652 95888 24 45 21 21
95954 328 95951 3 3 0 0
95985 7955 94906 151 1079 928 1
96048 7887 95215 124 833 709 0
96110 5513 96048 57 62 5 1
96140 1074 96006 69 134 65 60
96141 9228 96139 2 2 0 0
96224 6125 96165 53 59 6 0
96273 8518 96222 40 51 11 9
96296 6355 96271 22 25 3 3
96318 764 96077 57 241 184 1
96326 3789 96238 58 88 30 13
96338 357 96007 233 331 98 0
96358 8610 96331 19 27 8 8
96373 8204 96362 11 11 0 0
96420 5216 96359 47 61 14 0
96447 3512 96444 3 3 0 0
96462 2489 96245 63 217 154 0
96511 2777 96480 21 31 10 10
96515 411 96511 4 4 0 0
96526 2957 96498 16 28 12 10
96678 1338 96451 105 227 122 0
96706 9822 96609 74 97 23 22
96740 7318 96727 13 13 0 0
96762 757 96750 10 12 2 2
96767 5818 96673 69 94 25 4
96775 2948 96750 12 25 13 13
96798 3514 96551 186 247 61 7
96885 9867 96819 24 66 42 2
96963 9489 96828 102 135 33 0
96982 1669 96681 131 301 170 0
97014 9908 96881 26 133 107 102
97030 3393 96911 111 119 8 0
97044 8588 96887 65 157 92 22
97141 4296 97010 124 131 7 0
97174 2283 96936 73 238 165 163
97179 9874 96856 138 323 185 5
97209 272 97208 1 1 0 0
97252 3820 97220 20 32 12 10
97258 1305 97081 165 177 12 0
97281 9835 97241 39 40 1 0
97308 204 97301 7 7 0 0
97398 2135 97396 2 2 0 0
97433 6559 97405 27 28 1 0
97551 7485 96768 178 783 605 0
97573 4406 96831 204 742 538 8
97590 2393 97554 24 36 12 0
97609 603 97401 144 208 64 0
97620 4459 96921 91 699 608 500
97656 2587 97622 32 34 2 0
97752 5994 96723 30 1029 999 966
97815 5189 97802 13 13 0 0
97918 3427 97851 40 67 27 0
97948 1995 96080 215 1868 1653 0
97991 6989 97248 180 743 563 486
97999 1587 97868 110 131 21 0
98033 7160 97945 81 88 7 4
98053 7994 97608 30 445 415 193
98084 7738 97908 30 176 146 146
98147 9573 98067 76 80 4 0
98158 319 98128 20 30 10 10
98190 7844 27945 48 70245 70197 0
98215 45 98175 19 40 21 5
98331 6800 98188 136 143 7 3
98341 853 98227 69 114 45 9
98351 8174 98296 54 55 1 0
98443 2693 28654 243 69789 69546 0
98455 2870 98388 56 67 11 0
98513 584 98317 125 196 71 0
98524 4222 98522 2 2 0 0
98528 4278 98521 6 7 1 0
98536 5871 98469 66 67 1 0
98600 3844 98571 17 29 12 12
98682 2165 98569 22 113 91 88
98751 9037 98615 103 136 33 16
98774 404 98677 24 97 73 69
98835 6168 98520 193 315 122 0
98867 3726 98854 13 13 0 0
98872 8551 98570 225 302 77 25
98952 6888 98837 65 115 50 0
99024 555 98822 125 202 77 14
99032 8750 99031 1 1 0 0
99056 471 98836 86 220 134 117
99080 7712 99019 52 61 9 0
99136 8093 98600 116 536 420 410
99176 9109 98682 28 494 466 466
99199 6936 99035 92 164 72 14
99214 2405 99201 13 13 0 0
99256 7721 98550 44 706 662 627
99357 3623 99322 20 35 15 0
99364 5713 99359 5 5 0 0
99420 5668 99358 60 62 2 0
99451 6258 99039 30 412 382 382
99532 4986 99447 81 85 4 0
99589 9413 99260 152 329 177 2
99613 7923 99572 22 41 19 4
99616 7500 99529 54 87 33 32
99628 6740 99105 146 523 377 0
99658 2828 99609 42 49 7 0
99689 9365 99533 49 156 107 72
99709 7099 99692 17 17 0 0
99770 1951 99657 26 113 87 87
99795 7911 99775 14 20 6 6
99842 1567 99823 19 19 0 0
99876 5046 99853 17 23 6 6
99919 2041 99916 3 3 0 0
99935 1636 99820 90 115 25 2
99941 4963 30045 308 69896 69588 1
99950 2281 99804 122 146 24 0
99986 2480 99961 20 25 5 5
