2000 7 868 261 1132 871 871
4291 454 705 564 3586 3022 453
4535 422 1804 235 2731 2496 2496
5607 250 1199 669 4408 3739 1132
5907 369 2978 59 2929 2870 2870
9452 317 1447 1184 8005 6821 2038
10588 436 779 937 9809 8872 801
10931 94 5037 342 5894 5552 5552
14511 184 37 2559 14474 11915 0
14687 144 3406 404 11281 10877 2936
17522 390 7754 376 9768 9392 9392
21269 18 8737 452 12532 12080 12080
21522 226 4036 724 17486 16762 4247
24534 29 1478 1841 23056 21215 2481
25819 121 10526 464 15293 14829 14829
26974 236 5047 612 21927 21315 5885
27153 450 11630 178 15523 15345 15345
27432 306 1809 1628 25623 23995 2727
28543 19 2205 1810 26338 24528 2657
29881 150 12839 247 17042 16795 16795
31696 318 13261 200 18435 18235 18235
32023 161 5809 884 26214 25330 7007
33304 140 6459 817 26845 26028 7133
36369 468 6913 1009 29456 28447 8351
38907 307 7621 529 31286 30757 9461
39841 297 1348 2439 38493 36054 1644
40150 179 17925 216 22225 22009 22009
40979 173 18771 371 22208 21837 21837
41811 131 18917 398 22894 22496 22496
42005 430 19346 193 22659 22466 22466
42360 358 19457 43 22903 22860 22860
42990 118 3705 1485 39285 37800 3680
43864 406 8273 848 35591 34743 11103
47253 271 4228 1323 43025 41702 4443
47872 100 22477 408 25395 24987 24987
48972 496 23035 83 25937 25854 25854
49251 425 9606 726 39645 38919 13346
50483 305 9609 886 40874 39988 13690
53113 123 1689 1863 51424 49561 2603
56549 23 26725 165 29824 29659 29659
57821 273 27199 452 30622 30170 30170
59187 115 27753 177 31434 31257 31257
59971 345 11779 843 48192 47349 15654
60130 270 28169 158 31961 31803 31803
62500 181 165 2196 62335 60139 280
62971 391 5410 1613 57561 55948 6344
64175 103 29423 398 34752 34354 34354
64660 414 29627 131 35033 34902 34902
65311 40 29771 350 35540 35190 35190
65684 465 29822 372 35862 35490 35490
65733 44 29960 48 35773 35725 35725
66144 203 12801 1287 53343 52056 16359
66526 242 30574 381 35952 35571 35571
67628 449 5632 1032 61996 60964 7066
69888 498 32377 435 37511 37076 37076
70767 288 33116 494 37651 37157 37157
71279 188 6379 1529 64900 63371 6885
74653 247 15130 545 59523 58978 18727
77049 158 1312 2713 75737 73024 1677
77390 168 35552 53 41838 41785 41785
78820 491 35925 344 42895 42551 42551
79052 4 36401 231 42651 42420 42420
79522 460 16107 411 63415 63004 19984
81294 200 16789 678 64505 63827 20077
81974 93 37640 80 44334 44254 44254
83036 189 37761 400 45275 44875 44875
83397 259 37810 207 45587 45380 45380
84300 9 3516 1851 80784 78933 3109
84944 457 38879 79 46065 45986 45986
85745 264 39110 384 46635 46251 46251
86005 373 39543 52 46462 46410 46410
86643 483 17439 967 69204 68237 21643
86863 466 40079 219 46784 46565 46565
86905 73 40100 41 46805 46764 46764
86945 492 17744 329 69201 68872 22098
88570 252 7923 1296 80647 79351 10055
90416 147 42164 208 48252 48044 48044
92104 417 8014 1907 84090 82183 10419
93083 89 19530 791 73553 72762 23180
94485 476 19770 772 74715 73943 23343
94936 139 43946 450 50990 50540 50540
