1338 7 868 261 470 209 209
1996 454 705 564 1291 727 189
2719 422 1804 235 915 680 680
3348 250 1199 669 2149 1480 403
3689 436 779 937 2910 1973 139
4505 317 1447 1184 3058 1874 550
4512 369 2978 59 1534 1475 1475
5299 184 37 2559 5262 2703 0
7166 181 165 2196 7001 4805 0
7649 144 3406 404 4243 3839 1310
7652 29 1478 1841 6174 4333 767
7992 94 5037 342 2955 2613 2613
8004 306 1809 1628 6195 4567 702
9133 226 4036 724 5097 4373 1718
9452 19 2205 1810 7247 5437 1198
10708 123 1689 1863 9019 7156 787
11233 297 1348 2439 9885 7446 404
11915 390 7754 376 4161 3785 3785
12363 236 5047 612 7316 6704 2606
13864 18 8737 452 5127 4675 4675
14053 118 3705 1485 10348 8863 1388
14168 161 5809 884 8359 7475 2518
16081 140 6459 817 9622 8805 2994
16330 271 4228 1323 12102 10779 1914
16652 158 1312 2713 15340 12627 437
16795 121 10526 464 6269 5805 5805
16800 468 6913 1009 9887 8878 3101
17470 450 11630 178 5840 5662 5662
17667 307 7621 529 10046 9517 3854
18501 78 1522 2629 16979 14350 949
18796 230 1129 2794 17667 14873 210
19044 150 12839 247 6205 5958 5958
20052 318 13261 200 6791 6591 6591
20056 406 8273 848 11783 10935 4253
20710 449 5632 1032 15078 14046 2687
20743 9 3516 1851 17227 15376 1285
21459 391 5410 1613 16049 14436 2583
22007 425 9606 726 12401 11675 5102
22419 188 6379 1529 16040 14511 2755
22504 305 9609 886 12895 12009 5227
23068 343 4270 1530 18798 17268 2184
24958 179 17925 216 7033 6817 6817
25297 345 11779 843 13518 12675 5889
26047 173 18771 371 7276 6905 6905
26550 131 18917 398 7633 7235 7235
26550 252 7923 1296 18627 17331 3993
26594 358 19457 43 7137 7094 7094
26744 430 19346 193 7398 7205 7205
27274 203 12801 1287 14473 13186 5950
29051 417 8014 1907 21037 19130 4350
30116 272 8794 1116 21322 20206 5071
30183 169 3942 1729 26241 24512 1604
31128 303 9252 1749 21876 20127 4802
31144 389 9408 1495 21736 20241 5098
31174 247 15130 545 16044 15499 6558
31432 185 9490 1422 21942 20520 5026
31583 100 22477 408 9106 8698 8698
31931 496 23035 83 8896 8813 8813
33059 460 16107 411 16952 16541 7396
33496 200 16789 678 16707 16029 6845
33568 419 10181 1221 23387 22166 6064
34659 492 17744 329 16915 16586 6906
34992 483 17439 967 17553 16586 6839
37730 326 12494 1020 25236 24216 6008
37917 23 26725 165 11192 11027 11027
38570 89 19530 791 19040 18249 7215
38915 273 27199 452 11716 11264 11264
39815 476 19770 772 20045 19273 7296
39913 115 27753 177 12160 11983 11983
40673 270 28169 158 12504 12346 12346
41164 330 8564 1635 32600 30965 4416
43172 103 29423 398 13749 13351 13351
43304 414 29627 131 13677 13546 13546
44041 40 29771 350 14270 13920 13920
44090 44 29960 48 14130 14082 14082
44318 493 8579 1817 35739 33922 4505
44333 465 29822 372 14511 14139 14139
44715 242 30574 381 14141 13760 13760
44875 238 21949 334 22926 22592 8691
46788 498 32377 435 14411 13976 13976
47096 126 23634 579 23462 22883 8709
47349 245 6580 2875 40769 37894 2882
47595 288 33116 494 14479 13985 13985
47876 76 6804 1326 41072 39746 2954
47978 301 4350 1785 43628 41843 2162
48338 339 24011 534 24327 23793 9145
50673 155 17188 1404 33485 32081 7078
51036 168 35552 53 15484 15431 15431
51944 491 35925 344 16019 15675 15675
52076 335 17996 1241 34080 32839 7067
52308 4 36401 231 15907 15676 15676
52335 372 6946 3402 45389 41987 3456
53393 263 7866 1737 45527 43790 3759
53833 253 11839 1741 41994 40253 6067
54592 93 37640 80 16952 16872 16872
55232 189 37761 400 17471 17071 17071
55304 259 37810 207 17494 17287 17287
56237 457 38879 79 17358 17279 17279
56766 264 39110 384 17656 17272 17272
56819 373 39543 52 17276 17224 17224
57651 466 40079 219 17572 17353 17353
57693 73 40100 41 17593 17552 17552
58118 370 27816 1102 30302 29200 12000
58633 60 28500 440 30133 29693 12408
58697 176 12957 1829 45740 43911 6417
59337 27 20317 1648 39020 37372 7570
59488 197 28814 861 30674 29813 12451
59973 147 42164 208 17809 17601 17601
60461 145 29023 874 31438 30564 12584
61088 56 13680 1274 47408 46134 7227
61152 416 8421 2062 52731 50669 4442
63281 139 43946 450 19335 18885 18885
63450 218 21145 1493 42305 40812 7988
63935 14 5529 2730 58406 55676 2476
64745 407 21762 1303 42983 41680 8422
66299 284 9627 2352 56672 54320 5428
66608 304 15501 2226 51107 48881 6507
67558 124 15740 2202 51818 49616 6765
68344 45 48409 41 19935 19894 19894
68427 120 48471 30 19956 19926 19926
68514 267 23825 1813 44689 42876 8563
68877 257 48596 362 20281 19919 19919
69579 104 49234 307 20345 20038 20038
69811 456 33933 628 35878 35250 14974
70048 33 34054 830 35994 35164 14950
70395 364 49728 101 20667 20566 20566
70718 415 34481 401 36237 35836 15256
72659 160 11200 2578 61459 58881 5601
72899 235 35371 303 37528 37225 15499
73361 28 35518 635 37843 37208 15447
73483 204 25451 1099 48032 46933 9581
73839 62 18232 1575 55607 54032 6847
74382 424 7228 3661 67154 63493 3481
74706 199 25765 1313 48941 47628 10336
75206 99 7381 1945 67825 65880 3853
75591 426 37045 661 38546 37885 16487
76384 433 54376 303 22008 21705 21705
76573 209 54403 373 22170 21797 21797
77869 227 37686 563 40183 39620 17001
78547 175 26813 770 51734 50964 11105
78936 36 38457 473 40479 40006 17326
80688 114 27548 1101 53140 52039 11524
80820 66 39606 507 41214 40707 17292
81060 451 19762 2125 61298 59173 7286
82679 488 19966 1667 62713 61046 7647
82843 444 40728 640 42115 41475 17177
83100 225 58431 158 24669 24511 24511
83378 162 41176 593 42202 41609 17167
83538 223 12930 2467 70608 68141 6295
83884 327 12877 2845 71007 68162 6168
84331 308 41402 849 42929 42080 17336
84337 134 20104 1909 64233 62324 7603
84942 277 13282 1837 71660 69823 6771
85028 445 60016 85 25012 24927 24927
85691 286 60206 317 25485 25168 25168
86128 243 42188 1040 43940 42900 17599
86595 338 60572 274 26023 25749 25749
87034 13 60882 126 26152 26026 26026
87981 96 13580 1941 74401 72460 7164
89492 21 29559 1281 59933 58652 13411
89877 368 62751 252 27126 26874 26874
90622 384 63587 90 27035 26945 26945
91155 434 63691 161 27464 27303 27303
91532 16 21323 2160 70209 68049 7925
91936 356 44830 652 47106 46454 19091
93036 195 15218 1326 77818 76492 6596
93121 349 21942 1753 71179 69426 8567
94032 287 65553 112 28479 28367 28367
94421 57 22812 1708 71609 69901 8772
94892 77 65981 282 28911 28629 28629
94906 237 46293 479 48613 48134 19335
94986 355 46393 474 48593 48119 19337
96859 97 16037 2571 80822 78251 7032
97564 90 10121 2849 87443 84594 5364
98590 41 69289 404 29301 28897 28897
99417 278 49054 650 50363 49713 20206
99537 63 69975 119 29562 29443 29443
