1155 7 868 261 287 26 26
1270 454 705 564 565 1 0
1753 436 779 937 974 37 0
2066 250 1199 669 867 198 0
2302 422 1804 235 498 263 263
2632 317 1447 1184 1185 1 0
2814 181 165 2196 2649 453 0
3064 184 37 2559 3027 468 0
3218 369 2978 59 240 181 181
3704 29 1478 1841 2226 385 0
3983 306 1809 1628 2174 546 264
4070 144 3406 404 664 260 113
4458 297 1348 2439 3110 671 33
4659 123 1689 1863 2970 1107 376
4885 19 2205 1810 2680 870 98
4949 158 1312 2713 3637 924 67
5282 226 4036 724 1246 522 423
5334 78 1522 2629 3812 1183 222
5401 230 1129 2794 4272 1478 0
5608 94 5037 342 571 229 229
5827 118 3705 1485 2122 637 277
6111 236 5047 612 1064 452 236
6321 271 4228 1323 2093 770 432
6383 9 3516 1851 2867 1016 160
6752 169 3942 1729 2810 1081 273
6892 343 4270 1530 2622 1092 545
7059 161 5809 884 1250 366 229
7250 449 5632 1032 1618 586 288
7467 391 5410 1613 2057 444 153
7624 301 4350 1785 3274 1489 497
7731 140 6459 817 1272 455 146
8349 390 7754 376 595 219 219
8632 468 6913 1009 1719 710 223
8736 188 6379 1529 2357 828 82
9042 307 7621 529 1421 892 304
9892 18 8737 452 1155 703 703
10247 406 8273 848 1974 1126 544
10526 14 5529 2730 4997 2267 84
10706 76 6804 1326 3902 2576 256
10936 252 7923 1296 3013 1717 427
11728 425 9606 726 2122 1396 642
11886 417 8014 1907 3872 1965 509
11887 121 10526 464 1361 897 897
12048 305 9609 886 2439 1553 639
12099 272 8794 1116 3305 2189 701
12226 245 6580 2875 5646 2771 145
12353 263 7866 1737 4487 2750 202
12684 450 11630 178 1054 876 876
12844 330 8564 1635 4280 2645 679
13113 389 9408 1495 3705 2210 485
13223 372 6946 3402 6277 2875 227
13373 185 9490 1422 3883 2461 566
13412 303 9252 1749 4160 2411 496
13449 99 7381 1945 6068 4123 351
13640 493 8579 1817 5061 3244 692
13859 150 12839 247 1020 773 773
13995 419 10181 1221 3814 2593 713
14207 318 13261 200 946 746 746
14464 416 8421 2062 6043 3981 601
14468 345 11779 843 2689 1846 906
15130 424 7228 3661 7902 4241 389
15442 203 12801 1287 2641 1354 649
15736 326 12494 1020 3242 2222 869
16181 284 9627 2352 6554 4202 803
16943 253 11839 1741 5104 3363 1015
17139 247 15130 545 2009 1464 607
17190 160 11200 2578 5990 3412 849
17302 90 10121 2849 7181 4332 586
17494 56 13680 1274 3814 2540 789
17963 176 12957 1829 5006 3177 958
18223 460 16107 411 2116 1705 837
18751 200 16789 678 1962 1284 463
18767 20 12254 1796 6513 4717 1010
18984 179 17925 216 1059 843 843
19026 277 13282 1837 5744 3907 840
19180 96 13580 1941 5600 3659 785
19206 223 12930 2467 6276 3809 930
19264 310 12197 2492 7067 4575 1027
19440 327 12877 2845 6563 3718 801
19636 173 18771 371 865 494 494
19913 492 17744 329 2169 1840 982
20002 131 18917 398 1085 687 687
20033 483 17439 967 2594 1627 915
20058 195 15218 1326 4840 3514 528
20382 430 19346 193 1036 843 843
20426 358 19457 43 969 926 926
20660 304 15501 2226 5159 2933 673
20882 155 17188 1404 3694 2290 776
20906 124 15740 2202 5166 2964 792
21447 241 14315 2922 7132 4210 636
21810 335 17996 1241 3814 2573 850
22029 89 19530 791 2499 1708 1026
22321 97 16037 2571 6284 3713 789
22428 476 19770 772 2658 1886 1136
22928 62 18232 1575 4696 3121 751
23073 84 15309 2941 7764 4823 646
23192 48 17006 1928 6186 4258 732
23430 132 15852 2797 7578 4781 840
23715 100 22477 408 1238 830 830
23886 359 17160 2467 6726 4259 767
23981 496 23035 83 946 863 863
24074 238 21949 334 2125 1791 834
24139 110 16883 2471 7256 4785 528
24488 27 20317 1648 4171 2523 933
24917 218 21145 1493 3772 2279 666
25210 488 19966 1667 5244 3577 1051
25253 46 19845 1285 5408 4123 1142
25438 407 21762 1303 3676 2373 639
25450 451 19762 2125 5688 3563 1126
25613 134 20104 1909 5509 3600 966
25804 126 23634 579 2170 1591 776
25876 472 19761 1759 6115 4356 1122
25983 22 19509 2222 6474 4252 1030
26180 339 24011 534 2169 1635 751
26561 16 21323 2160 5238 3078 667
26610 164 18801 2988 7809 4821 640
26967 349 21942 1753 5025 3272 784
27595 57 22812 1708 4783 3075 904
27723 23 26725 165 998 833 833
27750 267 23825 1813 3925 2112 748
28228 395 20439 2617 7789 5172 812
28302 273 27199 452 1103 651 651
29137 115 27753 177 1384 1207 1207
29483 204 25451 1099 4032 2933 688
29596 270 28169 158 1427 1269 1269
29802 199 25765 1313 4037 2724 846
29802 347 23503 1960 6299 4339 645
31326 249 25520 1227 5806 4579 700
31367 170 25546 1006 5821 4815 698
31491 103 29423 398 2068 1670 1670
31495 480 24073 2064 7422 5358 845
31611 414 29627 131 1984 1853 1853
31632 175 26813 770 4819 4049 801
31968 370 27816 1102 4152 3050 1239
31983 40 29771 350 2212 1862 1862
32005 465 29822 372 2183 1811 1811
32017 44 29960 48 2057 2009 2009
32057 60 28500 440 3557 3117 1097
32061 399 24267 2181 7794 5613 987
32085 222 25821 1640 6264 4624 858
32177 197 28814 861 3363 2502 1013
32207 136 25170 2091 7037 4946 702
32443 242 30574 381 1869 1488 1488
32651 114 27548 1101 5103 4002 1041
32716 145 29023 874 3693 2819 1216
33002 163 26010 2392 6992 4600 903
33015 361 26169 1627 6846 5219 908
34253 498 32377 435 1876 1441 1441
34334 24 27862 848 6472 5624 1302
34748 288 33116 494 1632 1138 1138
35282 319 24428 3381 10854 7473 979
35613 21 29559 1281 6054 4773 1768
36864 340 27013 3777 9851 6074 682
36928 143 26484 2873 10444 7571 728
37035 98 27734 2228 9301 7073 1157
37426 168 35552 53 1874 1821 1821
38081 456 33933 628 4148 3520 1591
38121 255 26408 2478 11713 9235 783
38308 491 35925 344 2383 2039 2039
38559 33 34054 830 4505 3675 1560
38590 415 34481 401 4109 3708 1535
38658 428 29060 1716 9598 7882 1311
38804 4 36401 231 2403 2172 2172
39346 235 35371 303 3975 3672 1681
39374 409 29069 2370 10305 7935 1484
39865 474 29241 2355 10624 8269 1392
39951 52 27643 2690 12308 9618 1107
40002 93 37640 80 2362 2282 2282
40388 28 35518 635 4870 4235 1851
40603 189 37761 400 2842 2442 2442
40607 55 27603 3006 13004 9998 1138
40874 385 29700 1734 11174 9440 1912
40921 259 37810 207 3111 2904 2904
41050 116 29725 1892 11325 9433 1906
41055 64 29292 2675 11763 9088 1638
41242 457 38879 79 2363 2284 2284
41247 357 29689 2516 11558 9042 1807
41380 431 32118 1875 9262 7387 1490
41452 299 28916 2809 12536 9727 1202
41632 264 39110 384 2522 2138 2138
41708 373 39543 52 2165 2113 2113
41886 426 37045 661 4841 4180 1991
42214 418 34864 1354 7350 5996 1816
42428 73 40100 41 2328 2287 2287
42595 466 40079 219 2516 2297 2297
42743 227 37686 563 5057 4494 2286
42768 0 33383 1781 9385 7604 1366
42843 341 29266 3068 13577 10509 1422
42935 314 33830 1270 9105 7835 1493
43039 221 35631 791 7408 6617 1807
43311 172 34092 1188 9219 8031 1617
43363 36 38457 473 4906 4433 2465
43368 11 35780 1354 7588 6234 1845
43570 437 31908 2403 11662 9259 1443
43841 66 39606 507 4235 3728 2103
43914 458 34914 1286 9000 7714 1806
44123 147 42164 208 1959 1751 1751
44374 439 34634 1866 9740 7874 1679
44724 262 37675 954 7049 6095 2277
45088 461 31634 2099 13454 11355 1466
45166 444 40728 640 4438 3798 2116
45447 162 41176 593 4271 3678 1920
45839 308 41402 849 4437 3588 1962
45999 139 43946 450 2053 1603 1603
46331 113 36651 1751 9680 7929 2062
46510 82 32331 3399 14179 10780 1336
46707 206 36707 2056 10000 7944 2054
46773 49 34126 3143 12647 9504 1618
46803 328 33376 2386 13427 11041 1107
46963 243 42188 1040 4775 3735 1785
48150 258 33466 2940 14684 11744 1452
48823 31 34844 2508 13979 11471 1786
49086 448 38766 2012 10320 8308 2290
49500 356 44830 652 4670 4018 1944
50285 452 43484 994 6801 5807 1688
50484 45 48409 41 2075 2034 2034
50538 295 37777 2369 12761 10392 2827
50548 479 37587 2625 12961 10336 2203
50573 171 41701 1273 8872 7599 1687
50636 266 35495 3159 15141 11982 1843
50656 120 48471 30 2185 2155 2155
50928 237 46293 479 4635 4156 1877
50972 475 43659 1421 7313 5892 1632
51006 355 46393 474 4613 4139 1952
51019 257 48596 362 2423 2061 2061
51456 104 49234 307 2222 1915 1915
51703 54 37340 2300 14363 12063 2050
51703 453 42194 1777 9509 7732 1846
51805 364 49728 101 2077 1976 1976
51842 51 42813 1422 9029 7607 1611
52223 216 40238 1913 11985 10072 2251
52253 109 43095 1655 9158 7503 1622
52749 353 37330 3379 15419 12040 2045
52985 186 45687 915 7298 6383 2163
53673 251 42204 1676 11469 9793 1879
53750 39 42090 1696 11660 9964 1695
54093 278 49054 650 5039 4389 2023
54569 351 46970 1308 7599 6291 2117
54808 130 49926 731 4882 4151 2006
54884 380 49956 516 4928 4412 2235
55090 167 48130 806 6960 6154 1983
55207 34 42314 2410 12893 10483 1947
55234 441 50250 678 4984 4306 1984
55719 383 43427 2273 12292 10019 1740
55789 83 45357 1544 10432 8888 2295
56967 282 40619 2967 16348 13381 2150
57496 433 54376 303 3120 2817 2817
57696 209 54403 373 3293 2920 2920
58073 148 44321 2538 13752 11214 1850
58677 58 43572 2369 15105 12736 1631
58750 320 50265 1491 8485 6994 1977
59099 279 50354 1859 8745 6886 1972
59311 128 48383 1636 10928 9292 1903
59443 165 53478 1009 5965 4956 2242
60051 350 42470 3998 17581 13583 1890
60066 265 45361 2042 14705 12663 2482
60417 470 44011 2507 16406 13899 1630
60613 312 51715 1024 8898 7874 2407
60658 311 53905 1222 6753 5531 2577
60810 65 49659 1370 11151 9781 1940
60857 129 44287 2664 16570 13906 1728
61152 473 54408 818 6744 5926 3089
61158 289 44892 2480 16266 13786 1912
61537 225 58431 158 3106 2948 2948
61672 187 46500 2788 15172 12384 2043
61808 248 45022 2715 16786 14071 2128
62059 178 47277 2778 14782 12004 2034
62637 445 60016 85 2621 2536 2536
62638 440 56459 979 6179 5200 2542
63025 72 53584 1731 9441 7710 2425
63459 286 60206 317 3253 2936 2936
63794 275 54166 825 9628 8803 2623
63874 101 48441 2063 15433 13370 2133
64009 338 60572 274 3437 3163 3163
64136 13 60882 126 3254 3128 3128
64400 300 46455 2666 17945 15279 2010
64728 43 47499 2266 17229 14963 1880
65387 190 58156 1441 7231 5790 2940
65603 302 55682 1482 9921 8439 2524
65620 146 53112 1359 12508 11149 2419
65920 283 58679 889 7241 6352 3111
66096 47 59741 239 6355 6116 2734
66479 368 62751 252 3728 3476 3476
66559 92 50695 1841 15864 14023 2474
67006 421 50506 2886 16500 13614 2321
67108 213 53605 2088 13503 11415 2523
67199 384 63587 90 3612 3522 3522
67375 434 63691 161 3684 3523 3523
67938 410 56833 1352 11105 9753 3019
69014 196 48868 3096 20146 17050 2105
69127 159 61694 666 7433 6767 2829
69218 371 50372 2200 18846 16646 2181
69310 487 54405 2119 14905 12786 3037
69679 287 65553 112 4126 4014 4014
69962 77 65981 282 3981 3699 3699
70094 376 55840 1916 14254 12338 2407
70166 309 59195 1125 10971 9846 2892
70288 276 55442 2254 14846 12592 2681
70501 232 53563 2044 16938 14894 2254
71364 106 63370 919 7994 7075 3386
71538 489 60426 1275 11112 9837 2857
71845 108 64399 459 7446 6987 3462
71864 201 60084 2079 11780 9701 2759
71896 485 50980 2396 20916 18520 2294
71930 224 57004 1420 14926 13506 3048
72124 32 50747 2782 21377 18595 2487
72179 379 53750 2596 18429 15833 2595
72205 239 64456 475 7749 7274 3540
72781 166 54910 1865 17871 16006 3022
72825 198 57663 1723 15162 13439 2988
73296 207 55351 2285 17945 15660 2723
73673 41 69289 404 4384 3980 3980
73759 325 65620 549 8139 7590 3955
73817 455 61670 1737 12147 10410 2778
74066 63 69975 119 4091 3972 3972
74298 377 62101 1572 12197 10625 2880
74373 80 58679 1883 15694 13811 2994
75042 138 52788 3239 22254 19015 2420
75154 484 53320 2853 21834 18981 2312
75400 482 59336 1925 16064 14139 2782
75459 323 60077 1284 15382 14098 2746
75531 381 56167 2589 19364 16775 2584
75648 154 67133 614 8515 7901 3749
75662 3 56589 2370 19073 16703 2723
75863 342 67727 454 8136 7682 3521
76068 269 71610 352 4458 4106 4106
76444 25 71887 203 4557 4354 4354
76695 87 72016 179 4679 4500 4500
76998 228 60335 2058 16663 14605 2866
77226 61 68548 369 8678 8309 3658
78602 149 74033 233 4569 4336 4336
78767 214 58675 2526 20092 17566 2915
78904 268 65089 1643 13815 12172 3926
78947 400 74551 179 4396 4217 4217
78964 254 62518 1172 16446 15274 3385
79182 411 62491 1853 16691 14838 3218
79488 292 70638 898 8850 7952 4128
79706 210 56463 2489 23243 20754 2637
80093 348 76144 57 3949 3892 3892
80324 1 63431 1993 16893 14900 3576
80386 481 63636 1703 16750 15047 3570
80408 6 76483 224 3925 3701 3701
80906 464 67855 1591 13051 11460 3515
81281 219 77032 361 4249 3888 3888
81349 386 72178 762 9171 8409 4544
81582 362 68426 957 13156 12199 3699
81866 333 57485 3083 24381 21298 2873
82114 462 58073 2117 24041 21924 2785
82139 68 68734 685 13405 12720 3680
82268 234 57708 2498 24560 22062 2951
82322 363 69034 693 13288 12595 3748
82944 67 58390 1965 24554 22589 2937
83455 291 57638 3614 25817 22203 2976
83490 316 58093 3068 25397 22329 2775
83538 290 69324 1235 14214 12979 3994
83806 398 65390 1738 18416 16678 3921
84034 423 59056 2612 24978 22366 3004
84306 231 79786 119 4520 4401 4401
84504 229 79649 469 4855 4386 4386
84731 193 63146 1590 21585 19995 3414
84768 53 70439 1519 14329 12810 4267
84810 294 67811 802 16999 16197 3554
84948 30 80191 139 4757 4618 4618
85062 85 80406 33 4656 4623 4623
85291 70 67263 1822 18028 16206 3662
85381 156 80266 401 5115 4714 4714
85436 405 75817 975 9619 8644 4040
85538 432 80953 156 4585 4429 4429
85786 412 71829 1472 13957 12485 4240
85841 471 81308 156 4533 4377 4377
86664 334 60172 3686 26492 22806 2854
86826 211 60745 2784 26081 23297 3118
87209 420 68393 2319 18816 16497 3538
87508 8 61487 3090 26021 22931 2693
87523 401 69249 1791 18274 16483 3703
87784 212 65000 2019 22784 20765 3732
88030 74 65719 1546 22311 20765 3881
88228 375 79106 603 9122 8519 4480
88245 366 79432 379 8813 8434 4375
88372 50 73497 1785 14875 13090 4541
88453 215 83934 422 4519 4097 4097
88527 367 70417 1358 18110 16752 4254
88945 202 79733 930 9212 8282 4396
89221 490 70375 2017 18846 16829 4231
89279 397 62289 3182 26990 23808 3101
89653 217 67344 2063 22309 20246 3646
89794 298 63428 2412 26366 23954 3458
90183 324 67494 2403 22689 20286 3610
90292 133 71904 1403 18388 16985 4541
90840 378 72031 1907 18809 16902 4559
91019 125 82092 585 8927 8342 4183
91084 408 64572 1892 26512 24620 3532
91253 79 77254 1226 13999 12773 4096
91317 35 72478 1555 18839 17284 4698
91589 394 87016 335 4573 4238 4238
91596 329 72419 2004 19177 17173 4580
92730 354 64349 3416 28381 24965 3509
92792 336 73506 1779 19286 17507 4582
92864 477 88025 391 4839 4448 4448
93678 463 73806 1683 19872 18189 4458
94097 141 88695 274 5402 5128 5128
94569 37 66436 2920 28133 25213 3632
95031 2 84818 982 10213 9231 3838
95159 261 66912 2780 28247 25467 3711
95196 112 89693 238 5503 5265 5265
95319 137 85124 667 10195 9528 4098
95694 180 67061 2736 28633 25897 3713
96142 240 80727 1464 15415 13951 4565
96272 71 85938 631 10334 9703 4246
96300 151 90680 183 5620 5437 5437
96662 469 91008 299 5654 5355 5355
96707 337 71811 2823 24896 22073 4175
97706 107 78317 1470 19389 17919 4006
97753 220 72608 2244 25145 22901 4913
97760 192 82594 1244 15166 13922 4233
97859 429 92349 152 5510 5358 5358
97976 392 78325 1411 19651 18240 4120
97989 5 82430 1311 15559 14248 4279
98233 75 83571 1071 14662 13591 4214
98403 86 72930 2510 25473 22963 4729
98459 244 93572 225 4887 4662 4662
98641 208 83276 1377 15365 13988 4233
98740 81 93832 98 4908 4810 4810
98750 313 78500 2132 20250 18118 4209
99078 281 88325 1085 10753 9668 4942
99241 233 79442 1356 19799 18443 4508
99439 442 79183 1899 20256 18357 4453
99494 499 94723 54 4771 4717 4717
99568 402 78665 2597 20903 18306 4331
