3337 369 2978 59 359 300 36
5709 7 868 261 4841 4580 13
5873 422 1804 235 4069 3834 17
10070 454 705 564 9365 8801 10
15116 144 3406 404 11710 11306 62
19688 358 19457 43 231 188 57
23891 450 11630 178 12261 12083 7
26045 250 1199 669 24846 24177 50
30166 44 29960 48 206 158 22
31296 94 5037 342 26259 25917 18
32025 247 15130 545 16895 16350 52
33095 496 23035 83 10060 9977 12
35795 168 35552 53 243 190 3
36603 492 17744 329 18859 18530 63
37625 150 12839 247 24786 24539 26
39086 318 13261 200 25825 25625 1
39735 373 39543 52 192 140 37
40274 73 40100 41 174 133 62
43928 436 779 937 43149 42212 4
46139 236 5047 612 41092 40480 11
47470 390 7754 376 39716 39340 60
47740 460 16107 411 31633 31222 2
48561 120 48471 30 90 60 6
48606 45 48409 41 197 156 20
52362 179 17925 216 34437 34221 62
54039 93 37640 80 16399 16319 54
55444 23 26725 165 28719 28554 44
55759 457 38879 79 16880 16801 6
57316 115 27753 177 29563 29386 9
57588 430 19346 193 38242 38049 37
58080 270 28169 158 29911 29753 38
61319 414 29627 131 31692 31561 3
71123 364 49728 101 21395 21294 17
74349 161 5809 884 68540 67656 16
76436 348 76144 57 292 235 43
80645 85 80406 33 239 206 22
85127 445 60016 85 25111 25026 16
86127 13 60882 126 25245 25119 28
89393 305 9609 886 79784 78898 2
90106 384 63587 90 26519 26429 18
92503 317 1447 1184 91056 89872 42
92652 287 65553 112 27099 26987 25
93884 237 46293 479 47591 47112 49
94918 499 94723 54 195 141 31
98189 126 23634 579 74555 73976 29
98252 63 69975 119 28277 28158 57
