1666 7 868 261 798 537 12
2500 454 705 564 1795 1231 0
3186 369 2978 59 208 149 25
3202 422 1804 235 1398 1163 61
4454 250 1199 669 3255 2586 10
4848 436 779 937 4069 3132 12
6096 144 3406 404 2690 2286 52
6843 181 165 2196 6678 4482 0
8357 317 1447 1184 6910 5726 9
9752 94 5037 342 4715 4373 9
11504 236 5047 612 6457 5845 2
14371 306 1809 1628 12562 10934 59
15638 450 11630 178 4008 3830 5
16036 161 5809 884 10227 9343 14
16129 226 4036 724 12093 11369 2
16274 390 7754 376 8520 8144 26
19434 150 12839 247 6595 6348 11
19610 358 19457 43 153 110 43
20215 184 37 2559 20178 17619 0
20226 318 13261 200 6965 6765 12
20584 247 15130 545 5454 4909 1
20810 29 1478 1841 19332 17491 14
22740 305 9609 886 13131 12245 8
23032 140 6459 817 16573 15756 7
23134 18 8737 452 14397 13945 40
23415 492 17744 329 5671 5342 28
23849 307 7621 529 16228 15699 17
24333 460 16107 411 8226 7815 7
24667 468 6913 1009 17754 16745 1
24826 76 6804 1326 18022 16696 37
25769 449 5632 1032 20137 19105 9
25790 230 1129 2794 24661 21867 44
26207 496 23035 83 3172 3089 16
26477 179 17925 216 8552 8336 17
27344 121 10526 464 16818 16354 26
28500 158 1312 2713 27188 24475 5
28598 425 9606 726 18992 18266 8
28646 430 19346 193 9300 9107 15
29026 271 4228 1323 24798 23475 22
30099 44 29960 48 139 91 11
31021 343 4270 1530 26751 25221 5
31186 123 1689 1863 29497 27634 43
33265 19 2205 1810 31060 29250 26
34463 9 3516 1851 30947 29096 10
34901 23 26725 165 8176 8011 23
35651 168 35552 53 99 46 1
35812 272 8794 1116 27018 25902 1
35911 173 18771 371 17140 16769 6
36187 115 27753 177 8434 8257 16
36777 270 28169 158 8608 8450 21
38592 414 29627 131 8965 8834 12
38692 185 9490 1422 29202 27780 19
39199 118 3705 1485 35494 34009 39
39674 373 39543 52 131 79 41
39745 301 4350 1785 35395 33610 18
40202 73 40100 41 102 61 2
40414 126 23634 579 16780 16201 34
41238 78 1522 2629 39716 37087 16
41504 131 18917 398 22587 22189 4
41852 238 21949 334 19903 19569 7
42889 93 37640 80 5249 5169 2
44559 457 38879 79 5680 5601 14
45331 345 11779 843 33552 32709 31
45790 99 7381 1945 38409 36464 5
47187 406 8273 848 38914 38066 12
48167 100 22477 408 25690 25282 24
48519 120 48471 30 48 18 1
48531 45 48409 41 122 81 33
48685 476 19770 772 28915 28143 10
49111 89 19530 791 29581 28790 2
51040 195 15218 1326 35822 34496 9
51622 493 8579 1817 43043 41226 40
52191 235 35371 303 16820 16517 48
53052 4 36401 231 16651 16420 31
53514 200 16789 678 36725 36047 32
55115 259 37810 207 17305 17098 0
56374 40 29771 350 26603 26253 4
56414 364 49728 101 6686 6585 17
56447 465 29822 372 26625 26253 0
57363 46 19845 1285 37518 36233 18
58341 242 30574 381 27767 27386 38
58622 466 40079 219 18543 18324 20
58831 419 10181 1221 48650 47429 18
58974 175 26813 770 32161 31391 3
59553 391 5410 1613 54143 52530 29
59625 253 11839 1741 47786 46045 0
59658 237 46293 479 13365 12886 26
60432 326 12494 1020 47938 46918 9
61024 297 1348 2439 59676 57237 5
61278 147 42164 208 19114 18906 33
63363 204 25451 1099 37912 36813 20
63395 103 29423 398 33972 33574 28
64708 155 17188 1404 47520 46116 21
65898 169 3942 1729 61956 60227 28
66529 339 24011 534 42518 41984 12
66669 273 27199 452 39470 39018 50
66678 335 17996 1241 48682 47441 4
67266 491 35925 344 31341 30997 52
67805 24 27862 848 39943 39095 3
67849 445 60016 85 7833 7748 32
68393 60 28500 440 39893 39453 0
68856 13 60882 126 7974 7848 8
68935 498 32377 435 36558 36123 33
70313 197 28814 861 41499 40638 2
70500 176 12957 1829 57543 55714 3
70587 188 6379 1529 64208 62679 30
71333 145 29023 874 42310 41436 4
71776 384 63587 90 8189 8099 11
71840 36 38457 473 33383 32910 16
74117 415 34481 401 39636 39235 28
74232 287 65553 112 8679 8567 23
74520 277 13282 1837 61238 59401 4
74679 225 58431 158 16248 16090 29
75509 252 7923 1296 67586 66290 20
76314 348 76144 57 170 113 1
76496 218 21145 1493 55351 53858 17
77679 389 9408 1495 68271 66776 2
78005 407 21762 1303 56243 54940 33
78362 203 12801 1287 65561 64274 2
78874 189 37761 400 41113 40713 24
79000 63 69975 119 9025 8906 0
79917 288 33116 494 46801 46307 9
80307 170 25546 1006 54761 53755 10
80366 104 49234 307 31132 30825 11
80521 85 80406 33 115 82 2
80595 483 17439 967 63156 62189 6
81305 434 63691 161 17614 17453 17
82157 380 49956 516 32201 31685 1
82729 264 39110 384 43619 43235 53
82868 239 64456 475 18412 17937 0
84859 56 13680 1274 71179 69905 6
85708 263 7866 1737 77842 76105 15
86095 47 59741 239 26354 26115 8
87562 417 8014 1907 79548 77641 14
88143 433 54376 303 33767 33464 32
89006 257 48596 362 40410 40048 11
89035 227 37686 563 51349 50786 1
90146 231 79786 119 10360 10241 19
90432 368 62751 252 27681 27429 22
91621 87 72016 179 19605 19426 16
92281 472 19761 1759 72520 70761 13
92474 21 29559 1281 62915 61634 25
92824 456 33933 628 58891 58263 51
93926 172 34092 1188 59834 58646 13
94403 66 39606 507 54797 54290 4
94900 499 94723 54 177 123 8
94914 400 74551 179 20363 20184 35
96667 154 67133 614 29534 28920 11
96841 370 27816 1102 69025 67923 1
97415 286 60206 317 37209 36892 10
97946 338 60572 274 37374 37100 10
98007 245 6580 2875 91427 88552 26
98191 303 9252 1749 88939 87190 25
98611 68 68734 685 29877 29192 4
99018 209 54403 373 44615 44242 8
