1144 7 868 261 276 15 0
1275 454 705 564 570 6 0
1885 436 779 937 1106 169 0
2216 250 1199 669 1017 348 0
2327 422 1804 235 523 288 6
2860 181 165 2196 2695 499 0
3112 369 2978 59 134 75 0
3308 317 1447 1184 1861 677 0
3390 184 37 2559 3353 794 0
4132 144 3406 404 726 322 32
4143 29 1478 1841 2665 824 0
4465 306 1809 1628 2656 1028 4
4714 123 1689 1863 3025 1162 20
5144 230 1129 2794 4015 1221 0
5251 19 2205 1810 3046 1236 12
5315 158 1312 2713 4003 1290 0
5336 297 1348 2439 3988 1549 0
5604 226 4036 724 1568 844 1
5719 78 1522 2629 4197 1568 0
5855 94 5037 342 818 476 1
6190 236 5047 612 1143 531 4
6541 118 3705 1485 2836 1351 13
6597 9 3516 1851 3081 1230 5
6628 271 4228 1323 2400 1077 3
6772 343 4270 1530 2502 972 2
7234 161 5809 884 1425 541 9
7331 169 3942 1729 3389 1660 10
7453 301 4350 1785 3103 1318 18
7557 449 5632 1032 1925 893 9
8050 140 6459 817 1591 774 3
8718 391 5410 1613 3308 1695 7
8777 390 7754 376 1023 647 9
9033 468 6913 1009 2120 1111 19
9299 76 6804 1326 2495 1169 3
9327 307 7621 529 1706 1177 2
10190 188 6379 1529 3811 2282 9
10562 18 8737 452 1825 1373 19
11645 14 5529 2730 6116 3386 6
11669 99 7381 1945 4288 2343 16
11798 406 8273 848 3525 2677 11
11855 305 9609 886 2246 1360 16
12117 425 9606 726 2511 1785 16
12180 272 8794 1116 3386 2270 30
12431 450 11630 178 801 623 0
12491 252 7923 1296 4568 3272 7
12651 245 6580 2875 6071 3196 12
12704 121 10526 464 2178 1714 21
13292 263 7866 1737 5426 3689 2
13314 493 8579 1817 4735 2918 3
13385 185 9490 1422 3895 2473 2
13782 417 8014 1907 5768 3861 3
13971 150 12839 247 1132 885 1
14389 318 13261 200 1128 928 15
14524 330 8564 1635 5960 4325 0
14596 419 10181 1221 4415 3194 1
14757 389 9408 1495 5349 3854 18
15156 345 11779 843 3377 2534 20
15181 303 9252 1749 5929 4180 16
15662 416 8421 2062 7241 5179 6
16186 247 15130 545 1056 511 9
16437 326 12494 1020 3943 2923 4
16550 253 11839 1741 4711 2970 11
16609 284 9627 2352 6982 4630 1
16668 372 6946 3402 9722 6320 15
17317 460 16107 411 1210 799 16
17589 203 12801 1287 4788 3501 16
18095 176 12957 1829 5138 3309 6
18155 20 12254 1796 5901 4105 19
18354 56 13680 1274 4674 3400 28
18362 277 13282 1837 5080 3243 11
18430 424 7228 3661 11202 7541 6
18641 492 17744 329 897 568 3
18944 195 15218 1326 3726 2400 20
19047 179 17925 216 1122 906 23
19573 358 19457 43 116 73 13
19873 200 16789 678 3084 2406 10
19947 160 11200 2578 8747 6169 2
19982 90 10121 2849 9861 7012 23
20228 310 12197 2492 8031 5539 8
20539 430 19346 193 1193 1000 6
20717 173 18771 371 1946 1575 1
21181 131 18917 398 2264 1866 3
21264 223 12930 2467 8334 5867 4
21394 96 13580 1941 7814 5873 1
21448 155 17188 1404 4260 2856 7
21883 483 17439 967 4444 3477 8
22131 335 17996 1241 4135 2894 5
22255 304 15501 2226 6754 4528 0
22281 327 12877 2845 9404 6559 1
22299 89 19530 791 2769 1978 8
22598 476 19770 772 2828 2056 4
22791 241 14315 2922 8476 5554 11
23145 48 17006 1928 6139 4211 9
23474 46 19845 1285 3629 2344 4
23492 496 23035 83 457 374 26
23598 238 21949 334 1649 1315 3
23708 124 15740 2202 7968 5766 11
24040 110 16883 2471 7157 4686 2
24370 62 18232 1575 6138 4563 5
24580 100 22477 408 2103 1695 0
24730 472 19761 1759 4969 3210 2
25296 218 21145 1493 4151 2658 17
25298 126 23634 579 1664 1085 6
25665 97 16037 2571 9628 7057 1
25799 407 21762 1303 4037 2734 2
25894 84 15309 2941 10585 7644 13
26071 134 20104 1909 5967 4058 35
26077 359 17160 2467 8917 6450 24
26578 451 19762 2125 6816 4691 4
26750 132 15852 2797 10898 8101 16
26757 27 20317 1648 6440 4792 20
26763 488 19966 1667 6797 5130 17
26885 339 24011 534 2874 2340 29
27457 23 26725 165 732 567 26
27929 349 21942 1753 5987 4234 7
28693 115 27753 177 940 763 2
28747 22 19509 2222 9238 7016 27
28826 204 25451 1099 3375 2276 43
29142 57 22812 1708 6330 4622 43
29191 270 28169 158 1022 864 5
29534 170 25546 1006 3988 2982 15
29722 164 18801 2988 10921 7933 13
30021 175 26813 770 3208 2438 6
30061 44 29960 48 101 53 4
30565 273 27199 452 3366 2914 0
30842 395 20439 2617 10403 7786 5
30844 414 29627 131 1217 1086 9
31956 24 27862 848 4094 3246 0
32022 267 23825 1813 8197 6384 1
32334 16 21323 2160 11011 8851 4
32345 60 28500 440 3845 3405 2
32522 40 29771 350 2751 2401 2
32576 361 26169 1627 6407 4780 30
32631 465 29822 372 2809 2437 3
32691 480 24073 2064 8618 6554 13
32845 103 29423 398 3422 3024 11
33028 199 25765 1313 7263 5950 5
33113 347 23503 1960 9610 7650 12
33142 197 28814 861 4328 3467 10
33173 399 24267 2181 8906 6725 11
33246 242 30574 381 2672 2291 0
33308 145 29023 874 4285 3411 2
33488 370 27816 1102 5672 4570 7
34187 249 25520 1227 8667 7440 39
34211 222 25821 1640 8390 6750 8
35081 21 29559 1281 5522 4241 6
35408 114 27548 1101 7860 6759 5
35656 498 32377 435 3279 2844 11
35672 168 35552 53 120 67 9
36207 255 26408 2478 9799 7321 34
36705 385 29700 1734 7005 5271 26
36734 136 25170 2091 11564 9473 11
37040 288 33116 494 3924 3430 26
37297 235 35371 303 1926 1623 0
38246 415 34481 401 3765 3364 16
38416 93 37640 80 776 696 0
38483 4 36401 231 2082 1851 2
39043 456 33933 628 5110 4482 7
39416 491 35925 344 3491 3147 23
39661 373 39543 52 118 66 3
39708 457 38879 79 829 750 7
39948 172 34092 1188 5856 4668 4
40020 259 37810 207 2210 2003 26
40167 73 40100 41 67 26 3
40304 64 29292 2675 11012 8337 4
40547 163 26010 2392 14537 12145 15
40842 428 29060 1716 11782 10066 5
41268 319 24428 3381 16840 13459 8
41753 28 35518 635 6235 5600 40
41889 33 34054 830 7835 7005 19
42031 189 37761 400 4270 3870 0
42336 36 38457 473 3879 3406 0
42347 466 40079 219 2268 2049 0
42430 458 34914 1286 7516 6230 2
42527 474 29241 2355 13286 10931 16
42850 227 37686 563 5164 4601 5
42917 418 34864 1354 8053 6699 4
43429 221 35631 791 7798 7007 15
43439 98 27734 2228 15705 13477 18
43457 264 39110 384 4347 3963 21
43540 52 27643 2690 15897 13207 7
43658 426 37045 661 6613 5952 21
43698 116 29725 1892 13973 12081 4
43974 143 26484 2873 17490 14617 10
44028 0 33383 1781 10645 8864 9
44309 357 29689 2516 14620 12104 34
44449 147 42164 208 2285 2077 1
44682 409 29069 2370 15613 13243 3
44712 66 39606 507 5106 4599 6
44865 431 32118 1875 12747 10872 35
45455 11 35780 1354 9675 8321 16
45811 314 33830 1270 11981 10711 0
45895 262 37675 954 8220 7266 13
46271 55 27603 3006 18668 15662 27
46763 444 40728 640 6035 5395 1
47786 162 41176 593 6610 6017 16
47808 439 34634 1866 13174 11308 20
48063 340 27013 3777 21050 17273 8
48170 299 28916 2809 19254 16445 8
48211 237 46293 479 1918 1439 11
48511 45 48409 41 102 61 30
48542 120 48471 30 71 41 8
48547 328 33376 2386 15171 12785 1
48950 308 41402 849 7548 6699 10
49113 139 43946 450 5167 4717 4
49115 461 31634 2099 17481 15382 16
49870 452 43484 994 6386 5392 11
50309 341 29266 3068 21043 17975 3
50629 364 49728 101 901 800 0
51076 113 36651 1751 14425 12674 0
51557 356 44830 652 6727 6075 13
51648 216 40238 1913 11410 9497 1
51818 54 37340 2300 14478 12178 9
51971 355 46393 474 5578 5104 18
52099 258 33466 2940 18633 15693 10
52227 243 42188 1040 10039 8999 2
52292 453 42194 1777 10098 8321 0
52604 437 31908 2403 20696 18293 0
52658 104 49234 307 3424 3117 11
52682 257 48596 362 4086 3724 4
52682 82 32331 3399 20351 16952 2
52726 39 42090 1696 10636 8940 7
52782 206 36707 2056 16075 14019 8
53145 51 42813 1422 10332 8910 26
53255 295 37777 2369 15478 13109 3
53412 171 41701 1273 11711 10438 1
53445 380 49956 516 3489 2973 13
53629 186 45687 915 7942 7027 1
54972 475 43659 1421 11313 9892 0
55033 31 34844 2508 20189 17681 4
55355 441 50250 678 5105 4427 15
55533 49 34126 3143 21407 18264 14
55756 448 38766 2012 16990 14978 11
55833 251 42204 1676 13629 11953 3
56803 479 37587 2625 19216 16591 33
56892 351 46970 1308 9922 8614 6
57155 167 48130 806 9025 8219 4
57338 278 49054 650 8284 7634 18
57368 109 43095 1655 14273 12618 5
57606 83 45357 1544 12249 10705 2
57831 433 54376 303 3455 3152 8
57937 266 35495 3159 22442 19283 9
58403 130 49926 731 8477 7746 10
58718 209 54403 373 4315 3942 0
59783 353 37330 3379 22453 19074 16
59802 312 51715 1024 8087 7063 8
59874 275 54166 825 5708 4883 4
60135 282 40619 2967 19516 16549 27
60379 320 50265 1491 10114 8623 1
60462 225 58431 158 2031 1873 17
61124 445 60016 85 1108 1023 10
61976 165 53478 1009 8498 7489 33
62082 13 60882 126 1200 1074 5
62269 65 49659 1370 12610 11240 1
63042 47 59741 239 3301 3062 4
63163 473 54408 818 8755 7937 1
64114 58 43572 2369 20542 18173 19
64707 286 60206 317 4501 4184 0
64958 384 63587 90 1371 1281 20
65168 440 56459 979 8709 7730 25
65263 338 60572 274 4691 4417 20
65280 265 45361 2042 19919 17877 1
65300 224 57004 1420 8296 6876 10
65385 146 53112 1359 12273 10914 4
65584 371 50372 2200 15212 13012 3
65869 101 48441 2063 17428 15365 1
66244 434 63691 161 2553 2392 1
66505 368 62751 252 3754 3502 10
66724 287 65553 112 1171 1059 2
66930 283 58679 889 8251 7362 12
67132 239 64456 475 2676 2201 4
67155 128 48383 1636 18772 17136 1
67475 383 43427 2273 24048 21775 1
67543 148 44321 2538 23222 20684 21
67773 470 44011 2507 23762 21255 0
68169 279 50354 1859 17815 15956 12
68211 34 42314 2410 25897 23487 1
68499 485 50980 2396 17519 15123 11
69603 311 53905 1222 15698 14476 4
69929 43 47499 2266 22430 20164 1
70328 289 44892 2480 25436 22956 3
70609 108 64399 459 6210 5751 3
70830 129 44287 2664 26543 23879 6
70980 77 65981 282 4999 4717 6
71372 154 67133 614 4239 3625 0
71388 63 69975 119 1413 1294 7
71393 309 59195 1125 12198 11073 3
71538 159 61694 666 9844 9178 8
71616 178 47277 2778 24339 21561 18
71742 276 55442 2254 16300 14046 12
72270 325 65620 549 6650 6101 0
72287 166 54910 1865 17377 15512 29
72863 302 55682 1482 17181 15699 0
73173 489 60426 1275 12747 11472 1
73211 68 68734 685 4477 3792 5
73287 342 67727 454 5560 5106 18
73471 72 53584 1731 19887 18156 1
73679 248 45022 2715 28657 25942 5
74063 61 68548 369 5515 5146 1
74882 87 72016 179 2866 2687 33
75076 300 46455 2666 28621 25955 20
75239 92 50695 1841 24544 22703 10
75492 487 54405 2119 21087 18968 1
75498 232 53563 2044 21935 19891 13
76092 25 71887 203 4205 4002 4
76192 350 42470 3998 33722 29724 15
76249 348 76144 57 105 48 4
76480 187 46500 2788 29980 27192 0
76494 379 53750 2596 22744 20148 14
76608 323 60077 1284 16531 15247 10
76631 190 58156 1441 18475 17034 2
76833 410 56833 1352 20000 18648 8
76875 254 62518 1172 14357 13185 21
77355 400 74551 179 2804 2625 29
77443 207 55351 2285 22092 19807 2
77508 41 69289 404 8219 7815 18
77899 149 74033 233 3866 3633 8
78048 462 58073 2117 19975 17858 5
78084 367 70417 1358 7667 6309 1
78148 269 71610 352 6538 6186 7
78551 363 69034 693 9517 8824 23
79994 294 67811 802 12183 11381 2
80362 6 76483 224 3879 3655 0
80510 85 80406 33 104 71 1
80860 362 68426 957 12434 11477 29
80966 234 57708 2498 23258 20760 6
81060 67 58390 1965 22670 20705 14
81294 213 53605 2088 27689 25601 0
81374 231 79786 119 1588 1469 8
81741 106 63370 919 18371 17452 0
82571 316 58093 3068 24478 21410 10
83014 411 62491 1853 20523 18670 0
83029 421 50506 2886 32523 29637 6
83042 1 63431 1993 19611 17618 2
83297 30 80191 139 3106 2967 12
83798 376 55840 1916 27958 26042 15
83875 290 69324 1235 14551 13316 3
83903 198 57663 1723 26240 24517 30
84112 432 80953 156 3159 3003 0
84115 381 56167 2589 27948 25359 40
84145 219 77032 361 7113 6752 1
84259 3 56589 2370 27670 25300 6
84398 471 81308 156 3090 2934 7
84411 80 58679 1883 25732 23849 9
84689 398 65390 1738 19299 17561 21
84744 386 72178 762 12566 11804 17
84749 292 70638 898 14111 13213 1
84917 193 63146 1590 21771 20181 0
85425 375 79106 603 6319 5716 29
85572 455 61670 1737 23902 22165 10
85692 70 67263 1822 18429 16607 5
85865 377 62101 1572 23764 22192 6
86552 32 50747 2782 35805 33023 13
86737 201 60084 2079 26653 24574 6
86827 228 60335 2058 26492 24434 14
87614 74 65719 1546 21895 20349 11
87703 196 48868 3096 38835 35739 5
87965 366 79432 379 8533 8154 14
88078 481 63636 1703 24442 22739 6
88654 156 80266 401 8388 7987 5
89334 482 59336 1925 29998 28073 14
89567 268 65089 1643 24478 22835 0
89656 229 79649 469 10007 9538 34
90248 202 79733 930 10515 9585 17
91661 53 70439 1519 21222 19703 12
91819 464 67855 1591 23964 22373 31
91832 133 71904 1403 19928 18525 7
92005 214 58675 2526 33330 30804 10
92119 490 70375 2017 21744 19727 10
92591 215 83934 422 8657 8235 7
92788 298 63428 2412 29360 26948 4
92933 405 75817 975 17116 16141 36
93393 79 77254 1226 16139 14913 1
93679 210 56463 2489 37216 34727 24
93795 401 69249 1791 24546 22755 11
93893 151 90680 183 3213 3030 10
93936 138 52788 3239 41148 37909 4
94176 35 72478 1555 21698 20143 2
94399 484 53320 2853 41079 38226 1
94484 112 89693 238 4791 4553 10
94534 394 87016 335 7518 7183 7
94837 499 94723 54 114 60 0
94952 141 88695 274 6257 5983 16
95010 392 78325 1411 16685 15274 13
95040 423 59056 2612 35984 33372 23
95046 71 85938 631 9108 8477 15
95137 408 64572 1892 30565 28673 4
95275 125 82092 585 13183 12598 13
95388 81 93832 98 1556 1458 1
95505 429 92349 152 3156 3004 15
95780 212 65000 2019 30780 28761 24
96376 324 67494 2403 28882 26479 8
96759 50 73497 1785 23262 21477 6
96823 211 60745 2784 36078 33294 9
96993 137 85124 667 11869 11202 20
97158 477 88025 391 9133 8742 4
97191 469 91008 299 6183 5884 1
97381 217 67344 2063 30037 27974 9
97647 91 71309 2131 26338 24207 8
98004 8 61487 3090 36517 33427 20
98017 244 93572 225 4445 4220 0
98150 38 80150 1401 18000 16599 1
98211 75 83571 1071 14640 13569 1
98442 208 83276 1377 15166 13789 7
98498 463 73806 1683 24692 23009 4
99448 291 57638 3614 41810 38196 2
99519 296 92031 636 7488 6852 40
