1132 7 868 261 264 3 0
1305 454 705 564 600 36 0
1923 436 779 937 1144 207 0
2271 250 1199 669 1072 403 0
2361 422 1804 235 557 322 30
2942 181 165 2196 2777 581 0
3099 369 2978 59 121 62 18
3335 317 1447 1184 1888 704 0
3644 184 37 2559 3607 1048 0
4122 144 3406 404 716 312 12
4355 29 1478 1841 2877 1036 0
4531 306 1809 1628 2722 1094 25
4948 123 1689 1863 3259 1396 40
5194 230 1129 2794 4065 1271 0
5407 19 2205 1810 3202 1392 28
5490 297 1348 2439 4142 1703 0
5579 158 1312 2713 4267 1554 0
5833 226 4036 724 1797 1073 32
5968 78 1522 2629 4446 1817 0
6021 94 5037 342 984 642 23
6316 236 5047 612 1269 657 33
6748 9 3516 1851 3232 1381 28
6895 118 3705 1485 3190 1705 24
6974 271 4228 1323 2746 1423 26
7188 343 4270 1530 2918 1388 33
7443 161 5809 884 1634 750 46
7778 301 4350 1785 3428 1643 37
7862 169 3942 1729 3920 2191 27
7919 449 5632 1032 2287 1255 42
8385 140 6459 817 1926 1109 18
9066 390 7754 376 1312 936 46
9242 468 6913 1009 2329 1320 26
9371 391 5410 1613 3961 2348 33
9385 76 6804 1326 2581 1255 27
9483 307 7621 529 1862 1333 39
10604 188 6379 1529 4225 2696 8
10866 18 8737 452 2129 1677 64
11864 99 7381 1945 4483 2538 41
12018 406 8273 848 3745 2897 40
12222 305 9609 886 2613 1727 60
12591 14 5529 2730 7062 4332 40
12592 425 9606 726 2986 2260 57
12624 272 8794 1116 3830 2714 70
12637 450 11630 178 1007 829 71
12855 252 7923 1296 4932 3636 39
12944 121 10526 464 2418 1954 72
13219 185 9490 1422 3729 2307 53
13419 245 6580 2875 6839 3964 23
13852 263 7866 1737 5986 4249 39
13952 493 8579 1817 5373 3556 70
14358 150 12839 247 1519 1272 80
14467 417 8014 1907 6453 4546 53
14471 318 13261 200 1210 1010 104
14983 419 10181 1221 4802 3581 74
15070 330 8564 1635 6506 4871 53
15364 389 9408 1495 5956 4461 50
15676 303 9252 1749 6424 4675 75
15680 416 8421 2062 7259 5197 39
15771 345 11779 843 3992 3149 87
16424 247 15130 545 1294 749 73
16960 253 11839 1741 5121 3380 90
17142 326 12494 1020 4648 3628 97
17282 460 16107 411 1175 764 79
17316 284 9627 2352 7689 5337 61
18209 372 6946 3402 11263 7861 50
18273 203 12801 1287 5472 4185 76
18653 176 12957 1829 5696 3867 96
18799 492 17744 329 1055 726 94
18812 277 13282 1837 5530 3693 106
18903 20 12254 1796 6649 4853 93
18970 56 13680 1274 5290 4016 117
19193 195 15218 1326 3975 2649 81
19273 179 17925 216 1348 1132 114
19862 358 19457 43 405 362 117
20333 424 7228 3661 13105 9444 28
20441 200 16789 678 3652 2974 98
20711 430 19346 193 1365 1172 102
20742 160 11200 2578 9542 6964 77
21325 173 18771 371 2554 2183 92
21452 310 12197 2492 9255 6763 87
21660 131 18917 398 2743 2345 93
21790 90 10121 2849 11669 8820 69
22076 223 12930 2467 9146 6679 99
22217 155 17188 1404 5029 3625 102
22538 96 13580 1941 8958 7017 112
22633 483 17439 967 5194 4227 87
22756 335 17996 1241 4760 3519 116
23113 476 19770 772 3343 2571 132
23122 89 19530 791 3592 2801 113
23399 304 15501 2226 7898 5672 76
23513 327 12877 2845 10636 7791 89
23622 496 23035 83 587 504 109
23707 241 14315 2922 9392 6470 97
23863 46 19845 1285 4018 2733 128
24111 48 17006 1928 7105 5177 81
24223 238 21949 334 2274 1940 107
24628 124 15740 2202 8888 6686 74
24995 110 16883 2471 8112 5641 88
25130 100 22477 408 2653 2245 120
25297 62 18232 1575 7065 5490 105
25540 472 19761 1759 5779 4020 113
25788 126 23634 579 2154 1575 116
26017 218 21145 1493 4872 3379 113
26543 407 21762 1303 4781 3478 98
26661 134 20104 1909 6557 4648 113
27329 84 15309 2941 12020 9079 78
27420 97 16037 2571 11383 8812 76
27579 359 17160 2467 10419 7952 84
27615 339 24011 534 3604 3070 95
27906 451 19762 2125 8144 6019 122
27981 488 19966 1667 8015 6348 125
28109 23 26725 165 1384 1219 124
28477 27 20317 1648 8160 6512 125
29069 204 25451 1099 3618 2519 90
29135 349 21942 1753 7193 5440 111
29158 115 27753 177 1405 1228 135
29373 132 15852 2797 13521 10724 67
29464 270 28169 158 1295 1137 125
29885 57 22812 1708 7073 5365 116
30087 175 26813 770 3274 2504 127
30467 170 25546 1006 4921 3915 100
30581 44 29960 48 621 573 187
31092 414 29627 131 1465 1334 167
31277 273 27199 452 4078 3626 134
31915 22 19509 2222 12406 10184 112
32160 24 27862 848 4298 3450 137
32177 164 18801 2988 13376 10388 96
32726 60 28500 440 4226 3786 130
32751 395 20439 2617 12312 9695 119
33449 40 29771 350 3678 3328 189
33497 103 29423 398 4074 3676 161
33620 267 23825 1813 9795 7982 102
33689 145 29023 874 4666 3792 158
33699 465 29822 372 3877 3505 201
33701 361 26169 1627 7532 5905 113
33996 197 28814 861 5182 4321 138
34403 480 24073 2064 10330 8266 106
34495 199 25765 1313 8730 7417 112
34565 370 27816 1102 6749 5647 141
34600 242 30574 381 4026 3645 187
34981 16 21323 2160 13658 11498 133
35020 347 23503 1960 11517 9557 99
35174 399 24267 2181 10907 8726 109
35649 222 25821 1640 9828 8188 112
35812 249 25520 1227 10292 9065 102
36203 168 35552 53 651 598 200
36528 21 29559 1281 6969 5688 158
36766 114 27548 1101 9218 8117 129
36893 498 32377 435 4516 4081 178
37774 385 29700 1734 8074 6340 178
37840 255 26408 2478 11432 8954 112
37894 235 35371 303 2523 2220 178
38471 288 33116 494 5355 4861 195
38640 93 37640 80 1000 920 220
38709 415 34481 401 4228 3827 183
38812 136 25170 2091 13642 11551 95
39225 4 36401 231 2824 2593 193
39914 457 38879 79 1035 956 237
40183 491 35925 344 4258 3914 208
40267 172 34092 1188 6175 4987 178
40280 373 39543 52 737 685 247
40367 456 33933 628 6434 5806 174
40530 259 37810 207 2720 2513 224
40761 73 40100 41 661 620 202
41739 458 34914 1286 6825 5539 191
41908 64 29292 2675 12616 9941 162
42538 28 35518 635 7020 6385 192
42611 428 29060 1716 13551 11835 163
42821 189 37761 400 5060 4660 229
42835 466 40079 219 2756 2537 202
42895 36 38457 473 4438 3965 241
43514 33 34054 830 9460 8630 174
43602 163 26010 2392 17592 15200 107
43651 227 37686 563 5965 5402 230
43994 418 34864 1354 9130 7776 178
44190 474 29241 2355 14949 12594 154
44298 264 39110 384 5188 4804 240
44363 319 24428 3381 19935 16554 115
44608 221 35631 791 8977 8186 191
44788 426 37045 661 7743 7082 202
45198 147 42164 208 3034 2826 233
45422 0 33383 1781 12039 10258 186
45758 66 39606 507 6152 5645 247
45859 52 27643 2690 18216 15526 128
45927 357 29689 2516 16238 13722 175
46216 98 27734 2228 18482 16254 133
46389 116 29725 1892 16664 14772 181
46406 262 37675 954 8731 7777 225
46497 11 35780 1354 10717 9363 201
46528 431 32118 1875 14410 12535 186
47506 409 29069 2370 18437 16067 169
47615 143 26484 2873 21131 18258 123
47892 444 40728 640 7164 6524 221
48191 314 33830 1270 14361 13091 181
48765 55 27603 3006 21162 18156 126
48778 237 46293 479 2485 2006 240
48886 328 33376 2386 15510 13124 179
49037 120 48471 30 566 536 261
49119 162 41176 593 7943 7350 221
49242 45 48409 41 833 792 256
50111 308 41402 849 8709 7860 240
50335 139 43946 450 6389 5939 266
50805 439 34634 1866 16171 14305 177
50975 299 28916 2809 22059 19250 152
51165 461 31634 2099 19531 17432 187
51528 364 49728 101 1800 1699 263
51545 340 27013 3777 24532 20755 137
51815 452 43484 994 8331 7337 272
52466 216 40238 1913 12228 10315 232
52790 113 36651 1751 16139 14388 197
53098 356 44830 652 8268 7616 262
53217 355 46393 474 6824 6350 245
53248 54 37340 2300 15908 13608 204
53499 341 29266 3068 24233 21165 159
54014 104 49234 307 4780 4473 253
54227 257 48596 362 5631 5269 253
54353 39 42090 1696 12263 10567 231
54643 243 42188 1040 12455 11415 241
54759 258 33466 2940 21293 18353 173
54764 453 42194 1777 12570 10793 242
54777 380 49956 516 4821 4305 285
54942 51 42813 1422 12129 10707 254
55418 206 36707 2056 18711 16655 187
55535 295 37777 2369 17758 15389 234
55811 171 41701 1273 14110 12837 248
55839 186 45687 915 10152 9237 261
56115 437 31908 2403 24207 21804 177
56249 82 32331 3399 23918 20519 172
56448 475 43659 1421 12789 11368 266
57496 441 50250 678 7246 6568 266
57668 31 34844 2508 22824 20316 168
58305 251 42204 1676 16101 14425 253
58649 351 46970 1308 11679 10371 247
58999 278 49054 650 9945 9295 266
59203 448 38766 2012 20437 18425 224
59262 49 34126 3143 25136 21993 186
59300 167 48130 806 11170 10364 246
59596 433 54376 303 5220 4917 293
59907 479 37587 2625 22320 19695 213
60093 109 43095 1655 16998 15343 241
60457 130 49926 731 10531 9800 275
60461 83 45357 1544 15104 13560 244
60667 209 54403 373 6264 5891 300
61336 225 58431 158 2905 2747 347
61633 275 54166 825 7467 6642 293
61714 312 51715 1024 9999 8975 272
61848 445 60016 85 1832 1747 317
62265 266 35495 3159 26770 23611 180
62773 47 59741 239 3032 2793 322
62958 320 50265 1491 12693 11202 271
62973 353 37330 3379 25643 22264 193
63493 13 60882 126 2611 2485 365
64231 165 53478 1009 10753 9744 289
64643 282 40619 2967 24024 21057 225
64911 65 49659 1370 15252 13882 269
65661 384 63587 90 2074 1984 388
66023 473 54408 818 11615 10797 303
66158 338 60572 274 5586 5312 364
66179 440 56459 979 9720 8741 266
66565 286 60206 317 6359 6042 322
66954 224 57004 1420 9950 8530 309
67364 239 64456 475 2908 2433 390
67492 434 63691 161 3801 3640 391
67723 146 53112 1359 14611 13252 273
67792 371 50372 2200 17420 15220 290
68107 58 43572 2369 24535 22166 279
68198 287 65553 112 2645 2533 407
68230 283 58679 889 9551 8662 342
68242 368 62751 252 5491 5239 369
68932 101 48441 2063 20491 18428 261
69656 265 45361 2042 24295 22253 241
70321 128 48383 1636 21938 20302 256
71226 485 50980 2396 20246 17850 301
72527 279 50354 1859 22173 20314 279
72772 311 53905 1222 18867 17645 290
72981 63 69975 119 3006 2887 428
73005 470 44011 2507 28994 26487 272
73011 77 65981 282 7030 6748 416
73116 43 47499 2266 25617 23351 257
73217 154 67133 614 6084 5470 413
73542 383 43427 2273 30115 27842 260
73654 108 64399 459 9255 8796 387
73799 148 44321 2538 29478 26940 242
73812 309 59195 1125 14617 13492 338
74167 34 42314 2410 31853 29443 249
74291 159 61694 666 12597 11931 352
74386 325 65620 549 8766 8217 404
74658 166 54910 1865 19748 17883 286
75146 61 68548 369 6598 6229 428
75198 489 60426 1275 14772 13497 347
75203 276 55442 2254 19761 17507 292
75237 342 67727 454 7510 7056 444
75664 68 68734 685 6930 6245 431
75913 289 44892 2480 31021 28541 275
76198 302 55682 1482 20516 19034 299
76701 87 72016 179 4685 4506 493
76719 178 47277 2778 29442 26664 261
77073 92 50695 1841 26378 24537 283
77170 129 44287 2664 32883 30219 250
77469 72 53584 1731 23885 22154 290
77600 25 71887 203 5713 5510 487
77629 348 76144 57 1485 1428 475
78228 248 45022 2715 33206 30491 273
78295 379 53750 2596 24545 21949 286
78627 487 54405 2119 24222 22103 306
78647 367 70417 1358 8230 6872 464
78846 254 62518 1172 16328 15156 351
78851 300 46455 2666 32396 29730 246
79046 400 74551 179 4495 4316 492
79597 323 60077 1284 19520 18236 325
79690 41 69289 404 10401 9997 433
79748 232 53563 2044 26185 24141 288
79793 190 58156 1441 21637 20196 347
80008 149 74033 233 5975 5742 511
80016 462 58073 2117 21943 19826 338
80155 410 56833 1352 23322 21970 308
80252 350 42470 3998 37782 33784 241
80552 207 55351 2285 25201 22916 280
80649 269 71610 352 9039 8687 478
80711 363 69034 693 11677 10984 420
81379 85 80406 33 973 940 466
82250 294 67811 802 14439 13637 441
82262 67 58390 1965 23872 21907 341
82365 6 76483 224 5882 5658 486
82370 187 46500 2788 35870 33082 247
82765 231 79786 119 2979 2860 454
83754 30 80191 139 3563 3424 468
84144 234 57708 2498 26436 23938 300
84278 362 68426 957 15852 14895 424
84859 411 62491 1853 22368 20515 353
85120 316 58093 3068 27027 23959 339
85124 432 80953 156 4171 4015 487
85480 290 69324 1235 16156 14921 431
85501 106 63370 919 22131 21212 374
85513 471 81308 156 4205 4049 477
85734 1 63431 1993 22303 20310 378
85943 398 65390 1738 20553 18815 403
86635 375 79106 603 7529 6926 466
86700 219 77032 361 9668 9307 475
86738 292 70638 898 16100 15202 476
86984 193 63146 1590 23838 22248 369
87496 213 53605 2088 33891 31803 292
87736 3 56589 2370 31147 28777 280
87746 198 57663 1723 30083 28360 301
88012 381 56167 2589 31845 29256 285
88289 386 72178 762 16111 15349 499
88382 70 67263 1822 21119 19297 430
88663 421 50506 2886 38157 35271 290
88722 366 79432 379 9290 8911 457
88935 80 58679 1883 30256 28373 335
88979 376 55840 1916 33139 31223 297
89031 455 61670 1737 27361 25624 350
89660 74 65719 1546 23941 22395 424
90450 377 62101 1572 28349 26777 354
90480 228 60335 2058 30145 28087 337
91154 156 80266 401 10888 10487 480
92179 229 79649 469 12530 12061 452
92183 202 79733 930 12450 11520 459
92258 201 60084 2079 32174 30095 324
92706 481 63636 1703 29070 27367 382
93050 196 48868 3096 44182 41086 271
93537 32 50747 2782 42790 40008 281
94251 268 65089 1643 29162 27519 406
94437 133 71904 1403 22533 21130 491
94504 298 63428 2412 31076 28664 380
94664 482 59336 1925 35328 33403 323
95066 79 77254 1226 17812 16586 463
95637 53 70439 1519 25198 23679 464
95686 464 67855 1591 27831 26240 444
95866 215 83934 422 11932 11510 510
95994 71 85938 631 10056 9425 504
96300 394 87016 335 9284 8949 521
96355 151 90680 183 5675 5492 531
96416 112 89693 238 6723 6485 465
96445 141 88695 274 7750 7476 495
96448 499 94723 54 1725 1671 561
96514 490 70375 2017 26139 24122 464
96686 214 58675 2526 38011 35485 335
96697 81 93832 98 2865 2767 550
96878 35 72478 1555 24400 22845 528
96912 429 92349 152 4563 4411 547
97014 405 75817 975 21197 20222 471
97806 125 82092 585 15714 15129 489
98075 392 78325 1411 19750 18339 461
98721 210 56463 2489 42258 39769 268
99005 477 88025 391 10980 10589 484
99069 401 69249 1791 29820 28029 429
99327 423 59056 2612 40271 37659 334
99380 138 52788 3239 46592 43353 282
99400 469 91008 299 8392 8093 542
99414 137 85124 667 14290 13623 517
99423 212 65000 2019 34423 32404 390
99557 408 64572 1892 34985 33093 386
