1617 7 868 261 749 488 26
2487 454 705 564 1782 1218 0
3365 422 1804 235 1561 1326 83
3397 369 2978 59 419 360 120
4451 436 779 937 3672 2735 10
4457 250 1199 669 3258 2589 12
5806 144 3406 404 2400 1996 86
6906 181 165 2196 6741 4545 0
8056 317 1447 1184 6609 5425 54
10293 94 5037 342 5256 4914 137
11304 236 5047 612 6257 5645 167
12675 306 1809 1628 10866 9238 84
15907 226 4036 724 11871 11147 160
16400 161 5809 884 10591 9707 216
17154 450 11630 178 5524 5346 498
17598 390 7754 376 9844 9468 300
19239 29 1478 1841 17761 15920 65
19271 230 1129 2794 18142 15348 38
20259 318 13261 200 6998 6798 587
21138 76 6804 1326 14334 13008 233
22037 358 19457 43 2580 2537 776
22256 150 12839 247 9417 9170 547
22359 307 7621 529 14738 14209 298
22392 247 15130 545 7262 6717 618
22754 460 16107 411 6647 6236 688
23159 184 37 2559 23122 20563 0
23350 468 6913 1009 16437 15428 264
23445 18 8737 452 14708 14256 356
23875 492 17744 329 6131 5802 749
24029 140 6459 817 17570 16753 213
24216 305 9609 886 14607 13721 426
24780 449 5632 1032 19148 18116 196
26862 158 1312 2713 25550 22837 23
26974 123 1689 1863 25285 23422 64
27663 179 17925 216 9738 9522 728
27811 496 23035 83 4776 4693 898
28346 19 2205 1810 26141 24331 131
28467 121 10526 464 17941 17477 447
28612 430 19346 193 9266 9073 761
28744 271 4228 1323 24516 23193 170
29514 9 3516 1851 25998 24147 113
29644 343 4270 1530 25374 23844 182
30923 425 9606 726 21317 20591 426
31895 185 9490 1422 22405 20983 416
33695 44 29960 48 3735 3687 1195
35790 118 3705 1485 32085 30600 134
36611 301 4350 1785 32261 30476 192
37216 272 8794 1116 28422 27306 370
37905 23 26725 165 11180 11015 1020
38510 270 28169 158 10341 10183 1093
38514 78 1522 2629 36992 34363 68
38946 414 29627 131 9319 9188 1151
39241 99 7381 1945 31860 29915 279
39490 115 27753 177 11737 11560 1076
39502 173 18771 371 20731 20360 711
40045 168 35552 53 4493 4440 1444
41376 131 18917 398 22459 22061 728
42614 126 23634 579 18980 18401 880
43938 238 21949 334 21989 21655 890
44064 93 37640 80 6424 6344 1501
44445 373 39543 52 4902 4850 1542
45035 73 40100 41 4935 4894 1571
45468 457 38879 79 6589 6510 1566
46362 406 8273 848 38089 37241 348
46810 345 11779 843 35031 34188 500
47051 476 19770 772 27281 26509 808
48742 297 1348 2439 47394 44955 27
48758 195 15218 1326 33540 32214 632
50491 89 19530 791 30961 30170 808
50626 100 22477 408 28149 27741 895
51601 493 8579 1817 43022 41205 346
52006 46 19845 1285 32161 30876 853
52059 391 5410 1613 46649 45036 203
52289 120 48471 30 3818 3788 1851
52415 175 26813 770 25602 24832 1019
52545 253 11839 1741 40706 38965 508
52637 200 16789 678 35848 35170 678
54044 419 10181 1221 43863 42642 459
54154 45 48409 41 5745 5704 1829
54250 235 35371 303 18879 18576 1416
55595 204 25451 1099 30144 29045 919
56442 169 3942 1729 52500 50771 132
57688 259 37810 207 19878 19671 1558
57826 4 36401 231 21425 21194 1458
59551 40 29771 350 29780 29430 1190
60229 188 6379 1529 53850 52321 209
60883 466 40079 219 20804 20585 1568
61534 335 17996 1241 43538 42297 740
61783 326 12494 1020 49289 48269 518
61958 465 29822 372 32136 31764 1186
62191 364 49728 101 12463 12362 1895
62808 237 46293 479 16515 16036 1766
62976 24 27862 848 35114 34266 1089
63524 103 29423 398 34101 33703 1145
63856 147 42164 208 21692 21484 1637
63969 155 17188 1404 46781 45377 705
65291 252 7923 1296 57368 56072 320
65667 145 29023 874 36644 35770 1053
65863 273 27199 452 38664 38212 1033
65879 242 30574 381 35305 34924 1218
66229 60 28500 440 37729 37289 1078
66625 277 13282 1837 53343 51506 602
67220 339 24011 534 43209 42675 918
70001 176 12957 1829 57044 55215 570
70990 218 21145 1493 49845 48352 880
71275 415 34481 401 36794 36393 1362
71299 491 35925 344 35374 35030 1460
72250 445 60016 85 12234 12149 2225
72645 197 28814 861 43831 42970 1041
73352 36 38457 473 34895 34422 1523
74530 170 25546 1006 48984 47978 931
74814 407 21762 1303 53052 51749 871
74962 498 32377 435 42585 42150 1247
76468 203 12801 1287 63667 62380 525
76600 389 9408 1495 67192 65697 396
76650 384 63587 90 13063 12973 2382
77872 56 13680 1274 64192 62918 609
78774 225 58431 158 20343 20185 2202
78896 483 17439 967 61457 60490 718
79113 13 60882 126 18231 18105 2315
79463 263 7866 1737 71597 69860 296
80342 189 37761 400 42581 42181 1536
80504 47 59741 239 20763 20524 2260
80886 239 64456 475 16430 15955 2417
81291 472 19761 1759 61530 59771 796
81934 287 65553 112 16381 16269 2483
82958 264 39110 384 43848 43464 1555
84970 348 76144 57 8826 8769 2874
85538 288 33116 494 52422 51928 1248
86006 172 34092 1188 51914 50726 1352
86469 85 80406 33 6063 6030 2973
87121 245 6580 2875 80541 77666 223
87288 63 69975 119 17313 17194 2602
87598 380 49956 516 37642 37126 1902
87728 303 9252 1749 78476 76727 400
88790 434 63691 161 25099 24938 2399
89011 330 8564 1635 80447 78812 355
89020 104 49234 307 39786 39479 1880
89567 227 37686 563 51881 51318 1518
90005 417 8014 1907 81991 80084 316
93578 66 39606 507 53972 53465 1553
94027 458 34914 1286 59113 57827 1390
96149 21 29559 1281 66590 65309 1135
96680 20 12254 1796 84426 82630 527
97360 456 33933 628 63427 62799 1310
97714 370 27816 1102 69898 68796 1092
97949 433 54376 303 43573 43270 2006
98183 257 48596 362 49587 49225 1867
99117 231 79786 119 19331 19212 2937
