3787 7 868 261 2919 2658 53
4025 369 2978 59 1047 988 304
6235 422 1804 235 4431 4196 155
9319 454 705 564 8614 8050 27
11907 144 3406 404 8501 8097 338
19194 436 779 937 18415 17478 37
21137 250 1199 669 19938 19269 121
25740 358 19457 43 6283 6240 1912
27075 450 11630 178 15445 15267 1109
27435 94 5037 342 22398 22056 462
31120 236 5047 612 26073 25461 494
33954 318 13261 200 20693 20493 1359
34226 460 16107 411 18119 17708 1531
34309 492 17744 329 16565 16236 1745
35651 247 15130 545 20521 19976 1420
36787 496 23035 83 13752 13669 2222
39864 44 29960 48 9904 9856 3087
43759 150 12839 247 30920 30673 1265
47287 168 35552 53 11735 11682 3524
47535 390 7754 376 39781 39405 724
49536 430 19346 193 30190 29997 1897
50410 179 17925 216 32485 32269 1732
52579 373 39543 52 13036 12984 3927
53318 73 40100 41 13218 13177 3975
53375 317 1447 1184 51928 50744 169
54946 93 37640 80 17306 17226 3719
56157 161 5809 884 50348 49464 511
56774 457 38879 79 17895 17816 3907
57335 414 29627 131 27708 27577 2984
58246 120 48471 30 9775 9745 4741
59825 270 28169 158 31656 31498 2754
62273 23 26725 165 35548 35383 2570
63686 45 48409 41 15277 15236 4698
64734 115 27753 177 36981 36804 2739
71131 305 9609 886 61522 60636 1019
75585 76 6804 1326 68781 67455 603
77967 18 8737 452 69230 68778 919
81565 307 7621 529 73944 73415 710
86511 364 49728 101 36783 36682 4824
90204 226 4036 724 86168 85444 374
95340 445 60016 85 35324 35239 5748
96020 306 1809 1628 94211 92583 192
96400 126 23634 579 72766 72187 2170
96666 85 80406 33 16260 16227 7818
97559 468 6913 1009 90646 89637 639
97670 237 46293 479 51377 50898 4597
98877 235 35371 303 63506 63203 3495
