3380 7 868 261 2512 2251 144
4614 369 2978 59 1636 1577 752
5644 422 1804 235 3840 3605 402
7486 454 705 564 6781 6217 52
11667 144 3406 404 8261 7857 663
17124 436 779 937 16345 15408 80
17295 250 1199 669 16096 15427 241
21166 94 5037 342 16129 15787 948
23686 358 19457 43 4229 4186 4186
26167 450 11630 178 14537 14359 2532
26692 236 5047 612 21645 21033 1040
30257 318 13261 200 16996 16796 3167
32448 492 17744 329 14704 14375 3880
34547 247 15130 545 19417 18872 3410
34683 496 23035 83 11648 11565 5009
36174 150 12839 247 23335 23088 3005
37218 44 29960 48 7258 7210 7210
37375 460 16107 411 21268 20857 3770
39057 317 1447 1184 37610 36426 338
40395 390 7754 376 32641 32265 1748
43287 430 19346 193 23941 23748 4144
47709 161 5809 884 41900 41016 1184
49553 73 40100 41 9453 9412 9412
49621 179 17925 216 31696 31480 3954
53819 168 35552 53 18267 18214 8051
55633 414 29627 131 26006 25875 7012
56997 93 37640 80 19357 19277 8682
58904 457 38879 79 20025 19946 9181
59405 45 48409 41 10996 10955 10955
59589 120 48471 30 11118 11088 11088
60051 373 39543 52 20508 20456 9282
60832 23 26725 165 34107 33942 5979
62931 305 9609 886 53322 52436 2408
63265 115 27753 177 35512 35335 6408
64239 270 28169 158 36070 35912 6548
70405 468 6913 1009 63492 62483 1467
70796 76 6804 1326 63992 62666 1321
71156 18 8737 452 62419 61967 2148
71639 226 4036 724 67603 66879 834
73882 306 1809 1628 72073 70445 448
74198 307 7621 529 66577 66048 1626
82185 126 23634 579 58551 57972 5175
84689 121 10526 464 74163 73699 2460
89827 445 60016 85 29811 29726 13226
91371 364 49728 101 41643 41542 11223
91414 238 21949 334 69465 69131 4846
91891 140 6459 817 85432 84615 1258
92485 425 9606 726 82879 82153 2360
94946 384 63587 90 31359 31269 14185
95538 173 18771 371 76767 76396 4079
95893 131 18917 398 76976 76578 4131
97676 235 35371 303 62305 62002 7917
98373 85 80406 33 17967 17934 17934
