1832 7 868 261 964 703 11
3053 454 705 564 2348 1784 0
3508 369 2978 59 530 471 34
3736 422 1804 235 1932 1697 23
5750 436 779 937 4971 4034 4
5753 250 1199 669 4554 3885 15
6476 144 3406 404 3070 2666 38
9239 181 165 2196 9074 6878 0
11175 317 1447 1184 9728 8544 9
12042 94 5037 342 7005 6663 54
13166 236 5047 612 8119 7507 55
18360 306 1809 1628 16551 14923 24
18616 450 11630 178 6986 6808 146
20003 161 5809 884 14194 13310 65
21147 390 7754 376 13393 13017 92
21288 226 4036 724 17252 16528 43
21903 358 19457 43 2446 2403 239
22417 318 13261 200 9156 8956 170
23064 247 15130 545 7934 7389 187
24059 460 16107 411 7952 7541 206
24568 150 12839 247 11729 11482 162
24885 76 6804 1326 18081 16755 75
25299 492 17744 329 7555 7226 229
26479 307 7621 529 18858 18329 87
28279 305 9609 886 18670 17784 129
28363 496 23035 83 5328 5245 285
28618 468 6913 1009 21705 20696 80
28624 18 8737 452 19887 19435 117
29308 29 1478 1841 27830 25989 14
29466 230 1129 2794 28337 25543 8
30930 140 6459 817 24471 23654 72
31294 179 17925 216 13369 13153 228
31671 430 19346 193 12325 12132 240
33973 44 29960 48 4013 3965 389
34693 449 5632 1032 29061 28029 65
34693 121 10526 464 24167 23703 145
38947 425 9606 726 29341 28615 126
40440 23 26725 165 13715 13550 314
40649 185 9490 1422 31159 29737 122
40928 168 35552 53 5376 5323 448
41099 158 1312 2713 39787 37074 9
41659 414 29627 131 12032 11901 374
42158 270 28169 158 13989 13831 351
42264 271 4228 1323 38036 36713 49
42808 343 4270 1530 38538 37008 52
43643 115 27753 177 15890 15713 342
44683 9 3516 1851 41167 39316 36
44885 73 40100 41 4785 4744 517
44942 184 37 2559 44905 42346 0
45406 373 39543 52 5863 5811 508
46047 123 1689 1863 44358 42495 19
46082 93 37640 80 8442 8362 480
46756 19 2205 1810 44551 42741 36
47490 457 38879 79 8611 8532 494
48134 173 18771 371 29363 28992 230
48610 126 23634 579 24976 24397 292
48897 272 8794 1116 40103 38987 115
49859 238 21949 334 27910 27576 283
51403 99 7381 1945 44022 42077 75
51509 131 18917 398 32592 32194 237
52090 120 48471 30 3619 3589 576
53887 45 48409 41 5478 5437 572
53933 301 4350 1785 49583 47798 55
55338 476 19770 772 35568 34796 262
55700 118 3705 1485 51995 50510 36
58685 46 19845 1285 38840 37555 265
59294 195 15218 1326 44076 42750 187
60122 235 35371 303 24751 24448 441
61720 345 11779 843 49941 49098 147
61740 100 22477 408 39263 38855 277
62128 175 26813 770 35315 34545 322
63162 259 37810 207 25352 25145 496
63521 89 19530 791 43991 43200 244
63894 364 49728 101 14166 14065 595
64691 4 36401 231 28290 28059 453
65064 237 46293 479 18771 18292 559
66978 78 1522 2629 65456 62827 18
68130 204 25451 1099 42679 41580 297
68337 466 40079 219 28258 28039 512
68803 253 11839 1741 56964 55223 150
68856 200 16789 678 52067 51389 214
69335 406 8273 848 61062 60214 96
70038 147 42164 208 27874 27666 521
70333 40 29771 350 40562 40212 384
71806 493 8579 1817 63227 61410 111
73655 445 60016 85 13639 13554 721
74890 465 29822 372 45068 44696 383
75136 24 27862 848 47274 46426 352
76650 419 10181 1221 66469 65248 140
78414 242 30574 381 47840 47459 389
78449 103 29423 398 49026 48628 368
78933 384 63587 90 15346 15256 761
79655 335 17996 1241 61659 60418 232
80112 145 29023 874 51089 50215 358
81495 391 5410 1613 76085 74472 65
82725 60 28500 440 54225 53785 347
82953 415 34481 401 48472 48071 422
82999 273 27199 452 55800 55348 334
83168 491 35925 344 47243 46899 455
83181 13 60882 126 22299 22173 741
83688 36 38457 473 45231 44758 490
84255 239 64456 475 19799 19324 777
85731 225 58431 158 27300 27142 710
86271 287 65553 112 20718 20606 786
86328 155 17188 1404 69140 67736 225
86690 47 59741 239 26949 26710 712
86704 339 24011 534 62693 62159 291
87317 85 80406 33 6911 6878 959
87689 348 76144 57 11545 11488 907
87980 326 12494 1020 75486 74466 151
90034 197 28814 861 61220 60359 351
92400 277 13282 1837 79118 77281 177
92503 218 21145 1493 71358 69865 264
92879 63 69975 119 22904 22785 837
92951 498 32377 435 60574 60139 400
93581 170 25546 1006 68035 67029 296
94123 434 63691 161 30432 30271 768
97299 176 12957 1829 84342 82513 170
97307 407 21762 1303 75545 74242 280
98432 264 39110 384 59322 58938 503
98729 189 37761 400 60968 60568 491
99364 297 1348 2439 98016 95577 6
