1142 7 868 261 274 13 0
1311 454 705 564 606 42 0
2098 436 779 937 1319 382 0
2487 250 1199 669 1288 619 0
2517 422 1804 235 713 478 8
3152 369 2978 59 174 115 5
3204 181 165 2196 3039 843 0
3644 317 1447 1184 2197 1013 1
4242 184 37 2559 4205 1646 0
4394 144 3406 404 988 584 6
5105 29 1478 1841 3627 1786 0
5169 306 1809 1628 3360 1732 9
6068 230 1129 2794 4939 2145 0
6184 123 1689 1863 4495 2632 9
6512 94 5037 342 1475 1133 15
6557 158 1312 2713 5245 2532 3
6755 19 2205 1810 4550 2740 9
6799 226 4036 724 2763 2039 11
6986 236 5047 612 1939 1327 17
7168 297 1348 2439 5820 3381 0
7418 78 1522 2629 5896 3267 0
8711 9 3516 1851 5195 3344 9
8771 271 4228 1323 4543 3220 14
8815 161 5809 884 3006 2122 18
8953 118 3705 1485 5248 3763 8
9201 343 4270 1530 4931 3401 15
10009 449 5632 1032 4377 3345 13
10272 301 4350 1785 5922 4137 13
10286 140 6459 817 3827 3010 21
10432 390 7754 376 2678 2302 21
10699 76 6804 1326 3895 2569 17
10792 468 6913 1009 3879 2870 17
11054 307 7621 529 3433 2904 17
11088 169 3942 1729 7146 5417 9
12084 18 8737 452 3347 2895 35
12633 391 5410 1613 7223 5610 9
13059 450 11630 178 1429 1251 26
13341 305 9609 886 3732 2846 33
14002 99 7381 1945 6621 4676 17
14251 425 9606 726 4645 3919 30
14460 121 10526 464 3934 3470 34
14511 188 6379 1529 8132 6603 19
14645 272 8794 1116 5851 4735 32
15034 185 9490 1422 5544 4122 30
15070 406 8273 848 6797 5949 26
15204 318 13261 200 1943 1743 39
15247 150 12839 247 2408 2161 35
16507 493 8579 1817 7928 6111 31
16543 252 7923 1296 8620 7324 24
16998 247 15130 545 1868 1323 31
17692 419 10181 1221 7511 6290 33
17853 245 6580 2875 11273 8398 20
17974 460 16107 411 1867 1456 44
17996 263 7866 1737 10130 8393 21
18135 14 5529 2730 12606 9876 9
18233 345 11779 843 6454 5611 28
19019 389 9408 1495 9611 8116 26
19070 417 8014 1907 11056 9149 23
19103 330 8564 1635 10539 8904 34
19353 492 17744 329 1609 1280 47
19578 253 11839 1741 7739 5998 31
19748 303 9252 1749 10496 8747 22
19973 358 19457 43 516 473 48
20283 179 17925 216 2358 2142 50
20480 416 8421 2062 12059 9997 28
20680 326 12494 1020 8186 7166 34
21657 430 19346 193 2311 2118 44
21819 195 15218 1326 6601 5275 35
22403 284 9627 2352 12776 10424 33
22544 176 12957 1829 9587 7758 41
22593 277 13282 1837 9311 7474 42
22605 203 12801 1287 9804 8517 33
23262 173 18771 371 4491 4120 44
23318 56 13680 1274 9638 8364 46
23411 200 16789 678 6622 5944 44
23739 131 18917 398 4822 4424 44
23807 20 12254 1796 11553 9757 34
24058 496 23035 83 1023 940 55
25238 476 19770 772 5468 4696 53
25539 155 17188 1404 8351 6947 50
25693 89 19530 791 6163 5372 52
25774 335 17996 1241 7778 6537 49
25980 46 19845 1285 6135 4850 53
26105 238 21949 334 4156 3822 62
26953 483 17439 967 9514 8547 48
27773 126 23634 579 4139 3560 54
27813 372 6946 3402 20867 17465 19
27859 100 22477 408 5382 4974 59
28237 160 11200 2578 17037 14459 29
28798 310 12197 2492 16601 14109 34
29380 23 26725 165 2655 2490 70
29439 223 12930 2467 16509 14042 40
29905 48 17006 1928 12899 10971 47
30227 304 15501 2226 14726 12500 38
30274 472 19761 1759 10513 8754 49
30457 218 21145 1493 9312 7819 49
30585 96 13580 1941 17005 15064 43
30943 44 29960 48 983 935 96
31023 115 27753 177 3270 3093 77
31117 270 28169 158 2948 2790 71
31361 407 21762 1303 9599 8296 59
31713 90 10121 2849 21592 18743 29
31980 241 14315 2922 17665 14743 43
32224 414 29627 131 2597 2466 95
32255 110 16883 2471 15372 12901 46
32275 339 24011 534 8264 7730 48
32586 62 18232 1575 14354 12779 42
32619 204 25451 1099 7168 6069 62
33066 327 12877 2845 20189 17344 37
33167 175 26813 770 6354 5584 70
33188 134 20104 1909 13084 11175 55
33581 424 7228 3661 26353 22692 14
34069 124 15740 2202 18329 16127 45
35060 170 25546 1006 9514 8508 61
35416 273 27199 452 8217 7765 71
35705 24 27862 848 7843 6995 78
36480 40 29771 350 6709 6359 99
36743 168 35552 53 1191 1138 97
36813 60 28500 440 8313 7873 74
37104 465 29822 372 7282 6910 98
37195 451 19762 2125 17433 15308 51
37198 103 29423 398 7775 7377 89
37362 349 21942 1753 15420 13667 61
37488 145 29023 874 8465 7591 81
37650 488 19966 1667 17684 16017 55
38004 57 22812 1708 15192 13484 50
38126 242 30574 381 7552 7171 90
38303 197 28814 861 9489 8628 77
38362 27 20317 1648 18045 16397 50
39471 93 37640 80 1831 1751 101
39933 359 17160 2467 22773 20306 47
40261 235 35371 303 4890 4587 96
40570 361 26169 1627 14401 12774 59
40747 457 38879 79 1868 1789 109
40816 373 39543 52 1273 1221 108
41057 370 27816 1102 13241 12139 74
41147 73 40100 41 1047 1006 112
41447 97 16037 2571 25410 22839 42
41513 498 32377 435 9136 8701 81
41731 4 36401 231 5330 5099 105
42134 84 15309 2941 26825 23884 37
42491 415 34481 401 8010 7609 87
42591 21 29559 1281 13032 11751 91
42618 259 37810 207 4808 4601 109
43781 491 35925 344 7856 7512 103
43893 288 33116 494 10777 10283 83
44102 199 25765 1313 18337 17024 57
44735 385 29700 1734 15035 13301 94
45059 172 34092 1188 10967 9779 86
45122 267 23825 1813 21297 19484 51
45287 466 40079 219 5208 4989 111
46232 36 38457 473 7775 7302 105
46322 480 24073 2064 22249 20185 50
46415 222 25821 1640 20594 18954 54
46678 456 33933 628 12745 12117 87
46959 399 24267 2181 22692 20511 50
46993 114 27548 1101 19445 18344 65
47354 22 19509 2222 27845 25623 49
47366 189 37761 400 9605 9205 106
47415 147 42164 208 5251 5043 102
47473 458 34914 1286 12559 11273 93
48065 395 20439 2617 27626 25009 55
48266 132 15852 2797 32414 29617 47
48274 164 18801 2988 29473 26485 44
48510 249 25520 1227 22990 21763 62
48514 264 39110 384 9404 9020 111
48667 227 37686 563 10981 10418 103
48903 28 35518 635 13385 12750 98
49218 255 26408 2478 22810 20332 63
49225 120 48471 30 754 724 122
49410 347 23503 1960 25907 23947 53
49538 45 48409 41 1129 1088 120
50230 237 46293 479 3937 3458 123
50878 66 39606 507 11272 10765 111
51372 426 37045 661 14327 13666 102
51829 418 34864 1354 16965 15611 94
52473 221 35631 791 16842 16051 99
52531 364 49728 101 2803 2702 114
53219 33 34054 830 19165 18335 86
53332 64 29292 2675 24040 21365 89
53518 444 40728 640 12790 12150 110
53910 262 37675 954 16235 15281 96
54000 16 21323 2160 32677 30517 54
55596 428 29060 1716 26536 24820 81
55852 136 25170 2091 30682 28591 62
55923 11 35780 1354 20143 18789 98
55984 139 43946 450 12038 11588 118
56293 162 41176 593 15117 14524 108
56646 0 33383 1781 23263 21482 86
57581 308 41402 849 16179 15330 110
57966 104 49234 307 8732 8425 118
58008 474 29241 2355 28767 26412 85
58370 452 43484 994 14886 13892 116
58686 380 49956 516 8730 8214 120
58937 257 48596 362 10341 9979 120
59451 355 46393 474 13058 12584 125
60387 356 44830 652 15557 14905 117
60736 431 32118 1875 28618 26743 87
61878 357 29689 2516 32189 29673 93
62739 216 40238 1913 22501 20588 109
63097 445 60016 85 3081 2996 162
63287 314 33830 1270 29457 28187 88
63896 116 29725 1892 34171 32279 94
63997 328 33376 2386 30621 28235 83
64142 225 58431 158 5711 5553 157
64339 441 50250 678 14089 13411 125
64619 433 54376 303 10243 9940 138
65540 39 42090 1696 23450 21754 104
65571 47 59741 239 5830 5591 166
65776 13 60882 126 4894 4768 177
65802 186 45687 915 20115 19200 125
65979 163 26010 2392 39969 37577 57
66010 51 42813 1422 23197 21775 109
66103 453 42194 1777 23909 22132 104
66111 52 27643 2690 38468 35778 71
67105 384 63587 90 3518 3428 189
67392 209 54403 373 12989 12616 138
67607 243 42188 1040 25419 24379 103
67651 409 29069 2370 38582 36212 83
67914 98 27734 2228 40180 37952 76
68271 54 37340 2300 30931 28631 105
68355 275 54166 825 14189 13364 138
68510 439 34634 1866 33876 32010 88
69161 239 64456 475 4705 4230 185
69415 278 49054 650 20361 19711 118
69858 319 24428 3381 45430 42049 57
69873 475 43659 1421 26214 24793 116
70016 113 36651 1751 33365 31614 106
70137 287 65553 112 4584 4472 193
70213 434 63691 161 6522 6361 190
70297 167 48130 806 22167 21361 120
70461 171 41701 1273 28760 27487 107
70819 351 46970 1308 23849 22541 124
71233 338 60572 274 10661 10387 176
71284 312 51715 1024 19569 18545 125
71719 130 49926 731 21793 21062 120
72666 286 60206 317 12460 12143 168
72893 368 62751 252 10142 9890 180
73612 143 26484 2873 47128 44255 65
74530 295 37777 2369 36753 34384 102
74787 165 53478 1009 21309 20300 130
74921 224 57004 1420 17917 16497 142
75030 63 69975 119 5055 4936 189
75270 251 42204 1676 33066 31390 106
75331 461 31634 2099 43697 41598 80
75500 55 27603 3006 47897 44891 67
75542 440 56459 979 19083 18104 143
75875 320 50265 1491 25610 24119 125
76185 83 45357 1544 30828 29284 123
76644 206 36707 2056 39937 37881 107
77135 154 67133 614 10002 9388 193
77256 283 58679 889 18577 17688 161
77823 77 65981 282 11842 11560 191
77884 473 54408 818 23476 22658 142
78611 299 28916 2809 49695 46886 80
78710 348 76144 57 2566 2509 210
79026 61 68548 369 10478 10109 191
79121 109 43095 1655 36026 34371 113
79365 258 33466 2940 45899 42959 86
79382 68 68734 685 10648 9963 201
79836 87 72016 179 7820 7641 207
80285 325 65620 549 14665 14116 193
80316 108 64399 459 15917 15458 182
80381 342 67727 454 12654 12200 190
80643 65 49659 1370 30984 29614 117
80811 25 71887 203 8924 8721 199
81699 367 70417 1358 11282 9924 195
81841 146 53112 1359 28729 27370 132
81998 85 80406 33 1592 1559 217
82462 400 74551 179 7911 7732 210
83293 448 38766 2012 44527 42515 107
83819 371 50372 2200 33447 31247 125
84190 340 27013 3777 57177 53400 71
84207 159 61694 666 22513 21847 175
84530 149 74033 233 10497 10264 217
84725 341 29266 3068 55459 52391 85
85353 231 79786 119 5567 5448 220
85502 82 32331 3399 53171 49772 82
86212 479 37587 2625 48625 46000 94
86226 309 59195 1125 27031 25906 160
86519 31 34844 2508 51675 49167 91
86705 489 60426 1275 26279 25004 172
86739 6 76483 224 10256 10032 206
86752 30 80191 139 6561 6422 215
87212 41 69289 404 17923 17519 202
87574 269 71610 352 15964 15612 197
88395 437 31908 2403 56487 54084 85
88520 432 80953 156 7567 7411 220
88901 471 81308 156 7593 7437 223
89077 363 69034 693 20043 19350 199
90223 485 50980 2396 39243 36847 131
90549 101 48441 2063 42108 40045 121
90603 49 34126 3143 56477 53334 91
91164 282 40619 2967 50545 47578 111
91596 254 62518 1172 29078 27906 183
92161 166 54910 1865 37251 35386 144
92300 375 79106 603 13194 12591 216
92594 353 37330 3379 55264 51885 103
92681 276 55442 2254 37239 34985 144
92816 294 67811 802 25005 24203 193
92995 311 53905 1222 39090 37868 136
94326 219 77032 361 17294 16933 210
94817 128 48383 1636 46434 44798 119
95275 323 60077 1284 35198 33914 164
96108 362 68426 957 27682 26725 191
96235 266 35495 3159 60740 57581 96
96360 58 43572 2369 52788 50419 119
96512 366 79432 379 17080 16701 215
96593 302 55682 1482 40911 39429 148
96863 279 50354 1859 46509 44650 124
97178 265 45361 2042 51817 49775 125
97610 499 94723 54 2887 2833 254
97746 290 69324 1235 28422 27187 200
98651 462 58073 2117 40578 38461 155
99057 81 93832 98 5225 5127 252
99928 292 70638 898 29290 28392 200
99968 43 47499 2266 52469 50203 124
