1131 7 868 261 263 2 0
1300 454 705 564 595 31 0
1894 436 779 937 1115 178 0
2217 250 1199 669 1018 349 0
2347 422 1804 235 543 308 53
3071 181 165 2196 2906 710 0
3165 369 2978 59 187 128 62
3251 317 1447 1184 1804 620 7
3510 184 37 2559 3473 914 0
4044 29 1478 1841 2566 725 0
4109 144 3406 404 703 299 35
4379 306 1809 1628 2570 942 95
4858 123 1689 1863 3169 1306 62
5079 230 1129 2794 3950 1156 0
5219 297 1348 2439 3871 1432 4
5308 19 2205 1810 3103 1293 56
5365 158 1312 2713 4053 1340 2
5567 78 1522 2629 4045 1416 0
5617 226 4036 724 1581 857 60
5836 94 5037 342 799 457 68
6204 236 5047 612 1157 545 101
6555 9 3516 1851 3039 1188 47
6567 118 3705 1485 2862 1377 49
6582 271 4228 1323 2354 1031 21
6954 343 4270 1530 2684 1154 77
7257 161 5809 884 1448 564 64
7279 169 3942 1729 3337 1608 57
7488 301 4350 1785 3138 1353 99
7611 449 5632 1032 1979 947 60
8052 140 6459 817 1593 776 48
8487 391 5410 1613 3077 1464 52
8783 468 6913 1009 1870 861 73
8843 390 7754 376 1089 713 57
9203 76 6804 1326 2399 1073 45
9210 307 7621 529 1589 1060 64
9883 188 6379 1529 3504 1975 26
10617 18 8737 452 1880 1428 158
11373 99 7381 1945 3992 2047 81
11707 14 5529 2730 6178 3448 59
11746 406 8273 848 3473 2625 86
12024 305 9609 886 2415 1529 163
12161 272 8794 1116 3367 2251 152
12222 425 9606 726 2616 1890 153
12413 252 7923 1296 4490 3194 85
12594 450 11630 178 964 786 204
12800 245 6580 2875 6220 3345 29
12815 121 10526 464 2289 1825 173
12896 185 9490 1422 3406 1984 116
13203 493 8579 1817 4624 2807 132
13206 263 7866 1737 5340 3603 90
13584 417 8014 1907 5570 3663 89
14038 150 12839 247 1199 952 130
14290 330 8564 1635 5726 4091 128
14329 318 13261 200 1068 868 209
14449 389 9408 1495 5041 3546 95
14471 419 10181 1221 4290 3069 160
15106 416 8421 2062 6685 4623 111
15155 303 9252 1749 5903 4154 112
15167 345 11779 843 3388 2545 200
16236 372 6946 3402 9290 5888 91
16292 247 15130 545 1162 617 128
16368 326 12494 1020 3874 2854 172
16483 253 11839 1741 4644 2903 191
16596 284 9627 2352 6969 4617 164
17240 460 16107 411 1133 722 228
17439 203 12801 1287 4638 3351 117
18078 424 7228 3661 10850 7189 52
18241 20 12254 1796 5987 4191 182
18255 176 12957 1829 5298 3469 195
18259 56 13680 1274 4579 3305 198
18381 277 13282 1837 5099 3262 231
18669 492 17744 329 925 596 193
19031 195 15218 1326 3813 2487 121
19094 179 17925 216 1169 953 229
19454 160 11200 2578 8254 5676 168
19647 200 16789 678 2858 2180 153
19670 358 19457 43 213 170 170
20132 90 10121 2849 10011 7162 165
20191 310 12197 2492 7994 5502 199
20427 430 19346 193 1081 888 179
20814 173 18771 371 2043 1672 204
20817 223 12930 2467 7887 5420 192
21040 131 18917 398 2123 1725 178
21267 96 13580 1941 7687 5746 218
21680 155 17188 1404 4492 3088 183
21775 327 12877 2845 8898 6053 185
21778 483 17439 967 4339 3372 208
22237 335 17996 1241 4241 3000 230
22396 304 15501 2226 6895 4669 150
22447 476 19770 772 2677 1905 248
22545 241 14315 2922 8230 5308 182
22547 89 19530 791 3017 2226 205
22951 48 17006 1928 5945 4017 167
23236 124 15740 2202 7496 5294 127
23443 46 19845 1285 3598 2313 250
23519 496 23035 83 484 401 202
23655 238 21949 334 1706 1372 211
24035 62 18232 1575 5803 4228 181
24065 110 16883 2471 7182 4711 149
24671 100 22477 408 2194 1786 207
25046 84 15309 2941 9737 6796 119
25161 472 19761 1759 5400 3641 229
25272 218 21145 1493 4127 2634 222
25417 126 23634 579 1783 1204 180
25602 359 17160 2467 8442 5975 160
25696 97 16037 2571 9659 7088 200
25761 134 20104 1909 5657 3748 254
25899 407 21762 1303 4137 2834 220
26341 488 19966 1667 6375 4708 226
26382 451 19762 2125 6620 4495 238
26606 132 15852 2797 10754 7957 161
26952 27 20317 1648 6635 4987 234
27015 339 24011 534 3004 2470 208
27509 349 21942 1753 5567 3814 191
27658 23 26725 165 933 768 223
28494 22 19509 2222 8985 6763 185
28551 204 25451 1099 3100 2001 171
28645 57 22812 1708 5833 4125 178
28890 164 18801 2988 10089 7101 175
28992 115 27753 177 1239 1062 228
29530 270 28169 158 1361 1203 304
29589 170 25546 1006 4043 3037 210
29681 175 26813 770 2868 2098 203
30309 395 20439 2617 9870 7253 234
30406 44 29960 48 446 398 398
30467 273 27199 452 3268 2816 185
30863 414 29627 131 1236 1105 352
31451 267 23825 1813 7626 5813 182
31619 16 21323 2160 10296 8136 206
31696 24 27862 848 3834 2986 272
32181 480 24073 2064 8108 6044 197
32346 361 26169 1627 6177 4550 214
32418 199 25765 1313 6653 5340 197
32503 60 28500 440 4003 3563 299
32708 40 29771 350 2937 2587 361
32730 103 29423 398 3307 2909 325
32782 347 23503 1960 9279 7319 198
32999 399 24267 2181 8732 6551 192
33060 145 29023 874 4037 3163 295
33088 465 29822 372 3266 2894 384
33223 197 28814 861 4409 3548 300
33296 370 27816 1102 5480 4378 251
33517 249 25520 1227 7997 6770 204
33685 242 30574 381 3111 2730 392
33805 222 25821 1640 7984 6344 209
34665 114 27548 1101 7117 6016 203
35384 136 25170 2091 10214 8123 200
35728 498 32377 435 3351 2916 382
35791 21 29559 1281 6232 4951 369
36147 255 26408 2478 9739 7261 199
36340 168 35552 53 788 735 360
36934 288 33116 494 3818 3324 283
37002 385 29700 1734 7302 5568 346
37596 235 35371 303 2225 1922 358
37938 415 34481 401 3457 3056 312
38735 93 37640 80 1095 1015 485
38963 4 36401 231 2562 2331 367
39070 163 26010 2392 13060 10668 209
39275 172 34092 1188 5183 3995 281
39460 456 33933 628 5527 4899 281
39505 491 35925 344 3580 3236 384
39549 319 24428 3381 15121 11740 188
39947 457 38879 79 1068 989 545
40250 428 29060 1716 11190 9474 317
40452 373 39543 52 909 857 408
40462 259 37810 207 2652 2445 538
40595 73 40100 41 495 454 454
40786 64 29292 2675 11494 8819 313
41945 458 34914 1286 7031 5745 367
41970 474 29241 2355 12729 10374 313
42000 33 34054 830 7946 7116 262
42056 28 35518 635 6538 5903 335
42068 189 37761 400 4307 3907 523
42362 36 38457 473 3905 3432 558
42633 52 27643 2690 14990 12300 210
42637 466 40079 219 2558 2339 425
42935 221 35631 791 7304 6513 383
42951 418 34864 1354 8087 6733 363
43004 143 26484 2873 16520 13647 174
43070 98 27734 2228 15336 13108 221
43178 227 37686 563 5492 4929 510
43240 116 29725 1892 13515 11623 356
43315 264 39110 384 4205 3821 502
43422 357 29689 2516 13733 11217 350
43518 0 33383 1781 10135 8354 288
43553 426 37045 661 6508 5847 399
44028 431 32118 1875 11910 10035 359
44057 409 29069 2370 14988 12618 332
44649 147 42164 208 2485 2277 469
44743 66 39606 507 5137 4630 437
44772 11 35780 1354 8992 7638 387
44913 55 27603 3006 17310 14304 177
45350 262 37675 954 7675 6721 517
45814 340 27013 3777 18801 15024 190
46092 314 33830 1270 12262 10992 282
46667 444 40728 640 5939 5299 483
46870 299 28916 2809 17954 15145 300
47049 328 33376 2386 13673 11287 275
47565 461 31634 2099 15931 13832 373
47962 341 29266 3068 18696 15628 316
47991 162 41176 593 6815 6222 507
48223 439 34634 1866 13589 11723 363
48381 308 41402 849 6979 6130 480
48645 139 43946 450 4699 4249 432
48669 237 46293 479 2376 1897 489
48899 45 48409 41 490 449 449
48988 120 48471 30 517 487 487
50207 452 43484 994 6723 5729 447
50221 113 36651 1751 13570 11819 376
50285 54 37340 2300 12945 10645 461
50826 216 40238 1913 10588 8675 474
51045 258 33466 2940 17579 14639 306
51108 437 31908 2403 19200 16797 325
51386 356 44830 652 6556 5904 487
51406 82 32331 3399 19075 15676 377
51416 364 49728 101 1688 1587 480
51827 355 46393 474 5434 4960 465
51855 206 36707 2056 15148 13092 398
51994 243 42188 1040 9806 8766 450
52260 453 42194 1777 10066 8289 470
52676 39 42090 1696 10586 8890 477
52698 51 42813 1422 9885 8463 479
53158 295 37777 2369 15381 13012 521
53199 257 48596 362 4603 4241 508
53240 104 49234 307 4006 3699 521
53392 171 41701 1273 11691 10418 509
53526 31 34844 2508 18682 16174 339
54037 475 43659 1421 10378 8957 421
54055 49 34126 3143 19929 16786 292
54238 380 49956 516 4282 3766 507
54298 186 45687 915 8611 7696 457
55133 448 38766 2012 16367 14355 554
55170 251 42204 1676 12966 11290 480
55638 479 37587 2625 18051 15426 487
56376 441 50250 678 6126 5448 530
56541 351 46970 1308 9571 8263 464
56830 109 43095 1655 13735 12080 481
57149 83 45357 1544 11792 10248 475
57321 266 35495 3159 21826 18667 356
57361 278 49054 650 8307 7657 518
57479 167 48130 806 9349 8543 453
57952 353 37330 3379 20622 17243 458
58306 130 49926 731 8380 7649 524
58545 433 54376 303 4169 3866 521
59245 209 54403 373 4842 4469 550
59374 312 51715 1024 7659 6635 530
59419 282 40619 2967 18800 15833 464
60145 320 50265 1491 9880 8389 523
60238 275 54166 825 6072 5247 532
61241 225 58431 158 2810 2652 567
61445 58 43572 2369 17873 15504 434
61519 445 60016 85 1503 1418 691
61724 165 53478 1009 8246 7237 548
62151 65 49659 1370 12492 11122 486
62877 47 59741 239 3136 2897 651
63230 13 60882 126 2348 2222 740
63522 473 54408 818 9114 8296 584
64671 146 53112 1359 11559 10200 506
64740 265 45361 2042 19379 17337 473
64965 128 48383 1636 16582 14946 473
65025 440 56459 979 8566 7587 548
65337 34 42314 2410 23023 20613 528
65402 384 63587 90 1815 1725 873
65429 224 57004 1420 8425 7005 602
65631 338 60572 274 5059 4785 760
65794 371 50372 2200 15422 13222 531
65875 101 48441 2063 17434 15371 499
66136 286 60206 317 5930 5613 761
66158 148 44321 2538 21837 19299 414
66601 383 43427 2273 23174 20901 442
67174 283 58679 889 8495 7606 618
67284 434 63691 161 3593 3432 897
67305 470 44011 2507 23294 20787 422
67407 239 64456 475 2951 2476 855
67752 43 47499 2266 20253 17987 464
67887 279 50354 1859 17533 15674 531
67949 485 50980 2396 16969 14573 567
68031 368 62751 252 5280 5028 793
68124 287 65553 112 2571 2459 810
68562 289 44892 2480 23670 21190 481
69078 311 53905 1222 15173 13951 547
69347 129 44287 2664 25060 22396 414
69690 178 47277 2778 22413 19635 483
70761 248 45022 2715 25739 23024 482
71406 77 65981 282 5425 5143 787
71553 300 46455 2666 25098 22432 505
71667 309 59195 1125 12472 11347 682
71708 276 55442 2254 16266 14012 559
71721 166 54910 1865 16811 14946 553
71749 108 64399 459 7350 6891 841
71841 72 53584 1731 18257 16526 556
72195 302 55682 1482 16513 15031 528
72390 159 61694 666 10696 10030 715
72462 350 42470 3998 29992 25994 533
72642 92 50695 1841 21947 20106 558
72767 63 69975 119 2792 2673 860
72968 325 65620 549 7348 6799 801
73051 154 67133 614 5918 5304 875
73450 487 54405 2119 19045 16926 551
73578 489 60426 1275 13152 11877 756
74219 379 53750 2596 20469 17873 549
74305 187 46500 2788 27805 25017 486
74387 61 68548 369 5839 5470 861
74597 342 67727 454 6870 6416 866
74922 232 53563 2044 21359 19315 525
75921 190 58156 1441 17765 16324 523
75927 68 68734 685 7193 6508 883
76002 87 72016 179 3986 3807 861
76366 207 55351 2285 21015 18730 553
76469 410 56833 1352 19636 18284 590
76754 323 60077 1284 16677 15393 696
76805 25 71887 203 4918 4715 860
76901 254 62518 1172 14383 13211 815
77200 462 58073 2117 19127 17010 519
77975 348 76144 57 1831 1774 882
78007 41 69289 404 8718 8314 903
78252 367 70417 1358 7835 6477 922
78445 400 74551 179 3894 3715 990
78766 67 58390 1965 20376 18411 585
78915 149 74033 233 4882 4649 1002
79370 269 71610 352 7760 7408 883
79886 363 69034 693 10852 10159 873
79899 421 50506 2886 29393 26507 550
80432 381 56167 2589 24265 21676 567
80442 294 67811 802 12631 11829 852
80477 316 58093 3068 22384 19316 535
80688 213 53605 2088 27083 24995 574
81041 234 57708 2498 23333 20835 580
81269 411 62491 1853 18778 16925 791
81377 106 63370 919 18007 17088 842
81423 6 76483 224 4940 4716 889
81462 85 80406 33 1056 1023 1023
81595 1 63431 1993 18164 16171 851
82055 3 56589 2370 25466 23096 612
82151 198 57663 1723 24488 22765 594
82230 376 55840 1916 26390 24474 537
82489 362 68426 957 14063 13106 824
82855 290 69324 1235 13531 12296 899
82964 193 63146 1590 19818 18228 828
83026 231 79786 119 3240 3121 1038
83173 196 48868 3096 34305 31209 531
83414 30 80191 139 3223 3084 1037
83712 398 65390 1738 18322 16584 820
83857 80 58679 1883 25178 23295 617
83962 455 61670 1737 22292 20555 688
84296 32 50747 2782 33549 30767 578
84566 228 60335 2058 24231 22173 742
84985 292 70638 898 14347 13449 967
85163 432 80953 156 4210 4054 1046
85176 219 77032 361 8144 7783 885
85381 386 72178 762 13203 12441 875
85394 471 81308 156 4086 3930 1009
85425 377 62101 1572 23324 21752 726
85570 375 79106 603 6464 5861 947
85589 74 65719 1546 19870 18324 797
85873 70 67263 1822 18610 16788 847
86195 201 60084 2079 26111 24032 730
87583 366 79432 379 8151 7772 984
88314 214 58675 2526 29639 27113 589
88479 481 63636 1703 24843 23140 899
88799 482 59336 1925 29463 27538 643
88914 268 65089 1643 23825 22182 838
88925 298 63428 2412 25497 23085 852
89398 156 80266 401 9132 8731 1031
89928 229 79649 469 10279 9810 978
90013 138 52788 3239 37225 33986 484
90282 464 67855 1591 22427 20836 856
90548 202 79733 930 10815 9885 1007
90926 210 56463 2489 34463 31974 572
91244 53 70439 1519 20805 19286 920
91751 133 71904 1403 19847 18444 864
91813 490 70375 2017 21438 19421 897
92169 423 59056 2612 33113 30501 692
92457 35 72478 1555 19979 18424 932
92463 405 75817 975 16646 15671 934
92782 484 53320 2853 39462 36609 513
93290 79 77254 1226 16036 14810 875
93348 215 83934 422 9414 8992 1000
94352 217 67344 2063 27008 24945 841
94402 401 69249 1791 25153 23362 872
94635 394 87016 335 7619 7284 959
94683 212 65000 2019 29683 27664 845
94698 71 85938 631 8760 8129 884
94778 125 82092 585 12686 12101 1037
94947 91 71309 2131 23638 21507 915
94980 408 64572 1892 30408 28516 868
95170 151 90680 183 4490 4307 1093
95311 112 89693 238 5618 5380 1049
95380 141 88695 274 6685 6411 1031
95910 392 78325 1411 17585 16174 907
96028 324 67494 2403 28534 26131 860
96066 211 60745 2784 35321 32537 728
96092 81 93832 98 2260 2162 1069
96264 50 73497 1785 22767 20982 932
96323 291 57638 3614 38685 35071 584
96729 429 92349 152 4380 4228 1051
96865 477 88025 391 8840 8449 1000
96921 499 94723 54 2198 2144 1069
96994 137 85124 667 11870 11203 896
97457 8 61487 3090 35970 32880 716
97467 463 73806 1683 23661 21978 945
97616 469 91008 299 6608 6309 1112
97804 38 80150 1401 17654 16253 1027
98698 75 83571 1071 15127 14056 983
98738 208 83276 1377 15462 14085 972
98863 412 71829 1472 27034 25562 888
98889 244 93572 225 5317 5092 1086
99107 442 79183 1899 19924 18025 989
99480 333 57485 3083 41995 38912 570
99763 261 66912 2780 32851 30071 781
99774 296 92031 636 7743 7107 1058
99871 233 79442 1356 20429 19073 991
99907 336 73506 1779 26401 24622 939
