1517 7 868 261 649 388 92
2196 454 705 564 1491 927 0
3242 422 1804 235 1438 1203 188
3507 369 2978 59 529 470 265
4140 250 1199 669 2941 2272 25
4304 436 779 937 3525 2588 28
5923 144 3406 404 2517 2113 242
6800 317 1447 1184 5353 4169 71
7117 181 165 2196 6952 4756 0
9239 94 5037 342 4202 3860 398
10857 236 5047 612 5810 5198 438
11480 306 1809 1628 9671 8043 223
14612 226 4036 724 10576 9852 320
15340 161 5809 884 9531 8647 468
16135 29 1478 1841 14657 12816 152
16872 390 7754 376 9118 8742 699
17105 450 11630 178 5475 5297 1121
17926 230 1129 2794 16797 14003 44
18554 184 37 2559 18517 15958 0
19455 318 13261 200 6194 5994 1407
20045 468 6913 1009 13132 12123 562
20559 150 12839 247 7720 7473 1268
20640 76 6804 1326 13836 12510 556
21215 358 19457 43 1758 1715 1715
21776 140 6459 817 15317 14500 496
21936 307 7621 529 14315 13786 679
22112 247 15130 545 6982 6437 1437
22806 18 8737 452 14069 13617 789
23211 449 5632 1032 17579 16547 447
23315 19 2205 1810 21110 19300 273
23353 492 17744 329 5609 5280 1610
23370 460 16107 411 7263 6852 1577
23520 305 9609 886 13911 13025 971
23942 158 1312 2713 22630 19917 60
24805 123 1689 1863 23116 21253 157
25239 271 4228 1323 21011 19688 372
26901 121 10526 464 16375 15911 1108
27180 496 23035 83 4145 4062 1979
27233 9 3516 1851 23717 21866 285
27275 430 19346 193 7929 7736 1693
27339 425 9606 726 17733 17007 928
27407 179 17925 216 9482 9266 1582
28592 343 4270 1530 24322 22792 392
29791 118 3705 1485 26086 24601 316
29801 185 9490 1422 20311 18889 891
32714 272 8794 1116 23920 22804 783
32814 44 29960 48 2854 2806 2806
33728 78 1522 2629 32206 29577 159
34288 301 4350 1785 29938 28153 363
36763 297 1348 2439 35415 32976 56
37193 99 7381 1945 29812 27867 664
37340 173 18771 371 18569 18198 1634
37364 23 26725 165 10639 10474 2204
37678 131 18917 398 18761 18363 1643
38419 414 29627 131 8792 8661 2638
39220 115 27753 177 11467 11290 2253
39601 126 23634 579 15967 15388 1941
39661 270 28169 158 11492 11334 2306
39863 238 21949 334 17914 17580 2030
41873 345 11779 843 30094 29251 1160
42138 406 8273 848 33865 33017 757
42289 168 35552 53 6737 6684 3233
43130 476 19770 772 23360 22588 1847
43721 73 40100 41 3621 3580 3580
44615 93 37640 80 6975 6895 3313
44942 391 5410 1613 39532 37919 461
45959 169 3942 1729 42017 40288 301
46120 493 8579 1817 37541 35724 770
46201 457 38879 79 7322 7243 3462
46653 89 19530 791 27123 26332 1788
46852 373 39543 52 7309 7257 3483
47554 200 16789 678 30765 30087 1548
48051 419 10181 1221 37870 36649 1034
48092 100 22477 408 25615 25207 1989
51264 253 11839 1741 39425 37684 1189
51402 188 6379 1529 45023 43494 473
51882 195 15218 1326 36664 35338 1471
51926 326 12494 1020 39432 38412 1256
52019 46 19845 1285 32174 30889 1848
52497 45 48409 41 4088 4047 4047
52630 120 48471 30 4159 4129 4129
53533 175 26813 770 26720 25950 2218
54173 235 35371 303 18802 18499 3124
54493 40 29771 350 24722 24372 2766
55366 204 25451 1099 29915 28816 2029
55593 4 36401 231 19192 18961 3257
57598 259 37810 207 19788 19581 3461
57770 252 7923 1296 49847 48551 734
58250 103 29423 398 28827 28429 2553
59428 465 29822 372 29606 29234 2770
60297 24 27862 848 32435 31587 2297
60375 242 30574 381 29801 29420 2802
60882 466 40079 219 20803 20584 3550
60936 335 17996 1241 42940 41699 1600
61929 389 9408 1495 52521 51026 871
62615 145 29023 874 33592 32718 2412
63173 273 27199 452 35974 35522 2224
63377 364 49728 101 13649 13548 4204
63709 155 17188 1404 46521 45117 1622
63769 147 42164 208 21605 21397 3716
64509 237 46293 479 18216 17737 3945
64797 491 35925 344 28872 28528 3290
65301 218 21145 1493 44156 42663 1967
65515 339 24011 534 41504 40970 1948
65643 277 13282 1837 52361 50524 1387
66141 60 28500 440 37641 37201 2373
66725 203 12801 1287 53924 52637 1248
66860 197 28814 861 38046 37185 2366
66970 415 34481 401 32489 32088 3018
68130 483 17439 967 50691 49724 1585
69060 36 38457 473 30603 30130 3468
69144 498 32377 435 36767 36332 2950
69969 176 12957 1829 57012 55183 1398
70496 445 60016 85 10480 10395 4922
71200 407 21762 1303 49438 48135 1963
71376 56 13680 1274 57696 56422 1396
73414 189 37761 400 35653 35253 3408
73899 263 7866 1737 66033 64296 694
74512 330 8564 1635 65948 64313 754
74874 384 63587 90 11287 11197 5371
76174 264 39110 384 37064 36680 3537
76408 417 8014 1907 68394 66487 745
76423 288 33116 494 43307 42813 2919
76626 170 25546 1006 51080 50074 2087
77740 13 60882 126 16858 16732 5185
77746 245 6580 2875 71166 68291 538
79350 303 9252 1749 70098 68349 888
79561 172 34092 1188 45469 44281 3080
80954 225 58431 158 22523 22365 4845
82775 239 64456 475 18319 17844 5522
82800 47 59741 239 23059 22820 4961
83579 370 27816 1102 55763 54661 2279
83592 287 65553 112 18039 17927 5553
84803 472 19761 1759 65042 63283 1805
86244 227 37686 563 48558 47995 3420
87084 104 49234 307 37850 37543 4157
87169 85 80406 33 6763 6730 6730
88407 434 63691 161 24716 24555 5454
88923 380 49956 516 38967 38451 4269
89372 63 69975 119 19397 19278 5861
89627 348 76144 57 13483 13426 6495
90307 66 39606 507 50701 50194 3495
91285 20 12254 1796 79031 77235 1195
91590 139 43946 450 47644 47194 3778
91673 456 33933 628 57740 57112 2984
93125 257 48596 362 44529 44167 4129
93552 416 8421 2062 85131 83069 775
93821 134 20104 1909 73717 71808 1928
94919 48 17006 1928 77913 75985 1565
96161 433 54376 303 41785 41482 4517
96247 21 29559 1281 66688 65407 2621
98688 338 60572 274 38116 37842 5123
99384 87 72016 179 27368 27189 6133
99456 426 37045 661 62411 61750 3287
