4313 369 2978 59 1335 1276 89
4675 7 868 261 3807 3546 23
7767 422 1804 235 5963 5728 58
13799 454 705 564 13094 12530 6
15108 144 3406 404 11702 11298 99
25208 358 19457 43 5751 5708 549
32927 450 11630 178 21297 21119 338
34921 250 1199 669 33722 33053 34
35011 436 779 937 34232 33295 16
37093 94 5037 342 32056 31714 134
37296 247 15130 545 22166 21621 422
37678 496 23035 83 14643 14560 664
38520 460 16107 411 22413 22002 463
38885 492 17744 329 21141 20812 495
40284 44 29960 48 10324 10276 930
41763 236 5047 612 36716 36104 142
42044 318 13261 200 28783 28583 399
48847 168 35552 53 13295 13242 1053
51935 73 40100 41 11835 11794 1174
54176 373 39543 52 14633 14581 1156
54309 150 12839 247 41470 41223 383
57471 120 48471 30 9000 8970 1403
59409 430 19346 193 40063 39870 546
59469 93 37640 80 21829 21749 1115
61372 457 38879 79 22493 22414 1145
62478 45 48409 41 14069 14028 1393
63572 179 17925 216 45647 45431 499
64581 414 29627 131 34954 34823 892
69212 23 26725 165 42487 42322 756
69891 390 7754 376 62137 61761 218
70955 270 28169 158 42786 42628 822
78062 115 27753 177 50309 50132 801
88193 161 5809 884 82384 81500 165
89989 364 49728 101 40261 40160 1432
96845 445 60016 85 36829 36744 1711
97819 85 80406 33 17413 17380 2291
