2509 422 1804 235 705 470 470
3051 369 2978 59 73 14 14
3464 7 868 261 2596 2335 2335
3974 144 3406 404 568 164 59
6265 306 1809 1628 4456 2828 206
6812 236 5047 612 1765 1153 68
8298 161 5809 884 2489 1605 1545
8432 76 6804 1326 1628 302 98
10579 99 7381 1945 3198 1253 414
10867 305 9609 886 1258 372 283
11488 185 9490 1422 1998 576 210
12182 450 11630 178 552 374 374
12629 181 165 2196 12464 10268 280
13100 493 8579 1817 4521 2704 2289
13348 150 12839 247 509 262 262
13709 318 13261 200 448 248 248
15266 326 12494 1020 2772 1752 1260
15500 253 11839 1741 3661 1920 10
15982 247 15130 545 852 307 141
16886 460 16107 411 779 368 222
17302 195 15218 1326 2084 758 49
18128 492 17744 329 384 55 48
18345 179 17925 216 420 204 204
19516 358 19457 43 59 16 16
19710 430 19346 193 364 171 171
20194 48 17006 1928 3188 1260 40
20959 200 16789 678 4170 3492 2094
21370 250 1199 669 20171 19502 266
21700 46 19845 1285 1855 570 3
22466 238 21949 334 517 183 59
22538 472 19761 1759 2777 1018 117
23476 496 23035 83 441 358 358
24203 407 21762 1303 2441 1138 777
24504 126 23634 579 870 291 96
26940 204 25451 1099 1489 390 110
27187 23 26725 165 462 297 297
27982 175 26813 770 1169 399 128
28160 115 27753 177 407 230 230
28278 361 26169 1627 2109 482 15
28437 270 28169 158 268 110 110
29718 24 27862 848 1856 1008 576
29871 414 29627 131 244 113 113
30055 44 29960 48 95 47 47
31397 145 29023 874 2374 1500 232
32343 385 29700 1734 2643 909 19
35031 415 34481 401 550 149 103
35706 168 35552 53 154 101 101
36063 235 35371 303 692 389 169
36525 28 35518 635 1007 372 189
36757 4 36401 231 356 125 125
37155 458 34914 1286 2241 955 335
37851 93 37640 80 211 131 131
38394 259 37810 207 584 377 377
38626 456 33933 628 4693 4065 2832
39052 457 38879 79 173 94 94
39621 373 39543 52 78 26 26
39810 227 37686 563 2124 1561 1367
40192 262 37675 954 2517 1563 952
40234 73 40100 41 134 93 93
40450 66 39606 507 844 337 205
40736 466 40079 219 657 438 438
41494 36 38457 473 3037 2564 2426
42739 147 42164 208 575 367 367
47169 237 46293 479 876 397 101
47521 356 44830 652 2691 2039 1744
48560 251 42204 1676 6356 4680 149
48591 120 48471 30 120 90 90
48633 45 48409 41 224 183 183
49918 186 45687 915 4231 3316 136
50020 364 49728 101 292 191 191
51423 380 49956 516 1467 951 65
51731 104 49234 307 2497 2190 2190
53187 39 42090 1696 11097 9401 4749
53566 312 51715 1024 1851 827 17
55208 275 54166 825 1042 217 99
55802 83 45357 1544 10445 8901 147
55934 371 50372 2200 5562 3362 0
56424 433 54376 303 2048 1745 1745
58737 225 58431 158 306 148 148
59044 224 57004 1420 2040 620 245
60136 445 60016 85 120 35 35
60284 47 59741 239 543 304 233
61072 13 60882 126 190 64 64
62037 338 60572 274 1465 1191 1191
63114 67 58390 1965 4724 2759 48
63367 368 62751 252 616 364 364
63755 384 63587 90 168 78 78
64070 434 63691 161 379 218 218
65181 239 64456 475 725 250 106
65374 108 64399 459 975 516 407
65721 287 65553 112 168 56 56
66661 193 63146 1590 3515 1925 925
67287 77 65981 282 1306 1024 1024
68159 154 67133 614 1026 412 267
69322 61 68548 369 774 405 95
69587 68 68734 685 853 168 23
70161 63 69975 119 186 67 67
70569 70 67263 1822 3306 1484 403
70623 363 69034 693 1589 896 554
71410 342 67727 454 3683 3229 123
72140 254 62518 1172 9622 8450 75
72349 367 70417 1358 1932 574 272
72777 294 67811 802 4966 4164 34
72957 87 72016 179 941 762 762
73430 25 71887 203 1543 1340 1340
74494 149 74033 233 461 228 228
74933 400 74551 179 382 203 203
76292 348 76144 57 148 91 91
76810 6 76483 224 327 103 103
77378 133 71904 1403 5474 4071 3267
77790 309 59195 1125 18595 17470 50
78090 283 58679 889 19411 18522 59
80000 231 79786 119 214 95 95
80117 392 78325 1411 1792 381 66
80290 375 79106 603 1184 581 505
80430 30 80191 139 239 100 100
80464 85 80406 33 58 25 25
81152 432 80953 156 199 43 43
81684 471 81308 156 376 220 220
84487 323 60077 1284 24410 23126 208
85075 325 65620 549 19455 18906 102
86825 71 85938 631 887 256 4
89816 141 88695 274 1121 847 847
90055 112 89693 238 362 124 124
90373 286 60206 317 30167 29850 29850
90958 151 90680 183 278 95 95
91338 469 91008 299 330 31 31
91900 446 81523 2163 10377 8214 162
92928 429 92349 152 579 427 427
93154 296 92031 636 1123 487 193
93955 81 93832 98 123 25 25
94181 244 93572 225 609 384 384
94919 499 94723 54 196 142 142
96988 352 96113 615 875 260 106
98039 172 34092 1188 63947 62759 185
98112 396 93584 2816 4528 1712 128
99251 322 98957 146 294 148 148
