1179 7 868 261 311 50 50
1620 454 705 564 915 351 348
2340 422 1804 235 536 301 301
2642 181 165 2196 2477 281 0
3241 250 1199 669 2042 1373 276
3278 436 779 937 2499 1562 115
3301 369 2978 59 323 264 264
3994 306 1809 1628 2185 557 78
4081 144 3406 404 675 271 231
4905 226 4036 724 869 145 46
5040 230 1129 2794 3911 1117 51
5764 236 5047 612 717 105 6
6602 94 5037 342 1565 1223 1223
6769 161 5809 884 960 76 74
7484 301 4350 1785 3134 1349 169
7500 9 3516 1851 3984 2133 278
7920 271 4228 1323 3692 2369 455
8204 390 7754 376 450 74 74
8792 76 6804 1326 1988 662 208
9144 468 6913 1009 2231 1222 1088
10043 99 7381 1945 2662 717 142
10698 305 9609 886 1089 203 153
10926 493 8579 1817 2347 530 214
11232 245 6580 2875 4652 1777 15
11449 185 9490 1422 1959 537 254
11806 188 6379 1529 5427 3898 305
11950 272 8794 1116 3156 2040 107
11985 450 11630 178 355 177 177
12175 425 9606 726 2569 1843 1627
12585 307 7621 529 4964 4435 143
12774 419 10181 1221 2593 1372 416
13442 150 12839 247 603 356 356
13666 318 13261 200 405 205 205
13960 326 12494 1020 1466 446 112
14443 253 11839 1741 2604 863 112
15986 247 15130 545 856 311 64
16783 460 16107 411 676 265 210
16841 176 12957 1829 3884 2055 1693
17182 195 15218 1326 1964 638 102
17583 96 13580 1941 4003 2062 977
17921 200 16789 678 1132 454 53
18318 492 17744 329 574 245 222
18421 179 17925 216 496 280 280
18892 304 15501 2226 3391 1165 186
19506 48 17006 1928 2500 572 177
19550 358 19457 43 93 50 50
19569 173 18771 371 798 427 427
19763 430 19346 193 417 224 224
19872 335 17996 1241 1876 635 28
20733 359 17160 2467 3573 1106 212
20799 476 19770 772 1029 257 133
21148 89 19530 791 1618 827 21
21483 110 16883 2471 4600 2129 263
21554 46 19845 1285 1709 424 28
22187 472 19761 1759 2426 667 21
22561 238 21949 334 612 278 236
23201 496 23035 83 166 83 83
23228 407 21762 1303 1466 163 29
23479 134 20104 1909 3375 1466 208
23963 483 17439 967 6524 5557 213
24385 131 18917 398 5468 5070 5070
24480 218 21145 1493 3335 1842 37
24672 126 23634 579 1038 459 232
24865 349 21942 1753 2923 1170 246
25024 57 22812 1708 2212 504 3
25433 100 22477 408 2956 2548 2548
26045 451 19762 2125 6283 4158 2
26874 399 24267 2181 2607 426 20
26908 23 26725 165 183 18 18
26952 204 25451 1099 1501 402 224
27999 361 26169 1627 1830 203 87
28103 175 26813 770 1290 520 96
28189 115 27753 177 436 259 259
28348 270 28169 158 179 21 21
28999 170 25546 1006 3453 2447 2034
29249 24 27862 848 1387 539 461
29849 414 29627 131 222 91 91
30042 44 29960 48 82 34 34
30462 145 29023 874 1439 565 74
31822 385 29700 1734 2122 388 0
31834 428 29060 1716 2774 1058 215
32279 197 28814 861 3465 2604 2329
32630 40 29771 350 2859 2509 2509
33068 370 27816 1102 5252 4150 4019
33142 60 28500 440 4642 4202 4131
33718 465 29822 372 3896 3524 3524
33974 21 29559 1281 4415 3134 2868
34173 249 25520 1227 8653 7426 1697
34712 456 33933 628 779 151 9
35032 415 34481 401 551 150 104
35686 168 35552 53 134 81 81
35867 235 35371 303 496 193 171
36140 172 34092 1188 2048 860 82
36511 28 35518 635 993 358 326
36718 4 36401 231 317 86 86
36791 458 34914 1286 1877 591 119
36856 491 35925 344 931 587 587
37381 0 33383 1781 3998 2217 1910
37778 93 37640 80 138 58 58
37897 11 35780 1354 2117 763 88
38139 259 37810 207 329 122 122
38860 227 37686 563 1174 611 607
38995 457 38879 79 116 37 37
39269 262 37675 954 1594 640 465
39368 36 38457 473 911 438 404
39649 373 39543 52 106 54 54
40277 66 39606 507 671 164 44
40340 73 40100 41 240 199 199
40420 328 33376 2386 7044 4658 3481
40621 466 40079 219 542 323 323
41536 444 40728 640 808 168 60
41634 54 37340 2300 4294 1994 42
42500 162 41176 593 1324 731 361
42709 147 42164 208 545 337 337
42791 353 37330 3379 5461 2082 138
44030 39 42090 1696 1940 244 28
44666 251 42204 1676 2462 786 269
45599 475 43659 1421 1940 519 120
45624 356 44830 652 794 142 85
46551 282 40619 2967 5932 2965 3
46573 308 41402 849 5171 4322 233
46936 186 45687 915 1249 334 41
47294 237 46293 479 1001 522 281
47463 83 45357 1544 2106 562 268
48055 355 46393 474 1662 1188 972
48468 45 48409 41 59 18 18
48503 120 48471 30 32 2 2
49154 257 48596 362 558 196 196
49543 418 34864 1354 14679 13325 13237
49578 171 41701 1273 7877 6604 6031
49736 104 49234 307 502 195 195
49838 364 49728 101 110 9 9
50575 167 48130 806 2445 1639 391
50855 380 49956 516 899 383 128
51500 128 48383 1636 3117 1481 209
51601 130 49926 731 1675 944 172
52736 439 34634 1866 18102 16236 5787
53014 312 51715 1024 1299 275 157
53294 371 50372 2200 2922 722 82
53777 242 30574 381 23203 22822 22822
53780 43 47499 2266 6281 4015 230
53944 265 45361 2042 8583 6541 455
54742 433 54376 303 366 63 63
55191 275 54166 825 1025 200 86
55321 165 53478 1009 1843 834 610
56664 146 53112 1359 3552 2193 183
57407 166 54910 1865 2497 632 6
58255 440 56459 979 1796 817 704
58633 224 57004 1420 1629 209 63
58780 225 58431 158 349 191 191
60172 47 59741 239 431 192 61
60222 445 60016 85 206 121 121
60948 338 60572 274 376 102 102
61075 13 60882 126 193 67 67
61217 462 58073 2117 3144 1027 137
61302 67 58390 1965 2912 947 58
61311 309 59195 1125 2116 991 116
61611 283 58679 889 2932 2043 265
61949 286 60206 317 1743 1426 1426
62254 323 60077 1284 2177 893 96
63178 159 61694 666 1484 818 652
63269 368 62751 252 518 266 266
63733 384 63587 90 146 56 56
63895 434 63691 161 204 43 43
64185 254 62518 1172 1667 495 53
64613 209 54403 373 10210 9837 9837
64924 411 62491 1853 2433 580 199
65040 108 64399 459 641 182 28
65191 239 64456 475 735 260 155
65434 193 63146 1590 2288 698 33
65840 287 65553 112 287 175 175
66230 298 63428 2412 2802 390 71
66360 77 65981 282 379 97 97
66689 325 65620 549 1069 520 71
67880 154 67133 614 747 133 45
68136 74 65719 1546 2417 871 126
68525 342 67727 454 798 344 18
69051 61 68548 369 503 134 30
69150 294 67811 802 1339 537 44
69698 70 67263 1822 2435 613 23
69758 68 68734 685 1024 339 132
69812 363 69034 693 778 85 18
70314 63 69975 119 339 220 220
70731 362 68426 957 2305 1348 100
71135 8 61487 3090 9648 6558 125
71549 232 53563 2044 17986 15942 218
71583 426 37045 661 34538 33877 220
72064 269 71610 352 454 102 102
72124 25 71887 203 237 34 34
72197 367 70417 1358 1780 422 203
72304 87 72016 179 288 109 109
74307 149 74033 233 274 41 41
74575 133 71904 1403 2671 1268 850
74755 400 74551 179 204 25 25
75374 35 72478 1555 2896 1341 573
75898 264 39110 384 36788 36404 36404
76289 348 76144 57 145 88 88
76414 51 42813 1422 33601 32179 129
76747 174 72194 2922 4553 1631 516
76813 6 76483 224 330 106 106
77200 211 60745 2784 16455 13671 92
77478 219 77032 361 446 85 85
78053 95 73245 2225 4808 2583 918
79887 375 79106 603 781 178 149
80004 392 78325 1411 1679 268 137
80098 231 79786 119 312 193 193
80448 85 80406 33 42 9 9
80567 30 80191 139 376 237 237
80584 366 79432 379 1152 773 667
81484 432 80953 156 531 375 375
81614 471 81308 156 306 150 150
81698 107 78317 1470 3381 1911 487
82821 69 78930 2527 3891 1364 221
85404 15 82292 2505 3112 607 93
85498 214 58675 2526 26823 24297 426
85820 446 81523 2163 4297 2134 176
86530 137 85124 667 1406 739 697
86792 71 85938 631 854 223 68
87724 394 87016 335 708 373 373
88556 477 88025 391 531 140 140
89224 141 88695 274 529 255 255
90082 112 89693 238 389 151 151
90086 344 86696 2110 3390 1280 97
90611 336 73506 1779 17105 15326 183
91216 151 90680 183 536 353 353
91516 469 91008 299 508 209 209
91528 442 79183 1899 12345 10446 1266
92216 59 89525 1053 2691 1638 1087
92507 497 90085 1758 2422 664 208
92605 429 92349 152 256 104 104
93149 296 92031 636 1118 482 280
93947 244 93572 225 375 150 150
94022 122 89031 2262 4991 2729 23
94046 81 93832 98 214 116 116
94440 127 86292 1674 8148 6474 162
94905 499 94723 54 182 128 128
95478 258 33466 2940 62012 59072 224
95702 495 93306 1363 2396 1033 717
97012 352 96113 615 899 284 273
97038 382 94190 2191 2848 657 219
97634 396 93584 2816 4050 1234 56
98291 274 90673 2250 7618 5368 656
98668 148 44321 2538 54347 51809 8
98900 191 97433 1089 1467 378 310
99168 322 98957 146 211 65 65
