1155 7 868 261 287 26 26
1270 454 705 564 565 1 0
1753 436 779 937 974 37 0
2229 422 1804 235 425 190 190
2317 250 1199 669 1118 449 0
2561 181 165 2196 2396 200 0
2668 317 1447 1184 1221 37 0
3084 369 2978 59 106 47 47
3095 184 37 2559 3058 499 0
3625 306 1809 1628 1816 188 112
3698 29 1478 1841 2220 379 0
4064 144 3406 404 658 254 133
4390 230 1129 2794 3261 467 0
4821 78 1522 2629 3299 670 222
4824 158 1312 2713 3512 799 67
4883 297 1348 2439 3535 1096 33
4986 19 2205 1810 2781 971 113
5136 226 4036 724 1100 376 29
5623 94 5037 342 586 244 244
5740 9 3516 1851 2224 373 48
5759 236 5047 612 712 100 90
5921 118 3705 1485 2216 731 146
6306 271 4228 1323 2078 755 163
6632 301 4350 1785 2282 497 27
6693 123 1689 1863 5004 3141 60
6711 169 3942 1729 2769 1040 149
6860 161 5809 884 1051 167 50
7182 391 5410 1613 1772 159 26
7467 343 4270 1530 3197 1667 34
7780 140 6459 817 1321 504 412
8016 468 6913 1009 1103 94 61
8157 390 7754 376 403 27 27
8200 307 7621 529 579 50 26
8334 76 6804 1326 1530 204 57
8385 188 6379 1529 2006 477 126
9217 406 8273 848 944 96 14
9606 99 7381 1945 2225 280 25
9735 18 8737 452 998 546 546
9875 252 7923 1296 1952 656 463
9988 245 6580 2875 3408 533 68
10497 272 8794 1116 1703 587 27
10590 263 7866 1737 2724 987 469
10658 305 9609 886 1049 163 124
10774 425 9606 726 1168 442 383
10818 493 8579 1817 2239 422 211
11026 185 9490 1422 1536 114 16
11178 303 9252 1749 1926 177 83
11336 121 10526 464 810 346 346
11552 389 9408 1495 2144 649 389
11671 419 10181 1221 1490 269 242
11827 450 11630 178 197 19 19
11968 416 8421 2062 3547 1485 113
12755 14 5529 2730 7226 4496 95
12942 345 11779 843 1163 320 234
13231 150 12839 247 392 145 145
13596 318 13261 200 335 135 135
13755 326 12494 1020 1261 241 38
13903 253 11839 1741 2064 323 19
14313 424 7228 3661 7085 3424 350
14539 90 10121 2849 4418 1569 1058
14972 20 12254 1796 2718 922 185
14992 284 9627 2352 5365 3013 71
15316 56 13680 1274 1636 362 76
15605 277 13282 1837 2323 486 41
15901 247 15130 545 771 226 124
16160 203 12801 1287 3359 2072 1964
16213 176 12957 1829 3256 1427 1011
16480 96 13580 1941 2900 959 17
16694 460 16107 411 587 176 54
16871 195 15218 1326 1653 327 21
17479 160 11200 2578 6279 3701 201
17599 200 16789 678 810 132 111
17779 223 12930 2467 4849 2382 1830
18129 492 17744 329 385 56 36
18135 330 8564 1635 9571 7936 177
18232 179 17925 216 307 91 91
18478 241 14315 2922 4163 1241 34
18615 304 15501 2226 3114 888 35
18797 483 17439 967 1358 391 90
19227 173 18771 371 456 85 85
19293 84 15309 2941 3984 1043 8
19337 335 17996 1241 1341 100 4
19412 48 17006 1928 2406 478 42
19430 131 18917 398 513 115 115
19545 155 17188 1404 2357 953 49
19589 358 19457 43 132 89 89
19606 430 19346 193 260 67 67
19623 97 16037 2571 3586 1015 418
20156 359 17160 2467 2996 529 89
20160 110 16883 2471 3277 806 6
20509 89 19530 791 979 188 60
20750 476 19770 772 980 208 186
21535 46 19845 1285 1690 405 40
21829 132 15852 2797 5977 3180 92
21901 472 19761 1759 2140 381 20
22013 451 19762 2125 2251 126 1
22440 134 20104 1909 2336 427 53
22472 238 21949 334 523 189 65
22512 27 20317 1648 2195 547 20
22921 100 22477 408 444 36 36
22969 218 21145 1493 1824 331 67
23160 496 23035 83 125 42 42
23339 22 19509 2222 3830 1608 98
23523 407 21762 1303 1761 458 140
23831 488 19966 1667 3865 2198 36
23954 16 21323 2160 2631 471 67
24024 395 20439 2617 3585 968 71
24371 126 23634 579 737 158 115
24379 349 21942 1753 2437 684 157
24429 310 12197 2492 12232 9740 202
24906 57 22812 1708 2094 386 110
25036 339 24011 534 1025 491 14
25920 347 23503 1960 2417 457 87
25923 164 18801 2988 7122 4134 908
26414 480 24073 2064 2341 277 13
26642 327 12877 2845 13765 10920 606
26746 204 25451 1099 1295 196 177
26912 23 26725 165 187 22 22
27390 249 25520 1227 1870 643 404
27397 399 24267 2181 3130 949 113
27980 175 26813 770 1167 397 78
28021 361 26169 1627 1852 225 16
28054 170 25546 1006 2508 1502 1263
28124 115 27753 177 371 194 194
28453 270 28169 158 284 126 126
28889 24 27862 848 1027 179 119
29207 60 28500 440 707 267 105
29327 255 26408 2478 2919 441 7
29641 370 27816 1102 1825 723 647
29684 197 28814 861 870 9 0
29773 414 29627 131 146 15 15
29997 222 25821 1640 4176 2536 1390
30008 44 29960 48 48 0 0
30105 145 29023 874 1082 208 133
30465 40 29771 350 694 344 344
30552 465 29822 372 730 358 358
30907 372 6946 3402 23961 20559 284
30951 103 29423 398 1528 1130 1130
31033 242 30574 381 459 78 78
31186 21 29559 1281 1627 346 126
31257 428 29060 1716 2197 481 165
31603 55 27603 3006 4000 994 6
31705 385 29700 1734 2005 271 74
32167 136 25170 2091 6997 4906 14
32297 114 27548 1101 4749 3648 1414
32850 498 32377 435 473 38 38
32892 273 27199 452 5693 5241 5241
33105 64 29292 2675 3813 1138 36
33309 98 27734 2228 5575 3347 288
33395 52 27643 2690 5752 3062 412
34191 461 31634 2099 2557 458 72
34217 267 23825 1813 10392 8579 258
34631 431 32118 1875 2513 638 5
34990 415 34481 401 509 108 76
35159 456 33933 628 1226 598 285
35620 168 35552 53 68 15 15
35721 235 35371 303 350 47 42
35777 0 33383 1781 2394 613 12
35818 172 34092 1188 1726 538 105
36301 28 35518 635 783 148 126
36311 458 34914 1286 1397 111 21
36381 328 33376 2386 3005 619 20
36383 491 35925 344 458 114 114
36569 418 34864 1354 1705 351 331
36758 4 36401 231 357 126 126
36821 33 34054 830 2767 1937 178
37328 439 34634 1866 2694 828 412
37419 474 29241 2355 8178 5823 3801
37657 11 35780 1354 1877 523 120
37730 93 37640 80 90 10 10
37914 426 37045 661 869 208 199
38122 259 37810 207 312 105 105
38266 258 33466 2940 4800 1860 199
38633 227 37686 563 947 384 278
38667 189 37761 400 906 506 506
38765 262 37675 954 1090 136 50
38973 457 38879 79 94 15 15
39170 49 34126 3143 5044 1901 76
39213 36 38457 473 756 283 177
39498 113 36651 1751 2847 1096 171
39598 264 39110 384 488 104 104
39651 373 39543 52 108 56 56
39966 54 37340 2300 2626 326 3
40182 66 39606 507 576 69 46
40217 73 40100 41 117 76 76
40293 340 27013 3777 13280 9503 6325
40392 124 15740 2202 24652 22450 8
40437 466 40079 219 358 139 139
41070 295 37777 2369 3293 924 63
41124 314 33830 1270 7294 6024 87
41265 353 37330 3379 3935 556 90
41521 444 40728 640 793 153 113
41880 162 41176 593 704 111 90
41911 448 38766 2012 3145 1133 0
42183 299 28916 2809 13267 10458 2823
42392 147 42164 208 228 20 20
42944 357 29689 2516 13255 10739 106
43109 171 41701 1273 1408 135 42
43290 308 41402 849 1888 1039 6
43922 266 35495 3159 8427 5268 31
44222 251 42204 1676 2018 342 50
44303 39 42090 1696 2213 517 51
44667 282 40619 2967 4048 1081 109
44689 51 42813 1422 1876 454 76
44739 453 42194 1777 2545 768 3
44997 341 29266 3068 15731 12663 103
45308 475 43659 1421 1649 228 2
45619 356 44830 652 789 137 115
45631 452 43484 994 2147 1153 8
45745 243 42188 1040 3557 2517 1071
46829 186 45687 915 1142 227 59
46848 237 46293 479 555 76 40
46942 355 46393 474 549 75 56
47309 148 44321 2538 2988 450 331
47472 83 45357 1544 2115 571 283
47884 139 43946 450 3938 3488 3488
47987 265 45361 2042 2626 584 387
48378 58 43572 2369 4806 2437 336
48587 120 48471 30 116 86 86
48652 45 48409 41 243 202 202
48834 289 44892 2480 3942 1462 318
49012 248 45022 2715 3990 1275 60
49040 167 48130 806 910 104 37
49271 350 42470 3998 6801 2803 506
49494 257 48596 362 898 536 536
49579 104 49234 307 345 38 38
49848 364 49728 101 120 19 19
49947 109 43095 1655 6852 5197 4831
50200 278 49054 650 1146 496 32
50314 43 47499 2266 2815 549 43
50374 128 48383 1636 1991 355 17
50595 380 49956 516 639 123 56
50868 130 49926 731 942 211 22
51512 441 50250 678 1262 584 48
51615 65 49659 1370 1956 586 108
51795 101 48441 2063 3354 1291 212
52228 320 50265 1491 1963 472 50
52831 187 46500 2788 6331 3543 49
53109 312 51715 1024 1394 370 2
53189 92 50695 1841 2494 653 174
53376 371 50372 2200 3004 804 3
54050 351 46970 1308 7080 5772 5331
54403 485 50980 2396 3423 1027 7
54632 146 53112 1359 1520 161 78
54731 433 54376 303 355 52 52
54977 300 46455 2666 8522 5856 16
55188 275 54166 825 1022 197 19
55286 165 53478 1009 1808 799 640
55514 32 50747 2782 4767 1985 126
55562 209 54403 373 1159 786 786
55940 421 50506 2886 5434 2548 750
56416 232 53563 2044 2853 809 178
56934 166 54910 1865 2024 159 43
57047 473 54408 818 2639 1821 1689
57506 379 53750 2596 3756 1160 14
57737 440 56459 979 1278 299 248
58232 276 55442 2254 2790 536 121
58582 224 57004 1420 1578 158 44
58840 410 56833 1352 2007 655 46
58866 225 58431 158 435 277 277
59532 381 56167 2589 3365 776 290
59738 283 58679 889 1059 170 20
60084 47 59741 239 343 104 50
60152 445 60016 85 136 51 51
60201 484 53320 2853 6881 4028 44
60437 309 59195 1125 1242 117 6
60574 286 60206 317 368 51 51
60849 338 60572 274 277 3 3
60893 67 58390 1965 2503 538 67
61020 13 60882 126 138 12 12
61309 462 58073 2117 3236 1119 217
61603 323 60077 1284 1526 242 8
61718 214 58675 2526 3043 517 99
62394 159 61694 666 700 34 25
62439 80 58679 1883 3760 1877 188
63039 368 62751 252 288 36 36
63161 489 60426 1275 2735 1460 1393
63677 384 63587 90 90 0 0
63738 228 60335 2058 3403 1345 1135
63957 434 63691 161 266 105 105
64086 254 62518 1172 1568 396 221
64285 210 56463 2489 7822 5333 724
64461 234 57708 2498 6753 4255 161
64476 423 59056 2612 5420 2808 1966
64624 211 60745 2784 3879 1095 84
64978 411 62491 1853 2487 634 16
64999 239 64456 475 543 68 21
65055 108 64399 459 656 197 142
65090 316 58093 3068 6997 3929 86
65126 193 63146 1590 1980 390 8
65574 106 63370 919 2204 1285 916
65631 8 61487 3090 4144 1054 117
65687 287 65553 112 134 22 22
66151 298 63428 2412 2723 311 21
66282 207 55351 2285 10931 8646 12
66434 77 65981 282 453 171 171
66506 325 65620 549 886 337 12
67670 212 65000 2019 2670 651 0
67724 482 59336 1925 8388 6463 1102
67741 408 64572 1892 3169 1277 786
67787 154 67133 614 654 40 21
67860 74 65719 1546 2141 595 72
68197 342 67727 454 470 16 2
68904 398 65390 1738 3514 1776 145
68970 294 67811 802 1159 357 50
69101 61 68548 369 553 184 143
69330 70 67263 1822 2067 245 30
69469 3 56589 2370 12880 10510 74
69685 362 68426 957 1259 302 8
69745 68 68734 685 1011 326 59
69780 41 69289 404 491 87 87
69799 363 69034 693 765 72 5
70124 63 69975 119 149 30 30
70206 217 67344 2063 2862 799 128
70413 464 67855 1591 2558 967 7
70815 37 66436 2920 4379 1459 71
70855 290 69324 1235 1531 296 86
71219 324 67494 2403 3725 1322 103
71327 268 65089 1643 6238 4595 6
71638 292 70638 898 1000 102 16
71993 269 71610 352 383 31 31
72191 367 70417 1358 1774 416 62
72197 25 71887 203 310 107 107
72405 53 70439 1519 1966 447 194
72442 87 72016 179 426 247 247
72768 401 69249 1791 3519 1728 1118
72932 490 70375 2017 2557 540 39
73949 1 63431 1993 10518 8525 8355
74045 133 71904 1403 2141 738 502
74201 35 72478 1555 1723 168 94
74279 149 74033 233 246 13 13
74803 400 74551 179 252 73 73
75637 50 73497 1785 2140 355 114
75644 332 70227 3091 5417 2326 40
75765 174 72194 2922 3571 649 119
75852 194 72186 2409 3666 1257 6
75960 336 73506 1779 2454 675 133
76055 463 73806 1683 2249 566 7
76089 91 71309 2131 4780 2649 19
76233 348 76144 57 89 32 32
76243 95 73245 2225 2998 773 20
76294 397 62289 3182 14005 10823 16
76761 6 76483 224 278 54 54
77153 405 75817 975 1336 361 36
77422 219 77032 361 390 29 29
77567 86 72930 2510 4637 2127 3
77713 302 55682 1482 22031 20549 259
77915 412 71829 1472 6086 4614 4261
78761 79 77254 1226 1507 281 169
79463 337 71811 2823 7652 4829 4484
80009 392 78325 1411 1684 273 60
80077 231 79786 119 291 172 172
80094 388 76522 2592 3572 980 114
80111 366 79432 379 679 300 291
80182 375 79106 603 1076 473 251
80265 107 78317 1470 1948 478 118
80378 30 80191 139 187 48 48
80473 85 80406 33 67 34 34
80803 156 80266 401 537 136 136
81210 478 75022 3224 6188 2964 1740
81367 432 80953 156 414 258 258
81431 202 79733 930 1698 768 755
81477 471 81308 156 169 13 13
81710 442 79183 1899 2527 628 193
81909 38 80150 1401 1759 358 116
82217 69 78930 2527 3287 760 52
82898 315 79097 2469 3801 1332 176
83294 125 82092 585 1202 617 3
83528 256 80944 1918 2584 666 4
84119 446 81523 2163 2596 433 188
84271 192 82594 1244 1677 433 50
84287 427 81237 2498 3050 552 25
84805 215 83934 422 871 449 449
85036 360 81486 2744 3550 806 241
85143 75 83571 1071 1572 501 127
85261 15 82292 2505 2969 464 1
85295 5 82430 1311 2865 1554 7
85769 402 78665 2597 7104 4507 177
86012 137 85124 667 888 221 154
86336 313 78500 2132 7836 5704 85
86374 229 79649 469 6725 6256 6256
86813 71 85938 631 875 244 75
86853 467 83039 3248 3814 566 311
87217 413 83525 3092 3692 600 4
87282 365 84224 2318 3058 740 48
87374 394 87016 335 358 23 23
87671 438 85450 1633 2221 588 314
87718 240 80727 1464 6991 5527 21
88456 477 88025 391 431 40 40
88646 378 72031 1907 16615 14708 237
88980 127 86292 1674 2688 1014 24
89035 153 84751 1655 4284 2629 2103
89073 141 88695 274 378 104 104
89499 344 86696 2110 2803 693 90
89600 12 86907 2062 2693 631 468
89937 481 63636 1703 26301 24598 24159
89981 112 89693 238 288 50 50
90406 404 88435 1404 1971 567 212
90428 260 83482 2796 6946 4150 356
90656 59 89525 1053 1131 78 76
90939 151 90680 183 259 76 76
91126 393 90357 616 769 153 72
91319 469 91008 299 311 12 12
91369 443 88591 2112 2778 666 22
91832 122 89031 2262 2801 539 25
92341 494 90921 1368 1420 52 19
92439 119 87841 2584 4598 2014 158
92560 429 92349 152 211 59 59
92720 497 90085 1758 2635 877 322
92884 296 92031 636 853 217 84
93226 105 89629 3039 3597 558 7
93946 81 93832 98 114 16 16
94103 274 90673 2250 3430 1180 203
94170 244 93572 225 598 373 373
94184 280 90172 2622 4012 1390 46
94458 205 91238 1921 3220 1299 645
94604 334 60172 3686 34432 30746 1
94818 157 92652 1459 2166 707 69
94826 499 94723 54 103 49 49
95005 455 61670 1737 33335 31598 31283
95164 495 93306 1363 1858 495 128
95611 486 91622 2215 3989 1774 235
95707 152 86113 2813 9594 6781 6233
96051 117 94100 1435 1951 516 377
96279 135 94864 782 1415 633 580
96402 377 62101 1572 34301 32729 229
96641 102 94519 1518 2122 604 308
96763 382 94190 2191 2573 382 1
96942 352 96113 615 829 214 167
97015 396 93584 2816 3431 615 119
97193 376 55840 1916 41353 39437 222
97274 196 48868 3096 48406 45310 18
97464 459 96912 448 552 104 104
97614 182 94899 2090 2715 625 107
97617 88 97055 423 562 139 139
97712 346 96254 995 1458 463 62
98196 386 72178 762 26018 25256 20
98311 383 43427 2273 54884 52611 27
98548 409 29069 2370 69479 67109 139
98631 191 97433 1089 1198 109 32
98712 281 88325 1085 10387 9302 9293
98776 143 26484 2873 72292 69419 116
98839 321 95056 2684 3783 1099 332
99134 403 98205 482 929 447 447
99358 322 98957 146 401 255 255
99845 2 84818 982 15027 14045 365
