2513 422 1804 235 709 474 474
3055 369 2978 59 77 18 18
3468 7 868 261 2600 2339 2339
3874 144 3406 404 468 64 63
6249 236 5047 612 1202 590 0
7367 306 1809 1628 5558 3930 251
8454 76 6804 1326 1650 324 0
8639 161 5809 884 2830 1946 1559
9799 99 7381 1945 2418 473 0
10943 305 9609 886 1334 448 383
11224 185 9490 1422 1734 312 310
11858 450 11630 178 228 50 0
12730 181 165 2196 12565 10369 280
13154 150 12839 247 315 68 68
13809 318 13261 200 548 348 303
14118 493 8579 1817 5539 3722 2365
15433 326 12494 1020 2939 1919 661
15537 253 11839 1741 3698 1957 20
15681 247 15130 545 551 6 0
16519 460 16107 411 412 1 0
17542 195 15218 1326 2324 998 0
18191 179 17925 216 266 50 33
18231 492 17744 329 487 158 122
19335 200 16789 678 2546 1868 0
19500 358 19457 43 43 0 0
20037 430 19346 193 691 498 343
20940 250 1199 669 19741 19072 268
21384 46 19845 1285 1539 254 0
21876 48 17006 1928 4870 2942 211
22462 472 19761 1759 2701 942 0
22595 238 21949 334 646 312 0
23159 496 23035 83 124 41 41
23901 407 21762 1303 2139 836 834
24648 126 23634 579 1014 435 0
26890 23 26725 165 165 0 0
27053 204 25451 1099 1602 503 501
27734 175 26813 770 921 151 78
28008 115 27753 177 255 78 78
28354 361 26169 1627 2185 558 78
28505 270 28169 158 336 178 59
29367 24 27862 848 1505 657 644
29780 414 29627 131 153 22 0
30008 44 29960 48 48 0 0
32241 145 29023 874 3218 2344 28
32358 385 29700 1734 2658 924 0
34891 456 33933 628 958 330 101
35657 168 35552 53 105 52 52
35795 235 35371 303 424 121 88
36584 415 34481 401 2103 1702 1693
36657 458 34914 1286 1743 457 285
36845 4 36401 231 444 213 53
37150 28 35518 635 1632 997 140
37720 93 37640 80 80 0 0
38390 259 37810 207 580 373 373
38958 457 38879 79 79 0 0
39523 227 37686 563 1837 1274 944
39595 373 39543 52 52 0 0
39770 262 37675 954 2095 1141 716
40141 73 40100 41 41 0 0
40194 36 38457 473 1737 1264 1067
40610 466 40079 219 531 312 312
40974 66 39606 507 1368 861 382
42608 147 42164 208 444 236 0
46773 237 46293 479 480 1 0
47371 356 44830 652 2541 1889 518
48450 45 48409 41 41 0 0
48501 120 48471 30 30 0 0
49059 251 42204 1676 6855 5179 47
49829 364 49728 101 101 0 0
51233 380 49956 516 1277 761 0
51540 186 45687 915 5853 4938 0
51891 104 49234 307 2657 2350 2307
53082 312 51715 1024 1367 343 0
53261 39 42090 1696 11171 9475 0
55099 371 50372 2200 4727 2527 158
55242 433 54376 303 866 563 379
55479 275 54166 825 1313 488 130
57348 83 45357 1544 11991 10447 0
58718 224 57004 1420 1714 294 86
59213 225 58431 158 782 624 624
59981 47 59741 239 240 1 0
60166 445 60016 85 150 65 65
61008 13 60882 126 126 0 0
62175 338 60572 274 1603 1329 1329
63130 368 62751 252 379 127 127
63259 67 58390 1965 4869 2904 0
63677 384 63587 90 90 0 0
64004 434 63691 161 313 152 152
64932 239 64456 475 476 1 0
65156 108 64399 459 757 298 37
65580 193 63146 1590 2434 844 0
65731 287 65553 112 178 66 28
66756 77 65981 282 775 493 449
67426 254 62518 1172 4908 3736 0
67906 154 67133 614 773 159 67
69049 61 68548 369 501 132 0
69437 68 68734 685 703 18 0
70190 63 69975 119 215 96 96
70300 363 69034 693 1266 573 404
70540 70 67263 1822 3277 1455 322
71262 342 67727 454 3535 3081 0
71956 367 70417 1358 1539 181 124
72122 294 67811 802 4311 3509 0
72898 87 72016 179 882 703 703
73662 25 71887 203 1775 1572 1572
74660 149 74033 233 627 394 394
74840 400 74551 179 289 110 110
76201 348 76144 57 57 0 0
76736 133 71904 1403 4832 3429 3196
76961 6 76483 224 478 254 254
78024 283 58679 889 19345 18456 40
78304 309 59195 1125 19109 17984 19
79905 231 79786 119 119 0 0
80078 375 79106 603 972 369 289
80402 30 80191 139 211 72 72
80439 85 80406 33 33 0 0
81211 432 80953 156 258 102 102
81493 392 78325 1411 3168 1757 494
81650 471 81308 156 342 186 186
84730 323 60077 1284 24653 23369 90
85814 325 65620 549 20194 19645 0
87387 71 85938 631 1449 818 0
89443 141 88695 274 748 474 293
89936 112 89693 238 243 5 5
90640 286 60206 317 30434 30117 30117
90863 151 90680 183 183 0 0
91767 469 91008 299 759 460 219
92089 446 81523 2163 10566 8403 339
92501 429 92349 152 152 0 0
92890 296 92031 636 859 223 59
93930 81 93832 98 98 0 0
94043 244 93572 225 471 246 0
94798 499 94723 54 75 21 21
96858 352 96113 615 745 130 0
97352 396 93584 2816 3768 952 0
98335 172 34092 1188 64243 63055 0
99201 322 98957 146 244 98 20
