1180 7 868 261 312 51 51
1939 454 705 564 1234 670 348
2273 422 1804 235 469 234 234
3037 369 2978 59 59 0 0
3105 250 1199 669 1906 1237 7
3218 181 165 2196 3053 857 0
3381 436 779 937 2602 1665 115
3811 144 3406 404 405 1 0
3842 306 1809 1628 2033 405 131
4523 230 1129 2794 3394 600 0
5679 94 5037 342 642 300 129
5922 226 4036 724 1886 1162 541
6068 236 5047 612 1021 409 16
6854 161 5809 884 1045 161 160
7125 301 4350 1785 2775 990 0
7811 9 3516 1851 4295 2444 61
8066 271 4228 1323 3838 2515 6
8134 76 6804 1326 1330 4 0
8405 390 7754 376 651 275 58
9379 468 6913 1009 2466 1457 1344
9416 99 7381 1945 2035 90 0
10557 305 9609 886 948 62 53
10757 493 8579 1817 2178 361 145
10831 425 9606 726 1225 499 354
11017 185 9490 1422 1527 105 0
11373 272 8794 1116 2579 1463 0
11808 450 11630 178 178 0 0
12026 419 10181 1221 1845 624 377
12488 307 7621 529 4867 4338 5
12715 188 6379 1529 6336 4807 0
12968 245 6580 2875 6388 3513 0
13097 150 12839 247 258 11 11
13535 318 13261 200 274 74 0
13830 326 12494 1020 1336 316 0
14182 253 11839 1741 2343 602 0
15750 247 15130 545 620 75 0
16434 176 12957 1829 3477 1648 1587
16519 460 16107 411 412 1 0
16923 195 15218 1326 1705 379 0
17066 96 13580 1941 3486 1545 626
17810 56 13680 1274 4130 2856 0
18074 492 17744 329 330 1 0
18115 200 16789 678 1326 648 468
18246 179 17925 216 321 105 47
19310 48 17006 1928 2304 376 61
19500 358 19457 43 43 0 0
19584 430 19346 193 238 45 0
19788 335 17996 1241 1792 551 0
20018 304 15501 2226 4517 2291 737
20621 359 17160 2467 3461 994 8
20776 173 18771 371 2005 1634 540
21155 46 19845 1285 1310 25 0
21429 476 19770 772 1659 887 852
21698 89 19530 791 2168 1377 1
21870 472 19761 1759 2109 350 0
22278 110 16883 2471 5395 2924 126
22402 238 21949 334 453 119 0
23118 496 23035 83 83 0 0
23866 407 21762 1303 2104 801 641
24125 349 21942 1753 2183 430 0
24276 126 23634 579 642 63 0
24724 57 22812 1708 1912 204 0
25197 134 20104 1909 5093 3184 0
25371 483 17439 967 7932 6965 1665
25665 218 21145 1493 4520 3027 11
26755 399 24267 2181 2488 307 10
26806 204 25451 1099 1355 256 119
26919 23 26725 165 194 29 0
27585 175 26813 770 772 2 0
27961 361 26169 1627 1792 165 79
28079 115 27753 177 326 149 69
28173 249 25520 1227 2653 1426 208
28332 270 28169 158 163 5 5
28919 24 27862 848 1057 209 100
29759 414 29627 131 132 1 0
30008 44 29960 48 48 0 0
30903 145 29023 874 1880 1006 0
31551 385 29700 1734 1851 117 0
32012 428 29060 1716 2952 1236 143
32184 197 28814 861 3370 2509 2490
32581 40 29771 350 2810 2460 2242
33023 60 28500 440 4523 4083 4082
33067 370 27816 1102 5251 4149 4078
33611 465 29822 372 3789 3417 3417
33709 21 29559 1281 4150 2869 2867
34636 456 33933 628 703 75 1
35024 415 34481 401 543 142 141
35605 168 35552 53 53 0 0
35706 235 35371 303 335 32 0
36053 172 34092 1188 1961 773 0
36411 458 34914 1286 1497 211 208
36449 28 35518 635 931 296 8
36681 4 36401 231 280 49 49
36792 328 33376 2386 3416 1030 342
36965 0 33383 1781 3582 1801 5
37184 491 35925 344 1259 915 757
37720 93 37640 80 80 0 0
38137 259 37810 207 327 120 120
38575 227 37686 563 889 326 325
38832 262 37675 954 1157 203 46
38958 457 38879 79 79 0 0
39050 36 38457 473 593 120 119
39439 11 35780 1354 3659 2305 541
39595 373 39543 52 52 0 0
40141 73 40100 41 41 0 0
40231 66 39606 507 625 118 68
40362 466 40079 219 283 64 63
41094 54 37340 2300 3754 1454 63
41457 444 40728 640 729 89 38
42207 162 41176 593 1031 438 0
42324 353 37330 3379 4994 1615 134
42529 147 42164 208 365 157 0
42560 439 34634 1866 7926 6060 2609
43100 418 34864 1354 8236 6882 6231
44220 251 42204 1676 2016 340 47
44480 39 42090 1696 2390 694 0
44718 308 41402 849 3316 2467 166
45432 475 43659 1421 1773 352 0
45928 356 44830 652 1098 446 9
46773 237 46293 479 480 1 0
46982 186 45687 915 1295 380 0
47173 83 45357 1544 1816 272 0
47926 355 46393 474 1533 1059 817
48450 45 48409 41 41 0 0
48501 120 48471 30 30 0 0
49265 171 41701 1273 7564 6291 6117
49392 167 48130 806 1262 456 0
49577 104 49234 307 343 36 36
49829 364 49728 101 101 0 0
50025 282 40619 2967 9406 6439 0
50474 380 49956 516 518 2 0
50742 257 48596 362 2146 1784 1308
51410 130 49926 731 1484 753 0
51582 128 48383 1636 3199 1563 0
52596 371 50372 2200 2224 24 0
52881 312 51715 1024 1166 142 0
53252 43 47499 2266 5753 3487 0
53277 242 30574 381 22703 22322 22308
53334 265 45361 2042 7973 5931 72
54280 170 25546 1006 28734 27728 27667
54572 146 53112 1359 1460 101 0
54858 165 53478 1009 1380 371 336
54965 433 54376 303 589 286 197
55150 275 54166 825 984 159 115
55832 209 54403 373 1429 1056 884
56968 166 54910 1865 2058 193 0
57698 440 56459 979 1239 260 42
58427 224 57004 1420 1423 3 0
58751 225 58431 158 320 162 103
59981 47 59741 239 240 1 0
60101 445 60016 85 85 0 0
60631 67 58390 1965 2241 276 46
60648 283 58679 889 1969 1080 14
60762 309 59195 1125 1567 442 0
61029 13 60882 126 147 21 21
61304 338 60572 274 732 458 458
61553 286 60206 317 1347 1030 1029
61752 323 60077 1284 1675 391 0
63035 368 62751 252 284 32 0
63213 462 58073 2117 5140 3023 126
63677 384 63587 90 90 0 0
63852 434 63691 161 161 0 0
63983 159 61694 666 2289 1623 1022
64173 254 62518 1172 1655 483 0
64932 239 64456 475 476 1 0
64978 108 64399 459 579 120 10
65096 193 63146 1590 1950 360 68
65198 411 62491 1853 2707 854 146
65692 287 65553 112 139 27 0
66257 325 65620 549 637 88 0
66263 77 65981 282 282 0 0
66655 298 63428 2412 3227 815 0
67826 154 67133 614 693 79 36
67942 74 65719 1546 2223 677 0
68474 342 67727 454 747 293 0
68919 61 68548 369 371 2 0
69139 294 67811 802 1328 526 0
69429 70 67263 1822 2166 344 14
69455 68 68734 685 721 36 0
69838 363 69034 693 804 111 106
70094 63 69975 119 119 0 0
70783 362 68426 957 2357 1400 0
70989 8 61487 3090 9502 6412 0
71518 232 53563 2044 17955 15911 0
71729 426 37045 661 34684 34023 0
71792 367 70417 1358 1375 17 14
72090 25 71887 203 203 0 0
72441 87 72016 179 425 246 75
73250 269 71610 352 1640 1288 120
73879 133 71904 1403 1975 572 6
74266 149 74033 233 233 0 0
74730 400 74551 179 179 0 0
76102 264 39110 384 36992 36608 36608
76201 348 76144 57 57 0 0
76438 95 73245 2225 3193 968 205
76671 35 72478 1555 4193 2638 2522
76730 6 76483 224 247 23 23
76922 174 72194 2922 4728 1806 594
77116 51 42813 1422 34303 32881 0
77309 211 60745 2784 16564 13780 18
77535 219 77032 361 503 142 85
79792 214 58675 2526 21117 18591 77
79838 392 78325 1411 1513 102 0
79912 231 79786 119 126 7 7
79974 375 79106 603 868 265 146
80330 30 80191 139 139 0 0
80439 85 80406 33 33 0 0
80756 366 79432 379 1324 945 909
81109 432 80953 156 156 0 0
81510 471 81308 156 202 46 46
81630 107 78317 1470 3313 1843 0
83042 69 78930 2527 4112 1585 0
84356 446 81523 2163 2833 670 108
85246 15 82292 2505 2954 449 0
85951 137 85124 667 827 160 159
86653 71 85938 631 715 84 0
87518 394 87016 335 502 167 167
89051 141 88695 274 356 82 82
89189 344 86696 2110 2493 383 0
89502 477 88025 391 1477 1086 433
90047 112 89693 238 354 116 116
90863 151 90680 183 183 0 0
91191 336 73506 1779 17685 15906 0
91307 469 91008 299 299 0 0
91517 59 89525 1053 1992 939 822
92262 497 90085 1758 2177 419 168
92501 429 92349 152 152 0 0
92696 442 79183 1899 13513 11614 1342
92728 296 92031 636 697 61 34
93797 244 93572 225 225 0 0
93930 81 93832 98 98 0 0
93967 122 89031 2262 4936 2674 21
94182 127 86292 1674 7890 6216 0
94777 499 94723 54 54 0 0
95864 258 33466 2940 62398 59458 0
96144 495 93306 1363 2838 1475 877
96445 382 94190 2191 2255 64 0
96806 352 96113 615 693 78 0
97182 396 93584 2816 3598 782 0
97786 148 44321 2538 53465 50927 272
98830 274 90673 2250 8157 5907 328
99104 322 98957 146 147 1 0
99228 191 97433 1089 1795 706 108
