1155 7 868 261 287 26 26
1271 454 705 564 566 2 0
1718 436 779 937 939 2 0
2148 422 1804 235 344 109 108
2190 250 1199 669 991 322 0
2377 181 165 2196 2212 16 0
3037 369 2978 59 59 0 0
3051 317 1447 1184 1604 420 0
3404 184 37 2559 3367 808 0
3478 306 1809 1628 1669 41 39
3811 144 3406 404 405 1 0
3980 230 1129 2794 2851 57 0
4269 78 1522 2629 2747 118 0
4283 123 1689 1863 2594 731 0
4669 158 1312 2713 3357 644 0
5039 226 4036 724 1003 279 0
5177 19 2205 1810 2972 1162 0
5443 94 5037 342 406 64 3
5505 297 1348 2439 4157 1718 0
5540 9 3516 1851 2024 173 0
5789 236 5047 612 742 130 0
6122 271 4228 1323 1894 571 100
6319 301 4350 1785 1969 184 0
6482 169 3942 1729 2540 811 92
6696 161 5809 884 887 3 0
6762 29 1478 1841 5284 3443 0
6878 118 3705 1485 3173 1688 107
7308 391 5410 1613 1898 285 146
7313 343 4270 1530 3043 1513 0
7923 468 6913 1009 1010 1 0
8134 76 6804 1326 1330 4 0
8192 188 6379 1529 1813 284 179
8307 390 7754 376 553 177 0
8423 140 6459 817 1964 1147 238
8450 307 7621 529 829 300 0
9291 14 5529 2730 3762 1032 12
9331 99 7381 1945 1950 5 0
9464 18 8737 452 727 275 213
9681 406 8273 848 1408 560 35
9931 245 6580 2875 3351 476 0
10148 272 8794 1116 1354 238 0
10533 305 9609 886 924 38 0
10550 493 8579 1817 1971 154 63
10687 425 9606 726 1081 355 306
10846 263 7866 1737 2980 1243 1102
10974 185 9490 1422 1484 62 0
11264 389 9408 1495 1856 361 57
11369 252 7923 1296 3446 2150 1321
11664 419 10181 1221 1483 262 78
11715 121 10526 464 1189 725 449
11808 450 11630 178 178 0 0
11844 416 8421 2062 3423 1361 0
12733 345 11779 843 954 111 109
13075 303 9252 1749 3823 2074 1037
13086 150 12839 247 247 0 0
13548 318 13261 200 287 87 87
13583 253 11839 1741 1744 3 0
13707 326 12494 1020 1213 193 0
14691 424 7228 3661 7463 3802 81
15058 20 12254 1796 2804 1008 0
15168 90 10121 2849 5047 2198 1289
15573 277 13282 1837 2291 454 26
15573 96 13580 1941 1993 52 4
15683 247 15130 545 553 8 6
15709 176 12957 1829 2752 923 767
15761 56 13680 1274 2081 807 0
15994 372 6946 3402 9048 5646 0
16519 460 16107 411 412 1 0
16549 195 15218 1326 1331 5 0
17511 200 16789 678 722 44 0
17692 203 12801 1287 4891 3604 3194
17821 304 15501 2226 2320 94 27
17932 160 11200 2578 6732 4154 170
18074 492 17744 329 330 1 0
18157 179 17925 216 232 16 8
18395 223 12930 2467 5465 2998 1762
18427 241 14315 2922 4112 1190 0
18588 483 17439 967 1149 182 81
19003 155 17188 1404 1815 411 0
19052 48 17006 1928 2046 118 36
19247 335 17996 1241 1251 10 0
19259 173 18771 371 488 117 78
19457 110 16883 2471 2574 103 0
19500 358 19457 43 43 0 0
19540 430 19346 193 194 1 0
19647 131 18917 398 730 332 209
19694 132 15852 2797 3842 1045 117
19804 359 17160 2467 2644 177 0
20488 89 19530 791 958 167 0
20601 476 19770 772 831 59 35
21135 46 19845 1285 1290 5 0
21578 472 19761 1759 1817 58 0
21999 97 16037 2571 5962 3391 186
22052 134 20104 1909 1948 39 0
22261 451 19762 2125 2499 374 0
22295 238 21949 334 346 12 0
22591 27 20317 1648 2274 626 188
22610 22 19509 2222 3101 879 0
22896 100 22477 408 419 11 7
23118 496 23035 83 83 0 0
23244 218 21145 1493 2099 606 0
23330 284 9627 2352 13703 11351 0
23333 407 21762 1303 1571 268 0
23758 349 21942 1753 1816 63 58
24005 330 8564 1635 15441 13806 0
24096 395 20439 2617 3657 1040 50
24260 126 23634 579 626 47 0
24525 57 22812 1708 1713 5 0
24804 84 15309 2941 9495 6554 0
24856 310 12197 2492 12659 10167 0
24870 16 21323 2160 3547 1387 0
24994 339 24011 534 983 449 0
25361 488 19966 1667 5395 3728 0
26092 164 18801 2988 7291 4303 591
26625 204 25451 1099 1174 75 0
26655 399 24267 2181 2388 207 0
26855 170 25546 1006 1309 303 148
26891 23 26725 165 166 1 0
27252 249 25520 1227 1732 505 42
27406 480 24073 2064 3333 1269 1029
27585 175 26813 770 772 2 0
27737 347 23503 1960 4234 2274 1634
27826 361 26169 1627 1657 30 0
27930 115 27753 177 177 0 0
28327 270 28169 158 158 0 0
28713 24 27862 848 851 3 0
28975 60 28500 440 475 35 0
29371 222 25821 1640 3550 1910 840
29479 370 27816 1102 1663 561 265
29604 136 25170 2091 4434 2343 0
29759 414 29627 131 132 1 0
29795 197 28814 861 981 120 0
30008 44 29960 48 48 0 0
30058 145 29023 874 1035 161 0
30428 40 29771 350 657 307 307
30711 465 29822 372 889 517 395
30827 103 29423 398 1404 1006 1006
31174 428 29060 1716 2114 398 0
31244 242 30574 381 670 289 289
31333 21 29559 1281 1774 493 57
31439 385 29700 1734 1739 5 0
31440 55 27603 3006 3837 831 0
31603 98 27734 2228 3869 1641 4
32304 114 27548 1101 4756 3655 38
32435 273 27199 452 5236 4784 4667
32598 255 26408 2478 6190 3712 51
32903 498 32377 435 526 91 59
33132 64 29292 2675 3840 1165 0
33341 52 27643 2690 5698 3008 57
33982 267 23825 1813 10157 8344 0
34015 461 31634 2099 2381 282 122
34564 456 33933 628 631 3 0
34637 431 32118 1875 2519 644 0
34883 415 34481 401 402 1 0
35443 172 34092 1188 1351 163 0
35477 0 33383 1781 2094 313 0
35605 168 35552 53 53 0 0
35676 235 35371 303 305 2 0
35899 328 33376 2386 2523 137 0
36244 458 34914 1286 1330 44 0
36253 28 35518 635 735 100 22
36347 33 34054 830 2293 1463 396
36557 491 35925 344 632 288 228
36632 4 36401 231 231 0 0
36695 418 34864 1354 1831 477 310
37121 439 34634 1866 2487 621 253
37158 258 33466 2940 3692 752 0
37170 11 35780 1354 1390 36 0
37584 474 29241 2355 8343 5988 2958
37720 93 37640 80 80 0 0
38049 259 37810 207 239 32 32
38175 426 37045 661 1130 469 0
38286 227 37686 563 600 37 35
38631 262 37675 954 956 2 0
38933 36 38457 473 476 3 2
38959 457 38879 79 80 1 0
39217 189 37761 400 1456 1056 904
39595 373 39543 52 52 0 0
39818 264 39110 384 708 324 280
39837 54 37340 2300 2497 197 0
40127 66 39606 507 521 14 12
40141 73 40100 41 41 0 0
40189 295 37777 2369 2412 43 0
40199 113 36651 1751 3548 1797 45
40224 340 27013 3777 13211 9434 5620
40341 466 40079 219 262 43 0
40472 49 34126 3143 6346 3203 30
40701 266 35495 3159 5206 2047 0
41029 353 37330 3379 3699 320 0
41168 314 33830 1270 7338 6068 0
41375 444 40728 640 647 7 5
41620 357 29689 2516 11931 9415 40
41771 162 41176 593 595 2 0
42292 308 41402 849 890 41 0
42373 147 42164 208 209 1 0
42494 299 28916 2809 13578 10769 2688
42516 448 38766 2012 3750 1738 0
43038 171 41701 1273 1337 64 0
43403 409 29069 2370 14334 11964 0
43934 282 40619 2967 3315 348 0
43995 251 42204 1676 1791 115 0
44059 39 42090 1696 1969 273 0
44381 51 42813 1422 1568 146 0
44878 453 42194 1777 2684 907 0
44965 341 29266 3068 15699 12631 0
45340 475 43659 1421 1681 260 0
45485 356 44830 652 655 3 0
45543 452 43484 994 2059 1065 0
45885 243 42188 1040 3697 2657 851
46754 186 45687 915 1067 152 0
46773 237 46293 479 480 1 0
46966 83 45357 1544 1609 65 0
47009 355 46393 474 616 142 140
47343 148 44321 2538 3022 484 95
47392 139 43946 450 3446 2996 2205
47484 58 43572 2369 3912 1543 0
47672 265 45361 2042 2311 269 157
48450 45 48409 41 41 0 0
48502 120 48471 30 31 1 0
48693 289 44892 2480 3801 1321 656
48958 257 48596 362 362 0 0
48965 350 42470 3998 6495 2497 173
49164 167 48130 806 1034 228 0
49194 248 45022 2715 4172 1457 0
49541 104 49234 307 307 0 0
49829 364 49728 101 101 0 0
50010 109 43095 1655 6915 5260 4390
50091 278 49054 650 1037 387 0
50179 128 48383 1636 1796 160 0
50270 43 47499 2266 2771 505 0
50475 380 49956 516 519 3 0
50821 130 49926 731 895 164 0
51001 441 50250 678 751 73 0
51124 65 49659 1370 1465 95 0
51156 187 46500 2788 4656 1868 74
52062 320 50265 1491 1797 306 0
52589 371 50372 2200 2217 17 0
52605 92 50695 1841 1910 69 0
52743 312 51715 1024 1028 4 0
53154 101 48441 2063 4713 2650 0
53704 351 46970 1308 6734 5426 4788
53888 485 50980 2396 2908 512 0
53965 32 50747 2782 3218 436 89
54643 165 53478 1009 1165 156 154
54712 433 54376 303 336 33 0
54883 146 53112 1359 1771 412 0
54994 275 54166 825 828 3 0
55006 300 46455 2666 8551 5885 0
55332 209 54403 373 929 556 249
55395 421 50506 2886 4889 2003 793
55929 232 53563 2044 2366 322 0
56783 166 54910 1865 1873 8 0
57311 379 53750 2596 3561 965 0
57446 440 56459 979 987 8 0
58043 473 54408 818 3635 2817 2815
58155 276 55442 2254 2713 459 83
58450 224 57004 1420 1446 26 0
58595 225 58431 158 164 6 4
59016 410 56833 1352 2183 831 0
59102 381 56167 2589 2935 346 0
59572 283 58679 889 893 4 0
59972 484 53320 2853 6652 3799 936
59981 47 59741 239 240 1 0
60101 445 60016 85 85 0 0
60282 462 58073 2117 2209 92 0
60419 67 58390 1965 2029 64 0
60460 309 59195 1125 1265 140 41
60747 286 60206 317 541 224 224
60768 210 56463 2489 4305 1816 2
61008 13 60882 126 126 0 0
61051 338 60572 274 479 205 197
61424 323 60077 1284 1347 63 0
62082 214 58675 2526 3407 881 0
62325 80 58679 1883 3646 1763 193
62785 489 60426 1275 2359 1084 999
63002 234 57708 2498 5294 2796 199
63014 159 61694 666 1320 654 632
63031 368 62751 252 280 28 0
63568 228 60335 2058 3233 1175 1067
63677 384 63587 90 90 0 0
63746 254 62518 1172 1228 56 0
63852 434 63691 161 161 0 0
64300 423 59056 2612 5244 2632 1996
64568 211 60745 2784 3823 1039 0
64743 193 63146 1590 1597 7 0
64793 411 62491 1853 2302 449 0
64932 239 64456 475 476 1 0
64990 108 64399 459 591 132 0
65000 316 58093 3068 6907 3839 0
65417 207 55351 2285 10066 7781 0
65482 8 61487 3090 3995 905 0
65666 287 65553 112 113 1 0
65995 298 63428 2412 2567 155 0
66034 106 63370 919 2664 1745 46
66192 325 65620 549 572 23 0
66278 77 65981 282 297 15 15
67275 212 65000 2019 2275 256 1
67422 398 65390 1738 2032 294 0
67456 482 59336 1925 8120 6195 646
67533 74 65719 1546 1814 268 0
67748 154 67133 614 615 1 0
68442 342 67727 454 715 261 0
68615 3 56589 2370 12026 9656 0
68739 408 64572 1892 4167 2275 957
68809 294 67811 802 998 196 0
68918 61 68548 369 370 1 0
69174 70 67263 1822 1911 89 0
69421 68 68734 685 687 2 0
69491 362 68426 957 1065 108 0
69567 268 65089 1643 4478 2835 0
69830 363 69034 693 796 103 0
69896 41 69289 404 607 203 203
70017 217 67344 2063 2673 610 37
70094 63 69975 119 119 0 0
70667 464 67855 1591 2812 1221 0
70805 290 69324 1235 1481 246 244
71036 324 67494 2403 3542 1139 0
71083 37 66436 2920 4647 1727 0
71733 292 70638 898 1095 197 35
71778 367 70417 1358 1361 3 0
72020 269 71610 352 410 58 48
72090 25 71887 203 203 0 0
72195 87 72016 179 179 0 0
72349 53 70439 1519 1910 391 118
72573 490 70375 2017 2198 181 0
72805 401 69249 1791 3556 1765 1066
73445 133 71904 1403 1541 138 5
74129 35 72478 1555 1651 96 91
74266 149 74033 233 233 0 0
74744 400 74551 179 193 14 0
75199 397 62289 3182 12910 9728 0
75429 174 72194 2922 3235 313 45
75605 336 73506 1779 2099 320 59
75637 332 70227 3091 5410 2319 0
75656 194 72186 2409 3470 1061 0
75740 50 73497 1785 2243 458 0
75834 463 73806 1683 2028 345 0
75914 95 73245 2225 2669 444 20
76035 91 71309 2131 4726 2595 0
76201 348 76144 57 57 0 0
76707 6 76483 224 224 0 0
77096 86 72930 2510 4166 1656 0
77130 405 75817 975 1313 338 18
77174 412 71829 1472 5345 3873 3828
77459 219 77032 361 427 66 65
77815 302 55682 1482 22133 20651 0
78339 1 63431 1993 14908 12915 7864
78716 79 77254 1226 1462 236 0
79754 375 79106 603 648 45 10
79763 392 78325 1411 1438 27 5
79905 231 79786 119 119 0 0
80001 107 78317 1470 1684 214 23
80035 366 79432 379 603 224 0
80273 388 76522 2592 3751 1159 69
80330 30 80191 139 139 0 0
80439 85 80406 33 33 0 0
80712 478 75022 3224 5690 2466 1797
80762 156 80266 401 496 95 65
81109 432 80953 156 156 0 0
81161 442 79183 1899 1978 79 0
81444 337 71811 2823 9633 6810 4294
81465 471 81308 156 157 1 0
81516 202 79733 930 1783 853 822
81756 38 80150 1401 1606 205 0
81797 69 78930 2527 2867 340 0
83053 315 79097 2469 3956 1487 0
83221 125 82092 585 1129 544 0
83664 256 80944 1918 2720 802 0
83693 446 81523 2163 2170 7 0
84365 192 82594 1244 1771 527 0
84637 427 81237 2498 3400 902 0
84751 481 63636 1703 21115 19412 14842
84966 360 81486 2744 3480 736 0
85001 15 82292 2505 2709 204 0
85129 75 83571 1071 1558 487 0
85401 215 83934 422 1467 1045 818
85798 137 85124 667 674 7 6
85807 5 82430 1311 3377 2066 0
86496 229 79649 469 6847 6378 6159
86570 71 85938 631 632 1 0
86714 313 78500 2132 8214 6082 0
87001 413 83525 3092 3476 384 0
87249 365 84224 2318 3025 707 0
87351 394 87016 335 335 0 0
87428 467 83039 3248 4389 1141 183
87713 438 85450 1633 2263 630 73
88044 127 86292 1674 1752 78 0
88225 402 78665 2597 9560 6963 129
88404 240 80727 1464 7677 6213 0
88618 477 88025 391 593 202 201
88811 344 86696 2110 2115 5 0
88969 141 88695 274 274 0 0
89005 12 86907 2062 2098 36 31
89538 153 84751 1655 4787 3132 2963
89931 112 89693 238 238 0 0
90417 378 72031 1907 18386 16479 60
90523 404 88435 1404 2088 684 211
90648 59 89525 1053 1123 70 14
90863 151 90680 183 183 0 0
90875 443 88591 2112 2284 172 0
91308 469 91008 299 300 1 0
91501 393 90357 616 1144 528 310
91608 122 89031 2262 2577 315 0
91957 497 90085 1758 1872 114 19
92084 260 83482 2796 8602 5806 448
92331 119 87841 2584 4490 1906 0
92350 334 60172 3686 32178 28492 0
92502 429 92349 152 153 1 0
92505 494 90921 1368 1584 216 0
92668 296 92031 636 637 1 0
93382 274 90673 2250 2709 459 0
93806 244 93572 225 234 9 0
93930 81 93832 98 98 0 0
93997 280 90172 2622 3825 1203 0
94071 105 89629 3039 4442 1403 37
94240 157 92652 1459 1588 129 17
94468 486 91622 2215 2846 631 161
94681 205 91238 1921 3443 1522 1268
94777 499 94723 54 54 0 0
94846 495 93306 1363 1540 177 1
95651 117 94100 1435 1551 116 1
96134 377 62101 1572 34033 32461 992
96179 135 94864 782 1315 533 332
96308 455 61670 1737 34638 32901 32059
96592 102 94519 1518 2073 555 34
96627 396 93584 2816 3043 227 0
96640 382 94190 2191 2450 259 0
96769 352 96113 615 656 41 0
96815 152 86113 2813 10702 7889 6789
97251 346 96254 995 997 2 0
97422 376 55840 1916 41582 39666 90
97501 88 97055 423 446 23 23
97591 182 94899 2090 2692 602 0
97941 459 96912 448 1029 581 511
98026 196 48868 3096 49158 46062 0
98195 321 95056 2684 3139 455 71
98362 386 72178 762 26184 25422 18
98511 383 43427 2273 55084 52811 0
98523 191 97433 1089 1090 1 0
98678 281 88325 1085 10353 9268 9267
98943 403 98205 482 738 256 233
98949 143 26484 2873 72465 69592 0
99104 322 98957 146 147 1 0
99814 2 84818 982 14996 14014 0
