142 4176 40 101 102 1 0
214 1479 145 3 69 66 66
405 4207 126 165 279 114 0
502 2037 240 96 262 166 166
596 4753 278 29 318 289 289
598 1959 271 95 327 232 232
842 763 319 59 523 464 464
942 4976 400 83 542 459 459
1047 4689 234 127 813 686 87
1231 1686 529 90 702 612 612
1346 3573 621 74 725 651 651
1461 3260 657 20 804 784 784
1601 1430 166 246 1435 1189 70
1610 2051 131 343 1479 1136 12
1780 4352 777 57 1003 946 946
1811 3061 795 54 1016 962 962
1857 4123 285 230 1572 1342 366
1882 110 200 177 1682 1505 89
1957 4372 67 276 1890 1614 0
1985 4959 187 157 1798 1641 88
2068 2812 170 193 1898 1705 104
2413 100 1101 67 1312 1245 1245
2866 4827 583 96 2283 2187 671
2941 3775 1358 38 1583 1545 1545
3027 2366 1411 69 1616 1547 1547
3077 4185 657 73 2420 2347 769
3523 4512 1687 21 1836 1815 1815
3721 1963 1728 95 1993 1898 1898
3819 1846 1743 59 2076 2017 2017
3844 3109 748 73 3096 3023 957
3891 1725 736 147 3155 3008 921
3949 3721 1793 6 2156 2150 2150
3999 4910 1801 49 2198 2149 2149
4117 1345 828 185 3289 3104 1030
4273 3692 2081 42 2192 2150 2150
4442 4436 896 178 3546 3368 1175
4553 512 981 186 3572 3386 1173
4599 1313 2300 66 2299 2233 2233
4686 4561 1043 221 3643 3422 1132
5289 2529 2596 27 2693 2666 2666
5376 4254 2695 12 2681 2669 2669
5500 98 2738 45 2762 2717 2717
5563 4010 254 447 5309 4862 157
5600 169 1224 132 4376 4244 1468
5839 977 1279 143 4560 4417 1505
5842 646 2881 70 2961 2891 2891
6182 106 3092 37 3090 3053 3053
6193 1890 642 280 5551 5271 705
6237 4457 3107 43 3130 3087 3087
6366 2079 3156 7 3210 3203 3203
6537 4134 655 323 5882 5559 735
6832 2576 3349 15 3483 3468 3468
6934 1965 3377 1 3557 3556 3556
6955 2176 701 251 6254 6003 769
7106 3605 3442 22 3664 3642 3642
7189 1909 3456 82 3733 3651 3651
7264 549 3467 61 3797 3736 3736
7299 3445 1656 158 5643 5485 1704
7403 861 3552 16 3851 3835 3835
7404 2155 3570 7 3834 3827 3827
7452 2595 3587 39 3865 3826 3826
7563 4446 3654 18 3909 3891 3891
7574 4279 3593 74 3981 3907 3907
7603 1674 1697 167 5906 5739 1862
7745 2599 3842 23 3903 3880 3880
7746 90 21 503 7725 7222 0
7868 677 3885 50 3983 3933 3933
8020 1295 1774 166 6246 6080 2118
8410 2345 311 352 8099 7747 383
8459 967 4167 48 4292 4244 4244
8773 2165 4318 57 4455 4398 4398
8873 4776 4378 15 4495 4480 4480
9028 3447 4411 61 4617 4556 4556
9466 295 4559 62 4907 4845 4845
9521 2578 2249 139 7272 7133 2208
9752 3777 4686 14 5066 5052 5052
9798 1612 4725 27 5073 5046 5046
9834 319 419 414 9415 9001 524
9869 1017 4743 34 5126 5092 5092
9999 4391 1080 204 8919 8715 1205
10313 1586 2370 186 7943 7757 2431
10518 904 2391 215 8127 7912 2489
10522 4405 2445 130 8077 7947 2496
10621 1324 2400 245 8221 7976 2523
11336 2329 1122 307 10214 9907 1326
11373 1361 1120 291 10253 9962 1303
11413 1709 463 327 10950 10623 575
11486 3286 5399 72 6087 6015 6015
11825 1706 5605 8 6220 6212 6212
11970 3965 1206 252 10764 10512 1478
12096 589 5688 84 6408 6324 6324
12132 4751 5704 35 6428 6393 6393
12439 3349 1236 294 11203 10909 1508
12540 2292 5864 100 6676 6576 6576
12630 630 5895 89 6735 6646 6646
12808 3571 2934 204 9874 9670 2939
13138 2851 2976 156 10162 10006 3017
13309 2969 532 430 12777 12347 616
13357 1947 6150 61 7207 7146 7146
13472 1333 6302 61 7170 7109 7109
13682 2804 6409 71 7273 7202 7202
13770 3689 1502 235 12268 12033 1618
13944 437 6493 92 7451 7359 7359
14084 634 6543 81 7541 7460 7460
14111 2848 3178 145 10933 10788 3283
14184 1088 6667 28 7517 7489 7489
14487 4461 3343 115 11144 11029 3388
14541 456 6835 53 7706 7653 7653
14834 3069 698 419 14136 13717 764
15020 2689 7144 60 7876 7816 7816
15133 872 7213 66 7920 7854 7854
15239 2999 7286 94 7953 7859 7859
15446 3560 3485 162 11961 11799 3800
15654 2066 3499 179 12155 11976 3808
15704 3119 3487 210 12217 12007 3813
15763 232 7497 17 8266 8249 8249
15948 1163 3666 68 12282 12214 3909
16284 1337 3818 49 12466 12417 3874
16393 2080 1729 246 14664 14418 1973
16401 4291 7748 62 8653 8591 8591
16934 2556 7974 7 8960 8953 8953
17040 1217 8042 67 8998 8931 8931
17071 2590 8054 65 9017 8952 8952
17159 572 3996 148 13163 13015 3987
17170 1608 8080 69 9090 9021 9021
17197 3841 4053 57 13144 13087 4004
17251 4182 8102 80 9149 9069 9069
17605 4868 1883 281 15722 15441 2135
17630 2437 1911 277 15719 15442 2152
17793 4771 1926 262 15867 15605 2141
17843 3979 8353 72 9490 9418 9418
17925 2411 8439 9 9486 9477 9477
17981 422 8466 4 9515 9511 9511
18104 2922 874 260 17230 16970 1084
18201 2589 8575 32 9626 9594 9594
18227 1096 4198 174 14029 13855 4262
18443 3311 1965 380 16478 16098 2104
18448 3872 2074 107 16374 16267 2154
18483 4093 8702 34 9781 9747 9747
18505 1442 4256 155 14249 14094 4330
18882 762 8923 66 9959 9893 9893
19036 4705 8940 97 10096 9999 9999
19041 1431 8974 4 10067 10063 10063
19096 2418 4374 186 14722 14536 4462
19273 1771 9121 40 10152 10112 10112
19327 3201 881 447 18446 17999 1110
19488 2558 9177 100 10311 10211 10211
19645 1728 9281 7 10364 10357 10357
19673 3974 9243 92 10430 10338 10338
19802 587 210 607 19592 18985 86
19867 519 9373 76 10494 10418 10418
19961 2843 9401 68 10560 10492 10492
20043 3958 317 597 19726 19129 446
20446 1425 2277 272 18169 17897 2207
20524 4097 4582 198 15942 15744 4885
20940 1122 9876 63 11064 11001 11001
21085 3513 9932 83 11153 11070 11070
21174 2892 4773 207 16401 16194 5097
21225 3280 2352 130 18873 18743 2419
21240 887 10068 16 11172 11156 11156
21291 424 10115 14 11176 11162 11162
21417 828 4848 130 16569 16439 5274
21896 3342 4935 87 16961 16874 5379
21953 4193 235 519 21718 21199 97
22073 491 5034 119 17039 16920 5445
22348 3887 10663 90 11685 11595 11595
22463 1074 1086 352 21377 21025 1211
22511 2911 10789 47 11722 11675 11675
22563 4701 10799 34 11764 11730 11730
22569 4337 5139 206 17430 17224 5523
23129 1960 2462 329 20667 20338 2608
23135 905 11072 12 12063 12051 12051
23167 2116 5236 167 17931 17764 5734
23311 1925 5267 121 18044 17923 5846
23469 1436 440 424 23029 22605 591
23567 4326 11304 97 12263 12166 12166
23614 2479 11341 11 12273 12262 12262
23746 50 11437 50 12309 12259 12259
23754 515 11466 7 12288 12281 12281
23846 4618 11486 3 12360 12357 12357
23846 416 2606 235 21240 21005 2674
23879 95 11523 7 12356 12349 12349
24165 3494 11678 87 12487 12400 12400
24245 3785 11701 79 12544 12465 12465
24332 4004 5495 231 18837 18606 6106
24923 987 5682 167 19241 19074 6319
25071 540 12152 63 12919 12856 12856
25156 3356 12179 42 12977 12935 12935
25160 4396 12207 3 12953 12950 12950
25251 2333 12241 36 13010 12974 12974
25318 2570 5709 192 19609 19417 6438
25390 1717 2832 267 22558 22291 2769
25518 2236 12336 5 13182 13177 13177
25669 4893 5766 201 19903 19702 6523
25855 821 5793 216 20062 19846 6562
26245 4616 2900 248 23345 23097 2940
26257 1133 563 340 25694 25354 684
26335 280 12720 77 13615 13538 13538
26464 4043 547 373 25917 25544 685
26619 973 12894 41 13725 13684 13684
26780 39 622 343 26158 25815 667
26806 4426 12964 25 13842 13817 13817
26852 3613 6064 100 20788 20688 6855
26902 4989 6028 199 20874 20675 6851
27053 802 2996 186 24057 23871 3009
27408 1248 13218 46 14190 14144 14144
27422 2272 13234 13 14188 14175 14175
27449 3951 13241 26 14208 14182 14182
27462 4060 6099 132 21363 21231 7040
27522 4106 13281 32 14241 14209 14209
27652 3241 269 495 27383 26888 219
27680 3599 13316 88 14364 14276 14276
27844 3754 13389 25 14455 14430 14430
27951 79 13452 27 14499 14472 14472
27955 1684 6166 103 21789 21686 7192
28915 2592 13956 26 14959 14933 14933
28934 3922 13971 18 14963 14945 14945
29213 4579 14055 45 15158 15113 15113
29270 3456 1546 340 27724 27384 1581
29349 396 1500 427 27849 27422 1578
29569 3047 3191 234 26378 26144 3379
29587 66 14221 98 15366 15268 15268
29651 1790 3185 183 26466 26283 3353
29673 3561 6672 135 23001 22866 7513
29805 4509 14298 67 15507 15440 15440
30068 1051 3277 169 26791 26622 3406
30078 3125 14452 9 15626 15617 15617
30094 3207 6739 205 23355 23150 7553
30109 2647 1555 370 28554 28184 1585
30183 3731 6780 199 23403 23204 7640
30244 2351 3265 289 26979 26690 3408
30344 1907 702 538 29642 29104 776
30521 4434 14615 86 15906 15820 15820
30523 694 14611 100 15912 15812 15812
30810 3271 14760 81 16050 15969 15969
31127 3035 14942 41 16185 16144 16144
31186 2194 14957 61 16229 16168 16168
31220 2250 3395 338 27825 27487 3561
31460 3068 15093 76 16367 16291 16291
31681 1173 1602 423 30079 29656 1695
31707 505 15247 25 16460 16435 16435
32235 2256 1630 452 30605 30153 1725
32416 415 15433 60 16983 16923 16923
32417 3583 15433 12 16984 16972 16972
32431 2816 7367 126 25064 24938 8007
32551 4006 15521 6 17030 17024 17024
32682 2085 15589 37 17093 17056 17056
32684 1606 15606 1 17078 17077 17077
33111 2434 7495 163 25616 25453 8210
33315 3354 15876 88 17439 17351 17351
33335 1934 15892 19 17443 17424 17424
33442 3433 15972 3 17470 17467 17467
33699 2357 16090 97 17609 17512 17512
33930 1626 1694 421 32236 31815 1830
34012 3234 7686 125 26326 26201 8485
34165 3747 717 404 33448 33044 885
34272 2996 7705 123 26567 26444 8496
34389 724 7722 88 26667 26579 8563
34451 4269 16366 59 18085 18026 18026
34477 4820 16354 87 18123 18036 18036
34493 2082 16369 15 18124 18109 18109
34771 1637 16546 95 18225 18130 18130
34966 536 16626 59 18340 18281 18281
35021 4867 16643 54 18378 18324 18324
35342 4313 16788 97 18554 18457 18457
35393 4058 16818 9 18575 18566 18566
35397 746 7932 76 27465 27389 8822
35722 830 7961 241 27761 27520 8897
35808 3173 17056 84 18752 18668 18668
35851 4222 17077 34 18774 18740 18740
35924 4912 726 531 35198 34667 885
35926 4792 17143 34 18783 18749 18749
35999 3141 8061 212 27938 27726 8980
36145 2422 17282 14 18863 18849 18849
36155 1343 8127 110 28028 27918 9071
36262 3344 1874 271 34388 34117 2126
36371 3828 17373 45 18998 18953 18953
36478 4055 17406 59 19072 19013 19013
36578 1307 4062 285 32516 32231 4000
36581 222 8163 155 28418 28263 9178
36675 3994 8228 137 28447 28310 9233
36759 1813 17551 83 19208 19125 19125
36797 3446 17554 37 19243 19206 19206
37096 3898 8298 109 28798 28689 9333
37133 674 17743 28 19390 19362 19362
37375 3535 8377 87 28998 28911 9417
37381 1004 17813 79 19568 19489 19489
37551 354 4143 230 33408 33178 4132
37722 874 1906 352 35816 35464 2145
37749 1389 18028 48 19721 19673 19673
38022 1277 8510 221 29512 29291 9569
38078 455 18325 9 19753 19744 19744
38440 2531 18483 60 19957 19897 19897
38728 1126 8782 122 29946 29824 9756
38828 2932 4311 156 34517 34361 4393
38914 4679 18611 85 20303 20218 20218
39091 2957 18655 22 20436 20414 20414
39231 2330 4302 353 34929 34576 4355
39427 1285 8832 80 30595 30515 9855
39508 2603 4343 216 35165 34949 4431
39548 4931 18769 86 20779 20693 20693
39651 4963 18803 65 20848 20783 20783
39789 1645 18834 49 20955 20906 20906
39871 3502 18859 13 21012 20999 20999
39955 622 18880 18 21075 21057 21057
39961 1889 4347 257 35614 35357 4440
39997 1002 4335 283 35662 35379 4429
40030 582 18913 32 21117 21085 21085
40213 576 19016 93 21197 21104 21104
40336 2709 19070 68 21266 21198 21198
41078 348 402 478 40676 40198 461
41086 2602 2112 358 38974 38616 2162
41138 182 4392 197 36746 36549 4568
41171 624 8995 252 32176 31924 10117
41203 1001 19278 64 21925 21861 21861
41203 1198 9030 193 32173 31980 10088
41264 2977 9149 52 32115 32063 10148
41858 1546 19593 97 22265 22168 22168
42001 3276 19739 40 22262 22222 22222
42009 1537 9253 173 32756 32583 10369
42069 2566 9301 109 32768 32659 10391
42123 357 4459 292 37664 37372 4663
42215 1556 19768 100 22447 22347 22347
42303 1522 19896 4 22407 22403 22403
42456 3846 19950 82 22506 22424 22424
42664 740 20135 61 22529 22468 22468
42751 4018 9456 167 33295 33128 10650
42760 4425 20205 25 22555 22530 22530
43131 4031 20365 96 22766 22670 22670
43358 1271 20476 33 22882 22849 22849
43422 4558 20484 71 22938 22867 22867
43444 3439 20487 85 22957 22872 22872
43647 3472 4589 295 39058 38763 4933
43709 1458 20590 15 23119 23104 23104
43782 3725 9655 188 34127 33939 10829
43881 1467 20634 54 23247 23193 23193
43963 654 20662 69 23301 23232 23232
44183 3348 20790 29 23393 23364 23364
44268 4021 9756 239 34512 34273 10884
44308 4891 9829 127 34479 34352 10956
44323 2101 4613 313 39710 39397 4977
44411 1970 20844 58 23567 23509 23509
44451 27 20906 8 23545 23537 23537
44498 3774 4698 321 39800 39479 5055
44625 53 4728 162 39897 39735 5071
44966 3706 10030 106 34936 34830 11056
45111 1290 21235 21 23876 23855 23855
45440 2600 2329 357 43111 42754 2358
45602 2754 21437 58 24165 24107 24107
45715 3861 21519 19 24196 24177 24177
46041 274 10244 149 35797 35648 11318
46086 22 4855 263 41231 40968 5299
46112 2295 10267 146 35845 35699 11426
46377 3519 10330 88 36047 35959 11473
46463 3957 21868 85 24595 24510 24510
46488 2213 10324 192 36164 35972 11427
46754 251 1071 441 45683 45242 1186
46937 3117 22064 29 24873 24844 24844
46984 938 22073 46 24911 24865 24865
47205 2253 22131 84 25074 24990 24990
47289 60 10596 140 36693 36553 11487
47482 4826 22262 78 25220 25142 25142
47533 1950 10696 24 36837 36813 11643
47567 4338 5139 104 42428 42324 5496
47797 2992 2450 406 45347 44941 2547
47869 1071 22570 71 25299 25228 25228
48015 2710 10819 159 37196 37037 11745
48431 2229 22786 77 25645 25568 25568
48774 3917 22941 68 25833 25765 25765
48817 3894 22953 39 25864 25825 25825
48867 3730 10927 230 37940 37710 11880
48881 1100 22981 13 25900 25887 25887
48918 3525 1116 387 47802 47415 1298
48945 1829 10929 209 38016 37807 11919
49765 2915 11276 59 38489 38430 12127
50173 1272 23679 53 26494 26441 26441
50585 2435 11572 57 39013 38956 12352
50806 554 1144 422 49662 49240 1418
50841 4834 24081 34 26760 26726 26726
51582 3624 24382 12 27200 27188 27188
51698 2488 11749 200 39949 39749 12539
51792 3040 24436 93 27356 27263 27263
51888 3678 11789 123 40099 39976 12636
52148 469 11837 200 40311 40111 12624
52209 1485 24600 18 27609 27591 27591
52281 812 24604 71 27677 27606 27606
52368 4741 505 539 51863 51324 613
52535 3231 24721 40 27814 27774 27774
52587 1736 5613 330 46974 46644 6213
52920 2276 24862 50 28058 28008 28008
52985 2955 24906 17 28079 28062 28062
53006 4417 5677 238 47329 47091 6318
53212 4697 12134 141 41078 40937 12797
53344 3384 25230 51 28114 28063 28063
53415 2995 25235 30 28180 28150 28150
53606 3232 5700 351 47906 47555 6395
53647 4490 25341 32 28306 28274 28274
53790 3239 1265 398 52525 52127 1484
53965 427 12302 190 41663 41473 13078
54124 2735 5744 311 48380 48069 6450
54286 2023 25687 81 28599 28518 28518
54407 2025 25740 69 28667 28598 28598
54416 1656 25773 72 28643 28571 28571
54561 2898 12476 191 42085 41894 13242
54620 4485 25893 12 28727 28715 28715
54651 2387 25903 30 28748 28718 28718
54699 3209 25912 60 28787 28727 28727
54854 1226 25987 97 28867 28770 28770
55011 1869 5863 265 49148 48883 6545
55094 2738 26077 12 29017 29005 29005
55330 2526 2861 513 52469 51956 2858
55446 1185 12685 166 42761 42595 13421
55563 3830 26302 89 29261 29172 29172
55692 4245 12752 97 42940 42843 13584
55817 1230 26475 21 29342 29321 29321
55894 3603 12778 163 43116 42953 13616
56023 2261 26633 19 29390 29371 29371
56119 4626 12880 90 43239 43149 13678
56348 2400 26747 32 29601 29569 29569
56631 1504 26870 50 29761 29711 29711
56919 2326 26998 31 29921 29890 29890
56989 4830 27092 2 29897 29895 29895
57153 3337 6070 317 51083 50766 6906
57188 3862 27156 19 30032 30013 30013
57321 2695 6082 227 51239 51012 6975
57627 263 13194 146 44433 44287 14098
57642 2442 13166 201 44476 44275 14033
57739 3243 13204 196 44535 44339 14093
58098 3100 27566 81 30532 30451 30451
58273 1938 630 474 57643 57169 690
58319 2588 2944 398 55375 54977 2989
58410 1867 27746 57 30664 30607 30607
58557 4253 13373 188 45184 44996 14308
58769 2281 27849 89 30920 30831 30831
58825 2661 6166 143 52659 52516 7144
58865 2168 27975 32 30890 30858 30858
59039 3022 13429 161 45610 45449 14493
59349 1831 28158 83 31191 31108 31108
59541 4273 3094 494 56447 55953 3089
59703 2394 13600 137 46103 45966 14601
59758 4007 13617 135 46141 46006 14650
59821 2448 6391 207 53430 53223 7201
59867 3728 28417 10 31450 31440 31440
59921 681 28409 75 31512 31437 31437
60047 475 28507 8 31540 31532 31532
60281 2035 28619 6 31662 31656 31656
60416 245 3122 365 57294 56929 3116
60458 2376 28705 71 31753 31682 31682
60601 4916 13698 222 46903 46681 14867
60628 2639 28717 96 31911 31815 31815
60693 1011 28721 91 31972 31881 31881
60697 43 13760 127 46937 46810 14909
60811 1918 13862 65 46949 46884 14877
60857 341 3131 449 57726 57277 3122
61183 2482 13878 225 47305 47080 14883
61649 3352 29079 96 32570 32474 32474
61803 3190 6496 182 55307 55125 7441
62461 900 29424 97 33037 32940 32940
62471 1182 29519 9 32952 32943 32943
62588 3236 29527 30 33061 33031 33031
62602 2939 29551 5 33051 33046 33046
62772 367 3205 202 59567 59365 3396
62891 4786 29614 23 33277 33254 33254
63007 1053 14234 122 48773 48651 15354
63082 3452 3180 397 59902 59505 3302
63302 256 29750 31 33552 33521 33521
63457 2317 14256 136 49201 49065 15418
63476 3864 29784 18 33692 33674 33674
63555 2732 29863 46 33692 33646 33646
63584 4175 3222 354 60362 60008 3403
63687 2991 14349 86 49338 49252 15517
63822 4187 29970 54 33852 33798 33798
63980 1129 30020 64 33960 33896 33896
64036 3222 14373 205 49663 49458 15512
64260 3871 30179 68 34081 34013 34013
64336 3414 30281 7 34055 34048 34048
64634 399 30479 10 34155 34145 34145
65160 2175 6894 249 58266 58017 7760
65198 3870 30700 33 34498 34465 34465
65203 1610 30704 4 34499 34495 34495
65304 1603 30778 1 34526 34525 34525
65377 930 14748 164 50629 50465 15952
65599 976 30892 34 34707 34673 34673
65633 2728 14843 138 50790 50652 15968
65670 4047 14819 225 50851 50626 15974
65734 1153 30969 100 34765 34665 34665
65969 4674 31072 50 34897 34847 34847
66060 921 1555 669 64505 63836 1611
66122 3983 3383 385 62739 62354 3552
66238 1180 31153 85 35085 35000 35000
66407 4147 31239 87 35168 35081 35081
66835 3004 31423 96 35412 35316 35316
66872 1352 31433 36 35439 35403 35403
66975 777 31513 42 35462 35420 35420
67156 2212 7259 107 59897 59790 7875
67239 2332 7176 265 60063 59798 7845
67239 4293 15141 233 52098 51865 16311
67398 4384 31691 87 35707 35620 35620
67410 751 31732 11 35678 35667 35667
67504 759 7245 294 60259 59965 7843
67751 2436 15263 165 52488 52323 16478
67761 1468 31816 98 35945 35847 35847
67805 629 31880 40 35925 35885 35885
67822 4233 31915 16 35907 35891 35891
67907 4435 31942 64 35965 35901 35901
68330 4108 32160 28 36170 36142 36142
68412 4644 32215 56 36197 36141 36141
68455 3542 15385 115 53070 52955 16767
68476 2763 15387 129 53089 52960 16820
68741 4720 1663 504 67078 66574 1725
68786 28 15421 147 53365 53218 16917
68888 4522 32523 51 36365 36314 36314
69025 52 15513 200 53512 53312 16919
69122 4831 7381 282 61741 61459 8083
69325 3160 32685 23 36640 36617 36617
69774 4159 32920 45 36854 36809 36809
69952 1061 15663 216 54289 54073 17172
70046 2119 33034 93 37012 36919 36919
70052 1140 15714 122 54338 54216 17245
70238 3497 33152 82 37086 37004 37004
70691 865 33367 1 37324 37323 37323
71004 4019 3585 415 67419 67004 3819
71071 3641 7630 86 63441 63355 8386
71272 3411 7628 199 63644 63445 8321
71283 4397 16037 147 55246 55099 17518
71359 4961 16066 127 55293 55166 17523
71461 4081 7608 367 63853 63486 8330
71509 4584 16113 192 55396 55204 17587
71728 3993 16114 243 55614 55371 17638
71782 4930 16181 62 55601 55539 17742
71836 3036 33997 53 37839 37786 37786
71871 2036 34001 75 37870 37795 37795
72094 2943 7657 298 64437 64139 8461
72132 2266 34162 74 37970 37896 37896
72338 4360 34319 81 38019 37938 37938
72460 4927 3803 383 68657 68274 3829
72491 3716 16318 160 56173 56013 17955
72516 1200 7744 169 64772 64603 8562
72590 998 7724 194 64866 64672 8565
72757 2094 34576 78 38181 38103 38103
72919 2428 16385 188 56534 56346 18160
73168 3941 3821 384 69347 68963 3875
73207 3152 16414 267 56793 56526 18135
73261 65 34734 92 38527 38435 38435
73461 279 34880 15 38581 38566 38566
73632 4496 16622 101 57010 56909 18282
73775 2087 16643 125 57132 57007 18344
73900 2024 35104 37 38796 38759 38759
74094 842 35134 95 38960 38865 38865
74106 2457 16657 237 57449 57212 18340
74737 2323 7924 244 66813 66569 8798
74782 293 16835 136 57947 57811 18563
74930 213 35504 97 39426 39329 39329
75311 2759 3962 286 71349 71063 3965
75351 3654 35643 39 39708 39669 39669
75379 3372 35645 56 39734 39678 39678
75418 3594 750 430 74668 74238 958
75797 3838 35868 93 39929 39836 39836
75805 917 17131 119 58674 58555 18721
76265 2683 17201 164 59064 58900 18799
76370 3381 36175 69 40195 40126 40126
76520 3883 36250 59 40270 40211 40211
76537 1187 36263 16 40274 40258 40258
76664 4422 36310 100 40354 40254 40254
77018 4240 36380 61 40638 40577 40577
77092 1341 36387 73 40705 40632 40632
77220 596 36429 97 40791 40694 40694
77343 3901 17397 270 59946 59676 18936
77462 4902 17421 200 60041 59841 19010
78032 3226 1884 482 76148 75666 2146
78120 2778 37041 66 41079 41013 41013
78170 1161 37050 41 41120 41079 41079
78306 1928 37085 10 41221 41211 41211
78368 4221 37103 55 41265 41210 41210
78536 1850 17713 190 60823 60633 19327
78953 3172 37309 23 41644 41621 41621
79038 4573 17784 154 61254 61100 19459
79197 4986 17846 128 61351 61223 19530
79251 3389 17897 75 61354 61279 19534
79309 2643 37564 11 41745 41734 41734
79383 350 37581 59 41802 41743 41743
79468 1895 37586 84 41882 41798 41798
79605 4556 37618 92 41987 41895 41895
79645 1266 37653 39 41992 41953 41953
79905 4073 37731 32 42174 42142 42142
79926 3268 37722 57 42204 42147 42147
80048 0 37829 56 42219 42163 42163
80055 2284 37844 6 42211 42205 42205
80369 192 18194 219 62175 61956 19668
80724 2967 18331 153 62393 62240 19748
81232 4884 38406 42 42826 42784 42784
81421 18 38439 7 42982 42975 42975
81448 3184 38448 32 43000 42968 42968
81660 754 18552 114 63108 62994 19971
81840 3267 18546 151 63294 63143 19965
82109 4192 18587 89 63522 63433 20142
82138 1156 38828 30 43310 43280 43280
82279 1482 18589 143 63690 63547 20162
82373 291 38861 93 43512 43419 43419
82535 4412 38900 96 43635 43539 43539
82582 604 38945 92 43637 43545 43545
82700 3217 39055 38 43645 43607 43607
82938 627 18654 189 64284 64095 20345
83251 2811 39226 71 44025 43954 43954
83334 2371 39251 78 44083 44005 44005
83503 3860 39273 74 44230 44156 44156
83526 3487 39320 92 44206 44114 44114
83590 2297 39386 44 44204 44160 44160
83686 932 18722 194 64964 64770 20605
83895 2691 8815 248 75080 74832 9830
83958 1477 39565 62 44393 44331 44331
84015 1888 39654 35 44361 44326 44326
84166 3314 39730 62 44436 44374 44374
84253 4440 18803 199 65450 65251 20842
84661 4530 8862 356 75799 75443 9845
84819 4923 40131 38 44688 44650 44650
84996 2895 40239 43 44757 44714 44714
85073 3371 40256 76 44817 44741 44741
85404 2872 8956 269 76448 76179 9998
85508 2065 40522 48 44986 44938 44938
85618 2249 40580 75 45038 44963 44963
85630 1015 40588 11 45042 45031 45031
85876 3858 40693 8 45183 45175 45175
85968 2091 40702 65 45266 45201 45201
86146 141 8994 175 77152 76977 10115
86154 2313 40805 35 45349 45314 45314
86226 4329 40891 10 45335 45325 45325
86274 3055 19180 157 67094 66937 21618
86685 335 41123 26 45562 45536 45536
86756 2770 41129 35 45627 45592 45592
86969 1284 9040 200 77929 77729 10170
86999 790 41238 97 45761 45664 45664
87046 3363 41326 46 45720 45674 45674
87070 4874 19368 81 67702 67621 21926
87354 2102 41513 45 45841 45796 45796
87384 4654 19470 174 67914 67740 21931
87449 3252 41522 94 45927 45833 45833
87614 3304 41551 91 46063 45972 45972
87697 4819 41618 75 46079 46004 46004
87707 2439 41620 20 46087 46067 46067
87835 463 41654 5 46181 46176 46176
88015 2352 4450 523 83565 83042 4579
88287 19 41880 7 46407 46400 46400
88515 813 9224 245 79291 79046 10265
88668 4604 41984 5 46684 46679 46679
88782 4816 19666 220 69116 68896 22202
88806 2953 42008 23 46798 46775 46775
88817 4321 42015 10 46802 46792 46792
88879 4320 19746 86 69133 69047 22324
88894 1724 9300 195 79594 79399 10346
89109 3629 42285 68 46824 46756 46756
89279 4419 19877 138 69402 69264 22403
89313 2994 42357 68 46956 46888 46888
89532 4706 9398 201 80134 79933 10477
89758 693 2287 426 87471 87045 2202
89872 2390 20126 101 69746 69645 22456
90113 2982 20149 113 69964 69851 22516
90139 2673 42734 40 47405 47365 47365
90163 2789 42832 6 47331 47325 47325
90241 3341 42837 73 47404 47331 47331
90427 4330 42877 91 47550 47459 47459
90895 2960 43111 33 47784 47751 47751
90930 3079 20321 189 70609 70420 22692
90947 2544 43128 16 47819 47803 47803
91021 4076 20371 141 70650 70509 22746
91114 1739 43214 71 47900 47829 47829
91223 2534 918 590 90305 89715 1174
91269 2109 43295 45 47974 47929 47929
91399 3410 20428 160 70971 70811 22803
91577 611 43396 58 48181 48123 48123
91868 4116 43510 4 48358 48354 48354
91883 2181 43515 10 48368 48358 48358
91987 896 9590 288 82397 82109 10804
92103 216 43597 22 48506 48484 48484
92331 1940 43746 46 48585 48539 48539
92623 3360 20633 95 71990 71895 23150
92635 68 4609 341 88026 87685 4947
92867 2801 44079 77 48788 48711 48711
93337 3076 4660 369 88677 88308 4983
93367 3850 44467 26 48900 48874 48874
93432 4551 9828 220 83604 83384 10951
93456 1464 20883 178 72573 72395 23496
93496 333 44489 63 49007 48944 48944
93655 2782 44594 63 49061 48998 48998
93789 1632 44724 1 49065 49064 49064
93939 3149 44779 96 49160 49064 49064
93993 4911 21035 76 72958 72882 23696
94222 2289 9887 251 84335 84084 11063
94252 2677 9888 223 84364 84141 11078
94319 3697 44922 33 49397 49364 49364
94411 4665 21155 87 73256 73169 23722
94586 1891 21190 170 73396 73226 23756
94727 3526 45161 5 49566 49561 49561
94786 3746 10053 258 84733 84475 11094
94805 1145 45167 77 49638 49561 49561
94924 2239 21240 176 73684 73508 23857
94936 96 4785 273 90151 89878 5215
95270 700 21305 60 73965 73905 24009
95403 1503 45435 22 49968 49946 49946
95668 4937 4807 348 90861 90513 5216
95768 3322 21454 83 74314 74231 24113
96119 128 2330 447 93789 93342 2399
96153 2263 45798 26 50355 50329 50329
96366 2480 21658 109 74708 74599 24220
96511 3087 46048 51 50463 50412 50412
96740 300 46161 66 50579 50513 50513
97168 3943 10268 298 86900 86602 11435
97244 927 4862 415 92382 91967 5301
97421 2764 46391 47 51030 50983 50983
97494 3508 21844 183 75650 75467 24409
97708 2280 46547 29 51161 51132 51132
97729 2986 1053 580 96676 96096 1161
97820 1767 10368 236 87452 87216 11488
98114 4682 4948 386 93166 92780 5398
98117 3791 46720 88 51397 51309 51309
98147 2423 4983 249 93164 92915 5420
98184 1449 22006 128 76178 76050 24674
98308 69 5021 216 93287 93071 5456
98353 1975 22033 91 76320 76229 24780
98424 2346 4959 375 93465 93090 5423
98514 1305 22039 116 76475 76359 24784
98562 2771 10520 235 88042 87807 11444
98605 2810 46982 11 51623 51612 51612
99122 1899 5098 282 94024 93742 5426
99184 1917 22143 182 77041 76859 24998
99216 1164 47230 93 51986 51893 51893
99244 1562 47281 27 51963 51936 51936
99280 3795 47287 35 51993 51958 51958
99377 2117 10546 320 88831 88511 11465
99758 4039 5065 395 94693 94298 5418
99877 2047 47420 44 52457 52413 52413
99887 2781 10639 193 89248 89055 11501
99917 200 47422 72 52495 52423 52423
