173 6467 42 88 131 43 43
520 9355 7 136 513 377 0
1279 4447 276 51 1003 952 952
1393 7687 295 48 1098 1050 1050
1461 5576 53 193 1408 1215 121
1858 4439 329 17 1529 1512 1512
2017 7579 68 190 1949 1759 144
2047 9197 346 29 1701 1672 1672
2126 7755 354 78 1772 1694 1694
2659 9122 422 36 2237 2201 2201
2857 7748 474 25 2383 2358 2358
3453 6436 571 29 2882 2853 2853
3641 4360 596 22 3045 3023 3023
4060 6597 757 32 3303 3271 3271
4221 7992 779 27 3442 3415 3415
4367 7970 805 36 3562 3526 3526
5472 8850 953 44 4519 4475 4475
5590 8624 986 23 4604 4581 4581
6132 6733 1038 89 5094 5005 5005
6208 7356 1040 75 5168 5093 5093
6330 6458 1060 58 5270 5212 5212
6385 1669 1072 54 5313 5259 5259
6440 2299 1087 54 5353 5299 5299
6514 4224 1087 73 5427 5354 5354
6692 2227 235 206 6457 6251 708
7055 1471 1196 77 5859 5782 5782
7701 5631 1371 6 6330 6324 6324
7734 9966 1372 32 6362 6330 6330
7965 4741 1397 81 6568 6487 6487
8946 4248 1627 22 7319 7297 7297
9035 6713 1628 88 7407 7319 7319
9124 3721 1639 88 7485 7397 7397
9279 3699 1641 78 7638 7560 7560
9436 603 1672 42 7764 7722 7722
9526 7837 1676 89 7850 7761 7761
9625 3606 1683 98 7942 7844 7844
9932 8383 1751 77 8181 8104 8104
10317 2741 326 148 9991 9843 1355
11194 3858 1951 80 9243 9163 9163
11554 356 2016 73 9538 9465 9465
11654 4549 2029 99 9625 9526 9526
11721 1663 2043 59 9678 9619 9619
12034 6534 2106 18 9928 9910 9910
12296 7039 2212 78 10084 10006 10006
12633 6519 2257 81 10376 10295 10295
12734 2392 2270 36 10464 10428 10428
13030 1529 2377 9 10653 10644 10644
13322 9936 2469 11 10853 10842 10842
13774 2572 2559 90 11215 11125 11125
14214 583 406 125 13808 13683 2178
14390 8434 2670 27 11720 11693 11693
14551 5696 2688 70 11863 11793 11793
14643 4039 2713 19 11930 11911 11911
14832 3333 2729 82 12103 12021 12021
16226 7557 2870 57 13356 13299 13299
16256 2463 2879 29 13377 13348 13348
17018 8813 508 112 16510 16398 2470
17103 6035 3057 21 14046 14025 14025
17649 5789 3129 44 14520 14476 14476
18366 9645 531 218 17835 17617 2540
18425 5270 3258 58 15167 15109 15109
18520 9759 3259 94 15261 15167 15167
18686 9867 557 40 18129 18089 2689
18916 13 3309 44 15607 15563 15563
19370 8560 3372 37 15998 15961 15961
19598 1137 3396 83 16202 16119 16119
19772 9411 3397 75 16375 16300 16300
21065 5090 3721 95 17344 17249 17249
21387 3683 3757 2 17630 17628 17628
21406 1312 3759 18 17647 17629 17629
21711 6914 669 152 21042 20890 3085
21792 4668 3836 53 17956 17903 17903
21961 8718 3839 73 18122 18049 18049
22104 9868 648 204 21456 21252 3094
22437 1622 3856 6 18581 18575 18575
22931 3327 3969 56 18962 18906 18906
22975 7038 3980 33 18995 18962 18962
23122 8805 729 98 22393 22295 3185
23796 71 4084 23 19712 19689 19689
24055 4140 4127 14 19928 19914 19914
24100 5918 146 288 23954 23666 463
24232 4099 4171 72 20061 19989 19989
24378 594 4197 47 20181 20134 20134
24555 2373 4205 92 20350 20258 20258
24811 6277 4262 42 20549 20507 20507
25246 7355 4337 4 20909 20905 20905
25948 7671 4443 46 21505 21459 21459
25988 5492 4468 3 21520 21517 21517
26012 8588 805 151 25207 25056 3563
26691 3206 4627 88 22064 21976 21976
26852 1887 4633 34 22219 22185 22185
28088 87 4848 50 23240 23190 23190
28539 3935 871 175 27668 27493 3966
28647 8552 5010 35 23637 23602 23602
28798 6896 5019 72 23779 23707 23707
29258 4182 5082 62 24176 24114 24114
29930 2734 5211 1 24719 24718 24718
30468 2698 5284 12 25184 25172 25172
31213 2770 5405 94 25808 25714 25714
31540 270 5479 39 26061 26022 26022
31640 7838 945 254 30695 30441 4394
31818 2502 5556 6 26262 26256 26256
32090 8633 5597 91 26493 26402 26402
32139 838 5637 13 26502 26489 26489
32396 617 5671 86 26725 26639 26639
32493 886 5678 14 26815 26801 26801
32610 214 1006 144 31604 31460 4600
33352 403 5842 60 27510 27450 27450
33438 7225 5853 85 27585 27500 27500
33576 2522 5863 58 27713 27655 27655
33676 9643 5866 99 27810 27711 27711
33836 3330 5900 14 27936 27922 27922
33872 8013 1025 104 32847 32743 4812
34350 9188 5942 58 28408 28350 28350
34725 3388 5986 82 28739 28657 28657
34932 4327 6010 67 28922 28855 28855
35032 3792 6027 99 29005 28906 28906
35065 8703 6042 32 29023 28991 28991
35291 3337 6071 80 29220 29140 29140
35495 4086 6108 20 29387 29367 29367
35646 235 6164 27 29482 29455 29455
35742 509 6199 21 29543 29522 29522
36069 4228 6304 17 29765 29748 29748
36539 9214 6377 26 30162 30136 30136
37022 3885 6433 37 30589 30552 30552
37435 5211 6518 72 30917 30845 30845
37609 1165 6556 3 31053 31050 31050
38594 8676 242 223 38352 38129 792
38775 70 6778 47 31997 31950 31950
38866 979 6804 90 32062 31972 31972
39483 2066 6899 54 32584 32530 32530
40064 302 6982 92 33082 32990 32990
40363 5331 7043 61 33320 33259 33259
40579 5556 7103 32 33476 33444 33444
40913 5994 7169 60 33744 33684 33684
41012 6205 7179 98 33833 33735 33735
41166 4373 252 260 40914 40654 846
41319 9910 7236 80 34083 34003 34003
41426 3467 7244 37 34182 34145 34145
41717 8099 7253 100 34464 34364 34364
41902 983 7280 95 34622 34527 34527
41973 2137 1226 167 40747 40580 5960
42193 4995 7314 3 34879 34876 34876
42335 5944 1259 173 41076 40903 5960
42470 4318 7332 20 35138 35118 35118
42556 6327 7352 23 35204 35181 35181
42915 7559 7430 18 35485 35467 35467
43060 3593 7486 22 35574 35552 35552
43242 1458 7515 93 35727 35634 35634
43477 6511 254 230 43223 42993 942
44217 390 7654 66 36563 36497 36497
44247 3278 1325 169 42922 42753 6204
44572 7240 7735 35 36837 36802 36802
44910 9856 7824 98 37086 36988 36988
45034 3722 1385 203 43649 43446 6376
45302 2905 7939 65 37363 37298 37298
45461 6528 7974 29 37487 37458 37458
45636 5906 7998 52 37638 37586 37586
46006 6751 8028 73 37978 37905 37905
46091 7419 8044 84 38047 37963 37963
46788 2370 8090 92 38698 38606 38606
47142 2576 8156 68 38986 38918 38918
47611 9155 8200 38 39411 39373 39373
48309 5135 8309 37 40000 39963 39963
48334 5142 290 306 48044 47738 990
49263 9243 8450 57 40813 40756 40756
49422 5707 1534 120 47888 47768 6898
49666 4403 8489 68 41177 41109 41109
49900 8667 8513 82 41387 41305 41305
49929 3161 8533 28 41396 41368 41368
50092 7485 8575 73 41517 41444 41444
50430 1352 8624 34 41806 41772 41772
50705 9875 8657 77 42048 41971 41971
50967 1297 8692 41 42275 42234 42234
51327 7264 8742 59 42585 42526 42526
51543 969 1580 125 49963 49838 7093
51614 7366 8809 26 42805 42779 42779
51992 255 8905 22 43087 43065 43065
53012 3179 9168 11 43844 43833 43833
53136 6352 9181 57 43955 43898 43898
53353 6921 9239 88 44114 44026 44026
53420 6266 9249 66 44171 44105 44105
53623 4328 9320 11 44303 44292 44292
53958 7798 316 242 53642 53400 1226
53998 3627 9392 10 44606 44596 44596
54063 5412 9435 46 44628 44582 44582
54089 904 9443 25 44646 44621 44621
54227 2906 9491 47 44736 44689 44689
54231 3767 9504 3 44727 44724 44724
54400 6504 9547 50 44853 44803 44803
54828 2867 9598 100 45230 45130 45130
54875 4727 9615 41 45260 45219 45219
54980 2289 1692 75 53288 53213 7934
55488 5635 1708 107 53780 53673 7930
55908 7805 9834 100 46074 45974 45974
56338 7900 9871 48 46467 46419 46419
56399 7031 9892 12 46507 46495 46495
56773 941 10007 47 46766 46719 46719
56936 1243 1754 178 55182 55004 8179
57135 1093 10070 98 47065 46967 46967
57315 5691 1756 83 55559 55476 8278
57846 1782 10160 58 47686 47628 47628
58096 5839 1775 108 56321 56213 8357
58416 7181 10206 82 48210 48128 48128
58533 1138 10244 27 48289 48262 48262
58596 7796 10255 62 48341 48279 48279
58732 5371 10268 38 48464 48426 48426
58779 108 10272 46 48507 48461 48461
59419 9679 10379 52 49040 48988 48988
59474 5713 10386 54 49088 49034 49034
59561 6908 10420 54 49141 49087 49087
59773 3019 10439 51 49334 49283 49283
60586 1131 10542 76 50044 49968 49968
60686 8668 10544 99 50142 50043 50043
60937 9954 10577 77 50360 50283 50283
61127 7443 10598 92 50529 50437 50437
61582 9202 10644 66 50938 50872 50872
61797 4166 10672 80 51125 51045 51045
61816 6970 10673 18 51143 51125 51125
61962 3805 10681 97 51281 51184 51184
62174 790 10706 36 51468 51432 51432
62252 753 10707 77 51545 51468 51468
62273 5655 1854 77 60419 60342 8798
62357 5744 10725 38 51632 51594 51594
62518 7035 10782 46 51736 51690 51690
62754 2328 10825 28 51929 51901 51901
62838 9944 10828 83 52010 51927 51927
62923 7812 10847 39 52076 52037 52037
63212 5085 10868 5 52344 52339 52339
64191 644 11074 80 53117 53037 53037
64298 2464 11078 46 53220 53174 53174
64791 8862 1948 176 62843 62667 9069
65415 8056 11308 49 54107 54058 54058
65636 6203 11330 12 54306 54294 54294
65817 8540 11368 97 54449 54352 54352
65979 414 1990 119 63989 63870 9327
66017 7785 1990 67 64027 63960 9360
66090 8804 11411 72 54679 54607 54607
66708 689 11521 71 55187 55116 55116
66988 3516 11558 14 55430 55416 55416
67306 2357 11614 83 55692 55609 55609
67796 9478 11741 45 56055 56010 56010
68014 2248 11791 29 56223 56194 56194
68223 9343 11805 83 56418 56335 56335
68905 9482 11966 91 56939 56848 56848
69233 6494 12013 36 57220 57184 57184
70013 4395 12142 98 57871 57773 57773
70023 131 12144 9 57879 57870 57870
70425 6775 12172 54 58253 58199 58199
70543 3182 12196 8 58347 58339 58339
70945 4960 365 250 70580 70330 1762
71522 6012 12330 12 59192 59180 59180
71615 2819 12352 80 59263 59183 59183
71657 6652 12361 41 59296 59255 59255
72539 2784 367 300 72172 71872 1767
72568 4283 12501 28 60067 60039 60039
72669 9930 12538 45 60131 60086 60086
72677 400 12544 7 60133 60126 60126
73111 4990 12600 20 60511 60491 60491
73270 7168 2244 219 71026 70807 10238
73785 7061 12734 49 61051 61002 61002
74014 7853 12837 9 61177 61168 61168
74390 7484 12897 88 61493 61405 61405
74553 7589 2294 273 72259 71986 10441
74759 8559 12946 31 61813 61782 61782
74789 995 2343 108 72446 72338 10536
76211 1485 13235 25 62976 62951 62951
76410 7886 13241 20 63169 63149 63149
76774 2529 13303 26 63471 63445 63445
76817 458 13306 42 63511 63469 63469
76876 1551 2456 45 74420 74375 10847
77144 5600 13400 90 63744 63654 63654
77382 4040 13444 56 63938 63882 63882
77563 5851 13469 39 64094 64055 64055
77697 202 13510 7 64187 64180 64180
78674 5374 13707 66 64967 64901 64901
79019 6030 13726 65 65293 65228 65228
79222 259 13770 80 65452 65372 65372
79369 7648 13797 56 65572 65516 65516
80237 2261 13906 57 66331 66274 66274
81343 3446 14029 29 67314 67285 67285
81392 775 94 414 81298 80884 248
81614 7026 14058 18 67556 67538 67538
81753 1462 14068 81 67685 67604 67604
81873 7461 2591 139 79282 79143 11375
82358 7826 14164 68 68194 68126 68126
82489 7313 14219 32 68270 68238 68238
82627 9737 14232 70 68395 68325 68325
82958 5812 14275 99 68683 68584 68584
83083 7454 14282 47 68801 68754 68754
83292 2200 14310 97 68982 68885 68885
83305 9973 14312 12 68993 68981 68981
83355 4650 14319 14 69036 69022 69022
83449 3260 14321 93 69128 69035 69035
83468 4326 14322 18 69146 69128 69128
83724 8112 14358 88 69366 69278 69278
83870 6612 14382 52 69488 69436 69436
84473 4574 14464 60 70009 69949 69949
85235 7436 14630 25 70605 70580 70580
85436 480 14654 11 70782 70771 70771
85470 3484 14655 33 70815 70782 70782
85567 771 422 293 85145 84852 2198
85996 9178 14728 100 71268 71168 71168
86200 7750 2721 173 83479 83306 11923
86319 5002 14761 89 71558 71469 71469
86792 627 14796 99 71996 71897 71897
86827 1675 14799 34 72028 71994 71994
87018 3056 2725 225 84293 84068 11943
87201 8583 14855 91 72346 72255 72255
87507 2779 14906 91 72601 72510 72510
87596 5687 14933 72 72663 72591 72591
88423 5076 15064 20 73359 73339 73339
89023 2194 15149 63 73874 73811 73811
89322 7635 15219 69 74103 74034 74034
89555 7667 15256 75 74299 74224 74224
89828 7497 15298 64 74530 74466 74466
90491 2284 15370 34 75121 75087 75087
90726 2406 15397 69 75329 75260 75260
90921 7368 15424 10 75497 75487 75487
90995 2509 81 437 90914 90477 184
91087 3624 15428 59 75659 75600 75600
91464 2543 15490 69 75974 75905 75905
91573 3267 15502 56 76071 76015 76015
91868 3630 15545 14 76323 76309 76309
91967 8407 15548 98 76419 76321 76321
92299 4528 15589 43 76710 76667 76667
93487 4215 15782 78 77705 77627 77627
93749 2115 15790 56 77959 77903 77903
93908 4420 15802 59 78106 78047 78047
94231 1526 15882 1 78349 78348 78348
94339 1590 15888 62 78451 78389 78389
95503 788 16041 61 79462 79401 79401
95789 2714 16136 69 79653 79584 79584
96093 9288 16167 86 79926 79840 79840
96808 1291 16284 37 80524 80487 80487
97007 4274 16325 80 80682 80602 80602
97009 9465 2882 76 94127 94051 13375
97239 8004 16362 78 80877 80799 80799
97652 5195 2891 200 94761 94561 13415
98190 8137 16605 87 81585 81498 81498
98270 9378 2943 111 95327 95216 13609
98278 728 16654 7 81624 81617 81617
98387 4638 16668 74 81719 81645 81645
98565 8741 16723 54 81842 81788 81788
98783 7566 2971 189 95812 95623 13687
99840 3318 16948 20 82892 82872 82872
