142 4176 40 101 102 1 0
148 1479 145 3 3 0 0
327 4207 126 165 201 36 0
374 2037 240 96 134 38 38
410 4753 278 29 132 103 103
470 1959 271 95 199 104 104
490 4372 67 276 423 147 0
541 763 319 59 222 163 163
564 4689 234 127 330 203 3
597 110 200 177 397 220 11
626 1430 166 246 460 214 0
677 4959 187 157 490 333 18
681 4976 400 83 281 198 198
732 2812 170 193 562 369 31
781 2051 131 343 650 307 0
826 1686 529 90 297 207 207
867 4123 285 230 582 352 115
945 3573 621 74 324 250 250
1003 3260 657 20 346 326 326
1166 4352 777 57 389 332 332
1191 3061 795 54 396 342 342
1312 90 21 503 1291 788 0
1313 4827 583 96 730 634 269
1397 4185 657 73 740 667 312
1567 100 1101 67 466 399 399
1605 3109 748 73 857 784 326
1710 1725 736 147 974 827 311
1786 4010 254 447 1532 1085 50
1909 1345 828 185 1081 896 339
1950 3775 1358 38 592 554 554
1973 2345 311 352 1662 1310 111
1976 4436 896 178 1080 902 351
2055 2366 1411 69 644 575 575
2119 512 981 186 1138 952 337
2184 1890 642 280 1542 1262 290
2232 4561 1043 221 1189 968 329
2272 4134 655 323 1617 1294 293
2402 2176 701 251 1701 1450 303
2528 4512 1687 21 841 820 820
2661 1846 1743 59 918 859 859
2680 1963 1728 95 952 857 857
2737 3721 1793 6 944 938 938
2785 319 419 414 2366 1952 229
2797 4910 1801 49 996 947 947
2826 169 1224 132 1602 1470 543
2880 1709 463 327 2417 2090 248
2951 977 1279 143 1672 1529 587
3080 3692 2081 42 999 957 957
3105 2969 532 430 2573 2143 224
3173 3958 317 597 2856 2259 154
3178 587 210 607 2968 2361 6
3217 4391 1080 204 2137 1933 382
3229 4193 235 519 2994 2475 34
3296 1313 2300 66 996 930 930
3392 3069 698 419 2694 2275 286
3599 3445 1656 158 1943 1785 747
3612 2529 2596 27 1016 989 989
3692 1674 1697 167 1995 1828 832
3700 1361 1120 291 2580 2289 448
3705 4254 2695 12 1010 998 998
3733 2329 1122 307 2611 2304 459
3779 98 2738 45 1041 996 996
3827 1295 1774 166 2053 1887 880
3827 1436 440 424 3387 2963 238
3876 3241 269 495 3607 3112 59
4005 646 2881 70 1124 1054 1054
4031 3965 1206 252 2825 2573 552
4078 4043 547 373 3531 3158 235
4097 1133 563 340 3534 3194 264
4102 2922 874 260 3228 2968 337
4177 3349 1236 294 2941 2647 560
4235 39 622 343 3613 3270 279
4252 106 3092 37 1160 1123 1123
4296 4457 3107 43 1189 1146 1146
4350 3201 881 447 3469 3022 332
4358 2079 3156 7 1202 1195 1195
4521 348 402 478 4119 3641 225
4590 2578 2249 139 2341 2202 930
4595 3689 1502 235 3093 2858 637
4704 2576 3349 15 1355 1340 1340
4709 1965 3377 1 1332 1331 1331
4834 1586 2370 186 2464 2278 936
4849 3605 3442 22 1407 1385 1385
4911 549 3467 61 1444 1383 1383
4924 904 2391 215 2533 2318 926
4930 1909 3456 82 1474 1392 1392
4934 4405 2445 130 2489 2359 915
4949 1324 2400 245 2549 2304 924
4997 1074 1086 352 3911 3559 377
5014 861 3552 16 1462 1446 1446
5057 2155 3570 7 1487 1480 1480
5114 1907 702 538 4412 3874 309
5154 2595 3587 39 1567 1528 1528
5205 4279 3593 74 1612 1538 1538
5215 4446 3654 18 1561 1543 1543
5243 3747 717 404 4526 4122 304
5387 2080 1729 246 3658 3412 867
5435 2599 3842 23 1593 1570 1570
5499 677 3885 50 1614 1564 1564
5559 4912 726 531 4833 4302 302
5767 4868 1883 281 3884 3603 915
5771 2437 1911 277 3860 3583 929
5826 967 4167 48 1659 1611 1611
5900 4771 1926 262 3974 3712 947
5908 3571 2934 204 2974 2770 1140
5925 3872 2074 107 3851 3744 922
5943 4741 505 539 5438 4899 228
5968 2851 2976 156 2992 2836 1158
6057 2165 4318 57 1739 1682 1682
6146 3311 1965 380 4181 3801 955
6162 4776 4378 15 1784 1769 1769
6224 3447 4411 61 1813 1752 1752
6301 1938 630 474 5671 5197 283
6356 2848 3178 145 3178 3033 1186
6485 295 4559 62 1926 1864 1864
6627 3280 2352 130 4275 4145 924
6684 3456 1546 340 5138 4798 651
6707 3777 4686 14 2021 2007 2007
6723 1425 2277 272 4446 4174 932
6758 1612 4725 27 2033 2006 2006
6777 396 1500 427 5277 4850 624
6821 1017 4743 34 2078 2044 2044
6835 4461 3343 115 3492 3377 1316
7048 2647 1555 370 5493 5123 681
7075 251 1071 441 6004 5563 366
7267 3560 3485 162 3782 3620 1427
7273 2066 3499 179 3774 3595 1435
7313 3119 3487 210 3826 3616 1438
7360 1960 2462 329 4898 4569 947
7368 3525 1116 387 6252 5865 448
7497 3594 750 430 6747 6317 338
7506 1163 3666 68 3840 3772 1547
7528 1173 1602 423 5926 5503 733
7589 416 2606 235 4983 4748 994
7715 2256 1630 452 6085 5633 769
7781 1337 3818 49 3963 3914 1575
7798 3286 5399 72 2399 2327 2327
7801 1626 1694 421 6107 5686 821
8041 1706 5605 8 2436 2428 2428
8068 554 1144 422 6924 6502 495
8106 3344 1874 271 6232 5961 916
8225 1717 2832 267 5393 5126 1009
8232 589 5688 84 2544 2460 2460
8244 3841 4053 57 4191 4134 1604
8253 572 3996 148 4257 4109 1598
8280 4751 5704 35 2576 2541 2541
8474 4616 2900 248 5574 5326 1118
8486 874 1906 352 6580 6228 921
8575 2292 5864 100 2711 2611 2611
8585 630 5895 89 2690 2601 2601
8621 802 2996 186 5625 5439 1150
8677 1096 4198 174 4479 4305 1653
8691 3239 1265 398 7426 7028 594
8755 1442 4256 155 4499 4344 1685
8958 1947 6150 61 2808 2747 2747
9030 2418 4374 186 4656 4470 1735
9069 2534 918 590 8151 7561 357
9092 1333 6302 61 2790 2729 2729
9244 1790 3185 183 6059 5876 1200
9300 3047 3191 234 6109 5875 1223
9309 2804 6409 71 2900 2829 2829
9341 2602 2112 358 7229 6871 959
9477 437 6493 92 2984 2892 2892
9559 634 6543 81 3016 2935 2935
9562 4097 4582 198 4980 4782 1860
9600 1051 3277 169 6323 6154 1291
9607 1088 6667 28 2940 2912 2912
9677 2351 3265 289 6412 6123 1293
9679 2986 1053 580 8626 8046 345
9809 456 6835 53 2974 2921 2921
9936 2892 4773 207 5163 4956 2063
9952 2600 2329 357 7623 7266 902
10037 828 4848 130 5189 5059 2175
10060 2250 3395 338 6665 6327 1317
10121 2689 7144 60 2977 2917 2917
10124 3793 1110 481 9014 8533 421
10199 3342 4935 87 5264 5177 2180
10273 872 7213 66 3060 2994 2994
10342 491 5034 119 5308 5189 2187
10375 2999 7286 94 3089 2995 2995
10459 2992 2450 406 8009 7603 948
10646 4337 5139 206 5507 5301 2202
10713 232 7497 17 3216 3199 3199
10743 921 1555 669 9188 8519 713
10836 2116 5236 167 5600 5433 2223
10951 1925 5267 121 5684 5563 2288
11063 4720 1663 504 9400 8896 768
11112 4291 7748 62 3364 3302 3302
11155 1142 1144 466 10011 9545 487
11307 477 1136 691 10171 9480 470
11429 2556 7974 7 3455 3448 3448
11532 4004 5495 231 6037 5806 2398
11548 1217 8042 67 3506 3439 3439
11583 2590 8054 65 3529 3464 3464
11618 1608 8080 69 3538 3469 3469
11664 4182 8102 80 3562 3482 3482
11888 987 5682 167 6206 6039 2463
11990 3979 8353 72 3637 3565 3565
12041 2570 5709 192 6332 6140 2545
12103 2411 8439 9 3664 3655 3655
12141 1307 4062 285 8079 7794 1609
12152 2526 2861 513 9291 8778 1016
12157 422 8466 4 3691 3687 3687
12182 4893 5766 201 6416 6215 2554
12222 3226 1884 482 10338 9856 924
12275 821 5793 216 6482 6266 2578
12320 354 4143 230 8177 7947 1625
12325 2589 8575 32 3750 3718 3718
12441 4093 8702 34 3739 3705 3705
12532 2588 2944 398 9588 9190 1154
12562 3613 6064 100 6498 6398 2658
12619 2932 4311 156 8308 8152 1689
12658 4989 6028 199 6630 6431 2687
12729 4060 6099 132 6630 6498 2715
12758 762 8923 66 3835 3769 3769
12827 1431 8974 4 3853 3849 3849
12839 2603 4343 216 8496 8280 1715
12839 4705 8940 97 3899 3802 3802
12888 1889 4347 257 8541 8284 1713
12911 2330 4302 353 8609 8256 1694
12915 1684 6166 103 6749 6646 2772
12967 182 4392 197 8575 8378 1757
12970 1002 4335 283 8635 8352 1720
13008 1771 9121 40 3887 3847 3847
13032 4273 3094 494 9938 9444 1126
13099 245 3122 365 9977 9612 1165
13133 2558 9177 100 3956 3856 3856
13235 367 3205 202 10030 9828 1240
13243 1728 9281 7 3962 3955 3955
13266 341 3131 449 10135 9686 1159
13283 3974 9243 92 4040 3948 3948
13405 357 4459 292 8946 8654 1821
13410 519 9373 76 4037 3961 3961
13474 2843 9401 68 4073 4005 4005
13492 4175 3222 354 10270 9916 1249
13549 3452 3180 397 10369 9972 1196
13810 3561 6672 135 7138 7003 2909
13814 3472 4589 295 9225 8930 1881
13885 693 2287 426 11598 11172 931
13894 2101 4613 313 9281 8968 1921
13939 3207 6739 205 7200 6995 2883
13955 53 4728 162 9227 9065 2029
14050 3731 6780 199 7270 7071 2941
14124 3774 4698 321 9426 9105 2010
14174 1122 9876 63 4298 4235 4235
14239 128 2330 447 11909 11462 904
14263 3513 9932 83 4331 4248 4248
14411 887 10068 16 4343 4327 4327
14452 4046 1566 604 12886 12282 707
14471 424 10115 14 4356 4342 4342
14486 3983 3383 385 11103 10718 1326
14591 22 4855 263 9736 9473 2194
14910 4338 5139 104 9771 9667 2175
14929 2816 7367 126 7562 7436 3024
15194 2298 2506 381 12688 12307 985
15230 3887 10663 90 4567 4477 4477
15290 2434 7495 163 7795 7632 3188
15299 2911 10789 47 4510 4463 4463
15309 4701 10799 34 4510 4476 4476
15333 17 2524 440 12809 12369 1023
15625 3234 7686 125 7939 7814 3266
15660 4019 3585 415 12075 11660 1505
15717 905 11072 12 4645 4633 4633
15729 724 7722 88 8007 7919 3290
15735 2996 7705 123 8030 7907 3271
15744 4767 1671 590 14073 13483 802
15802 3115 1670 617 14132 13515 777
16018 2479 11341 11 4677 4666 4666
16028 2083 2621 527 13407 12880 1005
16057 4326 11304 97 4753 4656 4656
16114 746 7932 76 8182 8106 3408
16124 4927 3803 383 12321 11938 1542
16189 3941 3821 384 12368 11984 1576
16229 515 11466 7 4763 4756 4756
16248 4618 11486 3 4762 4759 4759
16252 50 11437 50 4815 4765 4765
16262 95 11523 7 4739 4732 4732
16347 830 7961 241 8386 8145 3416
16477 3141 8061 212 8416 8204 3472
16496 1901 2778 428 13718 13290 1050
16498 3494 11678 87 4820 4733 4733
16576 3785 11701 79 4875 4796 4796
16609 1343 8127 110 8482 8372 3538
16719 2759 3962 286 12757 12471 1598
16729 222 8163 155 8566 8411 3537
16752 1113 1762 600 14990 14390 869
16797 3994 8228 137 8569 8432 3554
16838 4417 5677 238 11161 10923 2446
16885 1736 5613 330 11272 10942 2447
16958 3898 8298 109 8660 8551 3603
16960 1745 1837 561 15123 14562 923
17014 3535 8377 87 8637 8550 3614
17107 3232 5700 351 11407 11056 2526
17139 540 12152 63 4987 4924 4924
17182 3356 12179 42 5003 4961 4961
17186 4396 12207 3 4979 4976 4976
17216 2735 5744 311 11472 11161 2537
17223 2333 12241 36 4982 4946 4946
17309 2236 12336 5 4973 4968 4968
17408 1277 8510 221 8898 8677 3713
17464 1869 5863 265 11601 11336 2566
17630 752 3044 341 14586 14245 1134
17677 1126 8782 122 8895 8773 3693
17890 1285 8832 80 9058 8978 3761
18024 280 12720 77 5304 5227 5227
18052 2695 6082 227 11970 11743 2718
18063 3337 6070 317 11993 11676 2685
18069 4145 2056 581 16013 15432 896
18221 973 12894 41 5327 5286 5286
18285 2661 6166 143 12119 11976 2764
18315 4426 12964 25 5351 5326 5326
18376 2977 9149 52 9227 9175 3850
18432 624 8995 252 9437 9185 3845
18455 1198 9030 193 9425 9232 3872
18526 1452 2057 746 16469 15723 912
18669 2272 13234 13 5435 5422 5422
18674 1248 13218 46 5456 5410 5410
18701 3951 13241 26 5460 5434 5434
18740 4106 13281 32 5459 5427 5427
18780 1537 9253 173 9527 9354 3939
18795 4824 3140 579 15655 15076 1162
18855 2566 9301 109 9554 9445 3966
18869 3599 13316 88 5553 5465 5465
18899 2448 6391 207 12508 12301 2831
18993 3754 13389 25 5604 5579 5579
19063 79 13452 27 5611 5584 5584
19093 2352 4450 523 14643 14120 1783
19143 1820 3214 325 15929 15604 1250
19363 4018 9456 167 9907 9740 4075
19459 3190 6496 182 12963 12781 2961
19519 1478 3200 461 16319 15858 1240
19559 4962 3211 426 16348 15922 1245
19729 4128 2155 697 17574 16877 926
19731 3725 9655 188 10076 9888 4109
19735 68 4609 341 15126 14785 1922
19801 2592 13956 26 5845 5819 5819
19820 3922 13971 18 5849 5831 5831
19886 3076 4660 369 15226 14857 1938
19959 4891 9829 127 10130 10003 4133
20005 4579 14055 45 5950 5905 5905
20056 4021 9756 239 10300 10061 4130
20295 66 14221 98 6074 5976 5976
20303 2175 6894 249 13409 13160 2943
20317 4509 14298 67 6019 5952 5952
20362 96 4785 273 15577 15304 2112
20483 3706 10030 106 10453 10347 4304
20491 3126 3423 351 17068 16717 1354
20501 3125 14452 9 6049 6040 6040
20523 4937 4807 348 15716 15368 2115
20755 4434 14615 86 6140 6054 6054
20760 694 14611 100 6149 6049 6049
20790 2423 4983 249 15807 15558 2180
20868 274 10244 149 10624 10475 4381
20929 3271 14760 81 6169 6088 6088
20954 69 5021 216 15933 15717 2168
20961 2295 10267 146 10694 10548 4450
20963 2212 7259 107 13704 13597 3012
20972 2332 7176 265 13796 13531 2949
21011 3519 10330 88 10681 10593 4460
21039 927 4862 415 16177 15762 2193
21137 4682 4948 386 16189 15803 2192
21181 759 7245 294 13936 13642 2969
21193 2213 10324 192 10869 10677 4458
21247 3035 14942 41 6305 6264 6264
21257 2346 4959 375 16298 15923 2186
21304 2194 14957 61 6347 6286 6286
21358 2840 3518 467 17840 17373 1417
21369 1899 5098 282 16271 15989 2196
21479 4039 5065 395 16414 16019 2188
21538 3068 15093 76 6445 6369 6369
21543 60 10596 140 10947 10807 4406
21547 4831 7381 282 14166 13884 3079
21691 1950 10696 24 10995 10971 4477
21720 505 15247 25 6473 6448 6448
21773 3657 5199 346 16574 16228 2223
21795 3048 5122 479 16673 16194 2190
22098 3641 7630 86 14468 14382 3210
22099 2710 10819 159 11280 11121 4472
22195 3583 15433 12 6762 6750 6750
22233 415 15433 60 6800 6740 6740
22295 4006 15521 6 6774 6768 6768
22310 3411 7628 199 14682 14483 3209
22375 1829 10929 209 11446 11237 4490
22384 3730 10927 230 11457 11227 4479
22422 2085 15589 37 6833 6796 6796
22428 1606 15606 1 6822 6821 6821
22496 4081 7608 367 14888 14521 3206
22626 2943 7657 298 14969 14671 3243
22628 4062 5266 329 17362 17033 2283
22687 3693 3786 287 18901 18614 1551
22712 998 7724 194 14988 14794 3305
22714 1200 7744 169 14970 14801 3300
22856 1934 15892 19 6964 6945 6945
22862 3354 15876 88 6986 6898 6898
22872 3433 15972 3 6900 6897 6897
22894 2915 11276 59 11618 11559 4658
23156 2357 16090 97 7066 6969 6969
23186 162 2833 321 20353 20032 1018
23266 2323 7924 244 15342 15098 3386
23349 3545 2706 572 20643 20071 1000
23372 2435 11572 57 11800 11743 4735
23448 4269 16366 59 7082 7023 7023
23460 4820 16354 87 7106 7019 7019
23461 2082 16369 15 7092 7077 7077
23593 2926 2704 669 20889 20220 997
23733 1637 16546 95 7187 7092 7092
23801 536 16626 59 7175 7116 7116
23840 4867 16643 54 7197 7143 7143
23960 3678 11789 123 12171 12048 4855
24008 2148 2777 600 21231 20631 1007
24026 2488 11749 200 12277 12077 4846
24089 4058 16818 9 7271 7262 7262
24160 4313 16788 97 7372 7275 7275
24177 469 11837 200 12340 12140 4883
24209 3056 3921 645 20288 19643 1565
24487 4222 17077 34 7410 7376 7376
24507 3173 17056 84 7451 7367 7367
24576 4792 17143 34 7433 7399 7399
24601 4697 12134 141 12467 12326 4903
24741 2422 17282 14 7459 7445 7445
24882 3828 17373 45 7509 7464 7464
24927 427 12302 190 12625 12435 4972
24994 4055 17406 59 7588 7529 7529
25030 3973 2994 384 22036 21652 1145
25147 3446 17554 37 7593 7556 7556
25186 1813 17551 83 7635 7552 7552
25302 2898 12476 191 12826 12635 5005
25427 674 17743 28 7684 7656 7656
25438 915 5951 434 19487 19053 2635
25601 1004 17813 79 7788 7709 7709
25627 4888 4269 303 21358 21055 1674
25638 32 6023 349 19615 19266 2669
25645 1694 6019 315 19626 19311 2640
25750 2691 8815 248 16935 16687 3720
25759 161 4254 573 21505 20932 1676
25873 1185 12685 166 13188 13022 5222
25898 1389 18028 48 7870 7822 7822
25941 4245 12752 97 13189 13092 5266
25985 4530 8862 356 17123 16767 3758
25990 3603 12778 163 13212 13049 5247
25999 929 6105 275 19894 19619 2724
26063 4626 12880 90 13183 13093 5281
26097 141 8994 175 17103 16928 3846
26109 2872 8956 269 17153 16884 3815
26119 455 18325 9 7794 7785 7785
26242 1284 9040 200 17202 17002 3872
26361 2531 18483 60 7878 7818 7818
26632 4679 18611 85 8021 7936 7936
26665 263 13194 146 13471 13325 5368
26754 2957 18655 22 8099 8077 8077
26816 3262 6335 384 20481 20097 2749
26819 2442 13166 201 13653 13452 5352
26916 3243 13204 196 13712 13516 5407
26952 813 9224 245 17728 17483 3876
27042 4931 18769 86 8273 8187 8187
27082 4963 18803 65 8279 8214 8214
27181 1724 9300 195 17881 17686 3944
27184 1645 18834 49 8350 8301 8301
27195 3502 18859 13 8336 8323 8323
27203 622 18880 18 8323 8305 8305
27232 942 6380 369 20852 20483 2794
27236 582 18913 32 8323 8291 8291
27309 4253 13373 188 13936 13748 5486
27387 576 19016 93 8371 8278 8278
27393 658 4468 382 22925 22543 1834
27466 2709 19070 68 8396 8328 8328
27523 3022 13429 161 14094 13933 5575
27626 4706 9398 201 18228 18027 3982
27868 1670 6470 313 21398 21085 2867
27948 1001 19278 64 8670 8606 8606
27971 2394 13600 137 14371 14234 5616
28030 4007 13617 135 14413 14278 5652
28082 365 4571 409 23511 23102 1867
28352 1546 19593 97 8759 8662 8662
28376 43 13760 127 14616 14489 5818
28426 1211 4532 539 23894 23355 1848
28445 4916 13698 222 14747 14525 5809
28533 896 9590 288 18943 18655 4074
28539 1918 13862 65 14677 14612 5788
28557 3276 19739 40 8818 8778 8778
28685 1556 19768 100 8917 8817 8817
28729 2482 13878 225 14851 14626 5779
28782 1522 19896 4 8886 8882 8882
28903 4551 9828 220 19075 18855 4128
28919 3846 19950 82 8969 8887 8887
28968 2328 6824 367 22144 21777 2926
29167 740 20135 61 9032 8971 8971
29178 4300 6850 329 22328 21999 2938
29184 4748 3363 453 25821 25368 1342
29210 4425 20205 25 9005 8980 8980
29337 1053 14234 122 15103 14981 5964
29350 2677 9888 223 19462 19239 4237
29362 2289 9887 251 19475 19224 4227
29365 2317 14256 136 15109 14973 5946
29398 2056 3342 601 26056 25455 1312
29450 692 3311 555 26139 25584 1280
29468 4031 20365 96 9103 9007 9007
29493 1171 6897 375 22596 22221 2949
29505 2991 14349 86 15156 15070 6019
29580 1271 20476 33 9104 9071 9071
29638 1205 3345 549 26293 25744 1320
29639 4558 20484 71 9155 9084 9084
29647 2601 4731 503 24916 24413 2028
29666 3439 20487 85 9179 9094 9094
29742 3222 14373 205 15369 15164 6011
29802 1458 20590 15 9212 9197 9197
29869 3746 10053 258 19816 19558 4321
29920 1467 20634 54 9286 9232 9232
29975 654 20662 69 9313 9244 9244
30127 1821 3420 562 26707 26145 1332
30157 3348 20790 29 9367 9338 9338
30170 3924 4870 502 25300 24798 2188
30233 2131 3422 603 26811 26208 1341
30249 1970 20844 58 9405 9347 9347
30273 27 20906 8 9367 9359 9359
30307 4909 3432 630 26875 26245 1357
30398 930 14748 164 15650 15486 6097
30545 2728 14843 138 15702 15564 6169
30571 4047 14819 225 15752 15527 6136
30593 3943 10268 298 20325 20027 4457
30667 1290 21235 21 9432 9411 9411
30843 1767 10368 236 20475 20239 4512
30961 4639 4905 623 26056 25433 2200
31020 2754 21437 58 9583 9525 9525
31074 2771 10520 235 20554 20319 4435
31117 3861 21519 19 9598 9579 9579
31120 4257 7370 401 23750 23349 3042
31127 3546 7376 377 23751 23374 3055
31179 2318 10662 108 20517 20409 4454
31187 1340 7386 340 23801 23461 3078
31187 1332 7392 366 23795 23429 3076
31253 2117 10546 320 20707 20387 4443
31362 2781 10639 193 20723 20530 4445
31363 4293 15141 233 16222 15989 6403
31478 2436 15263 165 16215 16050 6458
31562 3957 21868 85 9694 9609 9609
31659 2557 10763 221 20896 20675 4450
31752 2958 7523 325 24229 23904 3221
31774 3117 22064 29 9710 9681 9681
31799 938 22073 46 9726 9680 9680
31835 3542 15385 115 16450 16335 6643
31914 4332 5173 506 26741 26235 2220
31920 2253 22131 84 9789 9705 9705
31956 2763 15387 129 16569 16440 6696
31982 2966 10831 192 21151 20959 4485
32001 28 15421 147 16580 16433 6695
32016 4552 10859 217 21157 20940 4502
32095 4826 22262 78 9833 9755 9755
32105 1050 7496 408 24609 24201 3195
32131 835 5265 373 26866 26493 2264
32220 2752 10870 317 21350 21033 4518
32291 52 15513 200 16778 16578 6764
32425 2001 11029 122 21396 21274 4612
32460 1071 22570 71 9890 9819 9819
32516 3392 5295 340 27221 26881 2303
32594 1061 15663 216 16931 16715 6836
32613 1140 15714 122 16899 16777 6889
32802 2229 22786 77 10016 9939 9939
32860 2054 7783 323 25077 24754 3294
33062 3894 22953 39 10109 10070 10070
33068 1100 22981 13 10087 10074 10074
33071 3917 22941 68 10130 10062 10062
33146 4361 11222 342 21924 21582 4602
33192 4695 5352 563 27840 27277 2336
33242 4063 11253 258 21989 21731 4659
33274 4397 16037 147 17237 17090 6930
33276 4961 16066 127 17210 17083 6942
33498 4930 16181 62 17317 17255 7001
33515 4584 16113 192 17402 17210 6957
33575 3993 16114 243 17461 17218 6970
33601 3581 3854 503 29747 29244 1563
33731 909 3832 500 29899 29399 1577
33734 1042 5468 524 28266 27742 2355
33760 3423 8005 280 25755 25475 3424
33808 3716 16318 160 17490 17330 7032
33967 1595 3796 611 30171 29560 1543
33989 2428 16385 188 17604 17416 7092
34028 1394 5536 440 28492 28052 2379
34128 3302 5575 545 28553 28008 2407
34136 3152 16414 267 17722 17455 7063
34174 1272 23679 53 10495 10442 10442
34367 4496 16622 101 17745 17644 7112
34404 2076 3853 638 30551 29913 1561
34448 2087 16643 125 17805 17680 7159
34589 2457 16657 237 17932 17695 7177
34634 4834 24081 34 10553 10519 10519
34648 1507 3868 674 30780 30106 1556
34880 293 16835 136 18045 17909 7305
35030 3023 8187 380 26843 26463 3586
35099 1082 5707 341 29392 29051 2539
35103 3624 24382 12 10721 10709 10709
35178 3284 5763 383 29415 29032 2543
35204 4122 5692 502 29512 29010 2483
35222 2565 5756 338 29466 29128 2529
35272 3040 24436 93 10836 10743 10743
35380 1499 12020 270 23360 23090 4941
35388 917 17131 119 18257 18138 7381
35424 1257 8408 291 27016 26725 3616
35432 1485 24600 18 10832 10814 10814
35504 812 24604 71 10900 10829 10829
35578 1240 4046 578 31532 30954 1589
35616 4607 8412 330 27204 26874 3645
35669 2683 17201 164 18468 18304 7401
35697 3231 24721 40 10976 10936 10936
35784 3063 12266 178 23518 23340 4951
35871 315 12282 243 23589 23346 4949
35935 2276 24862 50 11073 11023 11023
35944 2955 24906 17 11038 11021 11021
36134 1897 12313 238 23821 23583 4968
36138 363 5778 557 30360 29803 2568
36202 3717 8544 317 27658 27341 3732
36231 3901 17397 270 18834 18564 7510
36265 1531 8515 376 27750 27374 3740
36268 4902 17421 200 18847 18647 7569
36320 3384 25230 51 11090 11039 11039
36344 2995 25235 30 11109 11079 11079
36442 3997 4113 632 32329 31697 1591
36493 4490 25341 32 11152 11120 11120
36598 4756 8681 418 27917 27499 3698
36600 221 8731 332 27869 27537 3717
36665 1850 17713 190 18952 18762 7621
36665 3166 4167 651 32498 31847 1605
36849 4573 17784 154 19065 18911 7719
36941 4986 17846 128 19095 18967 7749
36962 3139 12532 381 24430 24049 5113
36975 3389 17897 75 19078 19003 7753
37013 2023 25687 81 11326 11245 11245
37073 2025 25740 69 11333 11264 11264
37137 1656 25773 72 11364 11292 11292
37187 527 8791 486 28396 27910 3728
37204 4485 25893 12 11311 11299 11299
37235 2387 25903 30 11332 11302 11302
37259 1528 8872 250 28387 28137 3761
37284 3051 12639 348 24645 24297 5207
37303 3209 25912 60 11391 11331 11331
37463 1226 25987 97 11476 11379 11379
37535 322 8938 306 28597 28291 3792
37558 2738 26077 12 11481 11469 11469
37712 192 18194 219 19518 19299 7806
37789 2967 18331 153 19458 19305 7786
37875 4165 12917 255 24958 24703 5349
37951 1794 4373 533 33578 33045 1703
37952 3830 26302 89 11650 11561 11561
38014 4668 8982 445 29032 28587 3844
38048 3604 13014 259 25034 24775 5346
38107 754 18552 114 19555 19441 7813
38122 1367 13116 247 25006 24759 5318
38143 3920 9132 353 29011 28658 3839
38164 3267 18546 151 19618 19467 7816
38165 1230 26475 21 11690 11669 11669
38235 4808 6355 409 31880 31471 2744
38291 4192 18587 89 19704 19615 7899
38342 899 9180 350 29162 28812 3856
38378 2261 26633 19 11745 11726 11726
38393 1482 18589 143 19804 19661 7919
38445 983 6186 640 32259 31619 2786
38521 1542 13126 310 25395 25085 5370
38560 2400 26747 32 11813 11781 11781
38622 627 18654 189 19968 19779 8028
38749 1504 26870 50 11879 11829 11829
38784 2005 13182 370 25602 25232 5345
38925 932 18722 194 20203 20009 8134
38946 2326 26998 31 11948 11917 11917
38975 4830 27092 2 11883 11881 11881
39035 2360 13264 287 25771 25484 5417
39039 3862 27156 19 11883 11864 11864
39049 2914 6344 530 32705 32175 2749
39104 4440 18803 199 20301 20102 8240
39394 934 13349 330 26045 25715 5507
39547 2584 4472 561 35075 34514 1845
39567 3100 27566 81 12001 11920 11920
39624 3362 9390 392 30234 29842 3945
39771 1867 27746 57 12025 11968 11968
39864 1127 13458 329 26406 26077 5606
39917 4971 9393 409 30524 30115 3963
39949 3055 19180 157 20769 20612 8561
39989 2281 27849 89 12140 12051 12051
40011 951 13501 183 26510 26327 5632
40026 2707 13504 229 26522 26293 5640
40049 3265 9438 319 30611 30292 3999
40051 3058 9475 148 30576 30428 4078
40086 2168 27975 32 12111 12079 12079
40212 3744 13537 270 26675 26405 5641
40218 4874 19368 81 20850 20769 8628
40386 831 9443 404 30943 30539 4050
40426 2504 6487 430 33939 33509 2888
40427 1831 28158 83 12269 12186 12186
40487 4654 19470 174 21017 20843 8636
40522 3407 13661 201 26861 26660 5703
40625 4211 13684 185 26941 26756 5760
40634 1165 13696 189 26938 26749 5772
40666 2989 13678 290 26988 26698 5727
40785 3728 28417 10 12368 12358 12358
40841 681 28409 75 12432 12357 12357
40890 475 28507 8 12383 12375 12375
40933 3394 4620 475 36313 35838 1918
40982 2178 13874 182 27108 26926 5779
40986 4809 6505 467 34481 34014 2957
41035 4816 19666 220 21369 21149 8759
41042 2035 28619 6 12423 12417 12417
41056 4320 19746 86 21310 21224 8794
41131 2560 6579 567 34552 33985 2913
41180 2376 28705 71 12475 12404 12404
41277 2639 28717 96 12560 12464 12464
41279 1011 28721 91 12558 12467 12467
41295 4008 9610 500 31685 31185 4095
41344 1492 6760 335 34584 34249 2928
41499 4419 19877 138 21622 21484 8872
41517 2981 9706 349 31811 31462 4125
41594 3674 14034 176 27560 27384 5853
41695 1196 13977 332 27718 27386 5835
41699 1734 4681 534 37018 36484 2004
41858 1073 14061 229 27797 27568 5945
41899 4096 14096 229 27803 27574 5922
41917 3352 29079 96 12838 12742 12742
41990 2390 20126 101 21864 21763 8959
42020 1532 14053 294 27967 27673 5875
42034 4896 14140 129 27894 27765 5939
42092 2982 20149 113 21943 21830 9010
42161 3329 14120 267 28041 27774 5945
42186 3194 14195 247 27991 27744 5929
42235 2511 14287 169 27948 27779 5951
42346 900 29424 97 12922 12825 12825
42362 1182 29519 9 12843 12834 12834
42387 4076 20371 141 22016 21875 9004
42405 3079 20321 189 22084 21895 9029
42418 3236 29527 30 12891 12861 12861
42426 2939 29551 5 12875 12870 12870
42579 3410 20428 160 22151 21991 9066
42631 4786 29614 23 13017 12994 12994
42848 256 29750 31 13098 13067 13067
42906 2887 10037 223 32869 32646 4325
42939 3864 29784 18 13155 13137 13137
42956 3940 4807 503 38149 37646 2132
43029 2732 29863 46 13166 13120 13120
43061 3360 20633 95 22428 22333 9189
43134 4124 10107 231 33027 32796 4346
43149 1667 4775 678 38374 37696 2078
43185 4187 29970 54 13215 13161 13161
43250 1129 30020 64 13230 13166 13166
43315 4806 14585 166 28730 28564 6072
43347 2869 7169 379 36178 35799 2953
43416 725 7130 466 36286 35820 2915
43448 3871 30179 68 13269 13201 13201
43511 3414 30281 7 13230 13223 13223
43593 1919 4877 421 38716 38295 2195
43630 4430 7259 171 36371 36200 3001
43699 1464 20883 178 22816 22638 9380
43726 4814 14736 299 28990 28691 6055
43733 399 30479 10 13254 13244 13244
43783 4911 21035 76 22748 22672 9419
44000 4665 21155 87 22845 22758 9391
44103 1891 21190 170 22913 22743 9390
44137 3870 30700 33 13437 13404 13404
44142 1610 30704 4 13438 13434 13434
44169 3158 14875 270 29294 29024 6223
44192 1603 30778 1 13414 13413 13413
44239 2239 21240 176 22999 22823 9428
44245 700 21305 60 22940 22880 9460
44426 976 30892 34 13534 13500 13500
44494 4203 7303 503 37191 36688 2992
44534 1153 30969 100 13565 13465 13465
44606 4003 15051 164 29555 29391 6325
44612 3322 21454 83 23158 23075 9515
44647 4674 31072 50 13575 13525 13525
44751 1180 31153 85 13598 13513 13513
44909 4147 31239 87 13670 13583 13583
44912 2381 5145 460 39767 39307 2216
44917 3733 10535 471 34382 33911 4453
44963 2480 21658 109 23305 23196 9568
45026 804 15175 231 29851 29620 6444
45082 1352 31433 36 13649 13613 13613
45123 3004 31423 96 13700 13604 13604
45195 651 5157 529 40038 39509 2212
45202 777 31513 42 13689 13647 13647
45247 3508 21844 183 23403 23220 9570
45276 337 7479 385 37797 37412 3121
45343 2223 15303 280 30040 29760 6493
45344 734 5170 603 40174 39571 2207
45364 2814 15326 189 30038 29849 6544
45484 751 31732 11 13752 13741 13741
45492 1975 22033 91 23459 23368 9658
45497 4384 31691 87 13806 13719 13719
45525 318 15304 317 30221 29904 6532
45545 1449 22006 128 23539 23411 9653
45620 1305 22039 116 23581 23465 9662
45626 2961 5263 413 40363 39950 2244
45704 4783 15356 293 30348 30055 6580
45725 1468 31816 98 13909 13811 13811
45745 629 31880 40 13865 13825 13825
45800 4233 31915 16 13885 13869 13869
45865 4435 31942 64 13923 13859 13859
45875 4327 15398 175 30477 30302 6699
45896 1917 22143 182 23753 23571 9715
45990 3097 15398 237 30592 30355 6698
46103 2579 22277 138 23826 23688 9761
46118 4108 32160 28 13958 13930 13930
46177 1929 5202 595 40975 40380 2224
46236 4644 32215 56 14021 13965 13965
46274 4731 7632 464 38642 38178 3211
46373 3148 22418 167 23955 23788 9806
46412 1393 7643 436 38769 38333 3209
46434 4857 15594 213 30840 30627 6829
46479 3077 11001 331 35478 35147 4536
46492 2749 22518 150 23974 23824 9802
46501 285 15620 241 30881 30640 6824
46638 4522 32523 51 14115 14064 14064
46638 3417 15654 229 30984 30755 6844
46663 2285 15694 229 30969 30740 6823
46698 1363 22644 113 24054 23941 9867
46704 4605 7661 451 39043 38592 3243
46774 3160 32685 23 14089 14066 14066
46861 2321 7695 445 39166 38721 3269
46869 1638 11013 448 35856 35408 4613
46981 2863 7794 240 39187 38947 3354
46991 3295 5429 338 41562 41224 2355
47037 4159 32920 45 14117 14072 14072
47129 4052 15828 293 31301 31008 6899
47235 2119 33034 93 14201 14108 14108
47248 4501 11136 409 36112 35703 4609
47280 1407 7758 521 39522 39001 3306
47352 3497 33152 82 14200 14118 14118
47362 2562 23027 133 24335 24202 10045
47440 4369 11239 448 36201 35753 4628
47452 1204 15989 241 31463 31222 6906
47508 3463 7817 410 39691 39281 3339
47516 1707 23098 44 24418 24374 10145
47595 865 33367 1 14228 14227 14227
47612 1066 23047 232 24565 24333 10110
47616 3991 7875 427 39741 39314 3350
47625 3763 7793 500 39832 39332 3348
47777 4469 7835 502 39942 39440 3370
47859 2460 5339 700 42520 41820 2329
47957 1422 23219 228 24738 24510 10189
47986 3050 23254 159 24732 24573 10245
48085 1968 23337 105 24748 24643 10265
48175 1183 11504 271 36671 36400 4745
48275 4650 7935 399 40340 39941 3406
48414 2830 23486 114 24928 24814 10332
48505 3867 23522 142 24983 24841 10341
48508 2355 16367 276 32141 31865 7049
48540 2455 5547 589 42993 42404 2416
48574 3036 33997 53 14577 14524 14524
48596 2416 16419 208 32177 31969 7097
48601 2036 34001 75 14600 14525 14525
48804 2266 34162 74 14642 14568 14568
48830 3465 8091 419 40739 40320 3467
48838 2275 11587 387 37251 36864 4733
48868 2905 23658 251 25210 24959 10393
48970 4987 5536 595 43434 42839 2406
48978 2780 11644 396 37334 36938 4736
48979 3990 23742 140 25237 25097 10486
49025 4360 34319 81 14706 14625 14625
49110 4272 11724 292 37386 37094 4817
49226 3658 5670 380 43556 43176 2444
49233 458 16677 129 32556 32427 7194
49266 868 16663 212 32603 32391 7192
49345 2094 34576 78 14769 14691 14691
49402 3533 5604 644 43798 43154 2417
49443 4942 24035 243 25408 25165 10491
49506 65 34734 92 14772 14680 14680
49526 4174 16716 330 32810 32480 7253
49634 4680 11840 254 37794 37540 4909
49658 279 34880 15 14778 14763 14763
49723 2660 24151 244 25572 25328 10560
49928 3059 24266 184 25662 25478 10604
50068 2024 35104 37 14964 14927 14927
50073 3227 16960 181 33113 32932 7292
50137 1900 8284 335 41853 41518 3603
50197 402 8240 492 41957 41465 3575
50199 1174 5681 558 44518 43960 2459
50209 842 35134 95 15075 14980 14980
50374 244 11988 348 38386 38038 4943
50435 3866 8290 496 42145 41649 3599
50574 3819 24606 49 25968 25919 10847
50629 4199 24593 165 26036 25871 10796
50672 213 35504 97 15168 15071 15071
50721 2237 11986 461 38735 38274 4945
50863 3654 35643 39 15220 15181 15181
50880 1948 12073 379 38807 38428 4920
50887 2909 12149 328 38738 38410 4916
50888 3372 35645 56 15243 15187 15187
51051 1623 12170 393 38881 38488 4912
51062 2998 17147 392 33915 33523 7405
51066 533 24762 91 26304 26213 10959
51071 2096 12240 287 38831 38544 4943
51125 2574 12172 406 38953 38547 4936
51184 3838 35868 93 15316 15223 15223
51202 856 24815 176 26387 26211 10956
51210 1665 24858 83 26352 26269 11014
51381 910 17330 311 34051 33740 7429
51477 3705 12305 262 39172 38910 4971
51510 4597 8492 539 43018 42479 3666
51528 3578 25061 41 26467 26426 11074
51581 765 17399 227 34182 33955 7518
51590 3381 36175 69 15415 15346 15346
51627 936 25064 110 26563 26453 11073
51661 1187 36263 16 15398 15382 15382
51690 4854 17527 164 34163 33999 7539
51697 3883 36250 59 15447 15388 15388
51716 1617 12387 380 39329 38949 5011
51798 4422 36310 100 15488 15388 15388
51895 2464 8546 542 43349 42807 3739
51990 4240 36380 61 15610 15549 15549
52006 1341 36387 73 15619 15546 15546
52088 596 36429 97 15659 15562 15562
52096 2311 25243 127 26853 26726 11083
52156 4549 25351 67 26805 26738 11126
52158 4142 17600 160 34558 34398 7650
52165 432 17596 213 34569 34356 7619
52224 4899 17563 360 34661 34301 7585
52224 115 25280 220 26944 26724 11098
52320 3916 8685 477 43635 43158 3695
52351 4210 12512 302 39839 39537 5067
52506 3718 17787 123 34719 34596 7717
52551 4414 25482 182 27069 26887 11184
52652 310 5901 690 46751 46061 2617
52693 4725 17748 404 34945 34541 7683
52892 526 25729 129 27163 27034 11247
52906 2778 37041 66 15865 15799 15799
52930 1161 37050 41 15880 15839 15839
52943 1928 37085 10 15858 15848 15848
52983 3106 25753 131 27230 27099 11261
53006 4221 37103 55 15903 15848 15848
53146 3614 17888 356 35258 34902 7751
53230 2518 17953 303 35277 34974 7784
53369 3172 37309 23 16060 16037 16037
53400 159 12727 258 40673 40415 5232
53506 504 25918 187 27588 27401 11342
53570 4340 25990 142 27580 27438 11404
53581 3299 18008 333 35573 35240 7782
53593 2643 37564 11 16029 16018 16018
53643 350 37581 59 16062 16003 16003
53657 1949 26017 167 27640 27473 11427
53671 1895 37586 84 16085 16001 16001
53793 2888 12845 258 40948 40690 5290
53824 4556 37618 92 16206 16114 16114
53827 3755 6067 692 47760 47068 2681
53833 1266 37653 39 16180 16141 16141
53911 2725 8934 429 44977 44548 3762
53993 3268 37722 57 16271 16214 16214
54026 4073 37731 32 16295 16263 16263
54051 3482 26187 86 27864 27778 11514
54051 2030 12835 350 41216 40866 5276
54109 500 6083 662 48026 47364 2726
54141 1726 26185 178 27956 27778 11508
54219 0 37829 56 16390 16334 16334
54236 2284 37844 6 16392 16386 16386
54240 1150 8988 389 45252 44863 3840
54428 2705 18460 192 35968 35776 7802
54537 1373 18477 239 36060 35821 7810
54562 1471 8962 616 45600 44984 3810
54781 290 18527 286 36254 35968 7822
54857 557 26595 123 28262 28139 11726
54955 4884 38406 42 16549 16507 16507
55011 18 38439 7 16572 16565 16565
55044 3184 38448 32 16596 16564 16564
55196 815 26634 241 28562 28321 11745
55317 1639 13207 227 42110 41883 5409
55363 960 18638 342 36725 36383 8010
55403 3579 18646 268 36757 36489 8020
55405 786 9170 564 46235 45671 3841
55495 1156 38828 30 16667 16637 16637
55519 305 26861 180 28658 28478 11821
55525 2598 26858 220 28667 28447 11815
55554 3083 26913 93 28641 28548 11872
55606 4247 26897 164 28709 28545 11853
55636 291 38861 93 16775 16682 16682
55683 3031 26929 94 28754 28660 11897
55733 4412 38900 96 16833 16737 16737
55735 3949 18749 144 36986 36842 8177
55795 604 38945 92 16850 16758 16758
55955 3217 39055 38 16900 16862 16862
56040 1512 27092 144 28948 28804 11884
56170 4907 13252 385 42918 42533 5426
56330 4817 18843 269 37487 37218 8295
56392 2811 39226 71 17166 17095 17095
56450 4445 13379 311 43071 42760 5498
56469 2371 39251 78 17218 17140 17140
56526 3860 39273 74 17253 17179 17179
56537 2760 9305 404 47232 46828 3979
56614 3768 27360 105 29254 29149 11864
56694 3487 39320 92 17374 17282 17282
56699 2297 39386 44 17313 17269 17269
56702 3980 19011 277 37691 37414 8271
56928 1477 39565 62 17363 17301 17301
56929 879 19068 291 37861 37570 8326
57014 1888 39654 35 17360 17325 17325
57104 3840 27655 89 29449 29360 11972
57211 3314 39730 62 17481 17419 17419
57214 2670 19106 309 38108 37799 8419
57523 4686 27805 128 29718 29590 12058
57649 261 6480 440 51169 50729 2862
57678 4923 40131 38 17547 17509 17509
57713 4619 9429 353 48284 47931 4006
57727 525 13512 335 44215 43880 5651
57764 2895 40239 43 17525 17482 17482
57767 2515 27978 192 29789 29597 12109
57804 1752 19259 336 38545 38209 8610
57822 3371 40256 76 17566 17490 17490
57862 3274 28072 139 29790 29651 12147
58002 21 9483 447 48519 48072 4090
58065 103 28102 173 29963 29790 12200
58175 3964 19456 310 38719 38409 8601
58196 2065 40522 48 17674 17626 17626
58216 1015 40588 11 17628 17617 17617
58272 2249 40580 75 17692 17617 17617
58377 3858 40693 8 17684 17676 17676
58378 1224 28262 149 30116 29967 12296
58443 2091 40702 65 17741 17676 17676
58560 2313 40805 35 17755 17720 17720
58575 3792 13692 379 44883 44504 5768
58623 4329 40891 10 17732 17722 17722
58652 2098 28399 184 30253 30069 12361
58756 4535 28424 203 30332 30129 12364
58830 4443 28556 132 30274 30142 12419
58887 335 41123 26 17764 17738 17738
58894 4634 28572 183 30322 30139 12415
58930 2770 41129 35 17801 17766 17766
59051 939 6496 707 52555 51848 2925
59071 2944 9604 507 49467 48960 4097
59088 1457 28711 152 30377 30225 12421
59163 790 41238 97 17925 17828 17828
59178 3363 41326 46 17852 17806 17806
59246 613 28752 150 30494 30344 12528
59405 2102 41513 45 17892 17847 17847
59461 3939 19899 210 39562 39352 8884
59465 3252 41522 94 17943 17849 17849
59555 3676 19843 357 39712 39355 8887
59557 3304 41551 91 18006 17915 17915
59578 1650 13979 270 45599 45329 5836
59585 2439 41620 20 17965 17945 17945
59612 2729 28865 178 30747 30569 12621
59633 4819 41618 75 18015 17940 17940
59639 463 41654 5 17985 17980 17980
59716 1177 6751 548 52965 52417 2929
60006 19 41880 7 18126 18119 18119
60057 1874 14089 307 45968 45661 5925
60190 4604 41984 5 18206 18201 18201
60257 4321 42015 10 18242 18232 18232
60269 2953 42008 23 18261 18238 18238
60313 2568 6850 437 53463 53026 2960
60337 4903 20090 280 40247 39967 8931
60552 4810 20216 207 40336 40129 8995
60641 2742 9872 478 50769 50291 4182
60644 2424 29382 129 31262 31133 12816
60673 1296 29309 175 31364 31189 12827
60705 3629 42285 68 18420 18352 18352
60755 2994 42357 68 18398 18330 18330
60959 794 14318 346 46641 46295 5986
60989 2302 29559 193 31430 31237 12868
61168 2673 42734 40 18434 18394 18394
61243 2789 42832 6 18411 18405 18405
61325 3341 42837 73 18488 18415 18415
61422 4330 42877 91 18545 18454 18454
61438 4998 29752 98 31686 31588 13077
61466 3776 29726 211 31740 31529 13047
61591 3216 14404 334 47187 46853 6049
61754 1987 29773 253 31981 31728 13119
61755 4914 20592 185 41163 40978 9204
61757 4950 20574 253 41183 40930 9174
61772 2544 43128 16 18644 18628 18628
61786 2960 43111 33 18675 18642 18642
61840 3099 6970 624 54870 54246 2914
61843 625 29878 206 31965 31759 13153
61850 3032 20584 328 41266 40938 9185
61915 1739 43214 71 18701 18630 18630
61924 1033 29911 189 32013 31824 13169
61983 2109 43295 45 18688 18643 18643
62122 1708 7181 424 54941 54517 2963
62134 1384 10080 424 52054 51630 4332
62152 2582 14546 385 47606 47221 6031
62186 611 43396 58 18790 18732 18732
62384 4116 43510 4 18874 18870 18870
62406 2181 43515 10 18891 18881 18881
62428 2925 30225 127 32203 32076 13209
62443 3228 30206 133 32237 32104 13213
62457 240 20755 292 41702 41410 9320
62555 216 43597 22 18958 18936 18936
62573 1618 20819 305 41754 41449 9352
62707 4177 20823 391 41884 41493 9351
62746 1940 43746 46 19000 18954 18954
63063 768 14846 362 48217 47855 6177
63093 1540 30582 95 32511 32416 13342
63105 4403 10251 536 52854 52318 4389
63161 2716 30628 88 32533 32445 13368
63165 1713 21071 281 42094 41813 9408
63178 2265 21141 182 42037 41855 9385
63246 4095 30589 198 32657 32459 13350
63292 2801 44079 77 19213 19136 19136
63332 699 10344 340 52988 52648 4533
63371 3045 30677 169 32694 32525 13371
63497 4219 30742 201 32755 32554 13403
63503 4186 21257 203 42246 42043 9447
63506 3021 14934 250 48572 48322 6264
63574 1842 21277 233 42297 42064 9438
63589 2711 10329 544 53260 52716 4459
63610 224 21331 195 42279 42084 9456
63663 1915 21254 377 42409 42032 9445
63678 3850 44467 26 19211 19185 19185
63690 2530 14997 299 48693 48394 6261
63742 333 44489 63 19253 19190 19190
63751 2103 7343 491 56408 55917 3033
63775 523 7322 485 56453 55968 3021
63798 4204 15020 277 48778 48501 6312
63850 2782 44594 63 19256 19193 19193
63901 362 10518 438 53383 52945 4424
63990 1632 44724 1 19266 19265 19265
64043 1653 31109 174 32934 32760 13518
64070 4521 31151 138 32919 32781 13510
64153 3149 44779 96 19374 19278 19278
64217 211 21582 222 42635 42413 9546
64346 101 21519 319 42827 42508 9563
64377 3697 44922 33 19455 19422 19422
64484 2846 31258 233 33226 32993 13572
64509 174 21642 255 42867 42612 9546
64553 4566 21692 262 42861 42599 9563
64623 3526 45161 5 19462 19457 19457
64701 1145 45167 77 19534 19457 19457
64975 3992 31597 183 33378 33195 13649
65026 1503 45435 22 19591 19569 19569
65042 2506 15307 283 49735 49452 6539
65153 2134 15307 362 49846 49484 6536
65200 1833 10768 556 54432 53876 4460
65254 597 10791 368 54463 54095 4467
65318 3536 31763 179 33555 33376 13776
65507 2263 45798 26 19709 19683 19683
65568 3954 15358 382 50210 49828 6604
65577 1132 7535 434 58042 57608 3213
65686 1056 31954 159 33732 33573 13912
65759 3087 46048 51 19711 19660 19660
65769 4024 22183 251 43586 43335 9732
65818 2979 22233 174 43585 43411 9750
65819 3719 22257 200 43562 43362 9736
65835 2706 15418 346 50417 50071 6696
65906 300 46161 66 19745 19679 19679
65970 4447 22217 375 43753 43378 9730
66129 1246 22379 266 43750 43484 9746
66198 379 10852 531 55346 54815 4482
66226 866 7552 657 58674 58017 3222
66256 1760 10954 416 55302 54886 4498
66304 2764 46391 47 19913 19866 19866
66338 467 32287 182 34051 33869 13966
66348 2921 22398 310 43950 43640 9785
66435 4375 22418 327 44017 43690 9803
66440 1402 32365 133 34075 33942 14037
66505 2172 32370 154 34135 33981 14038
66518 4954 15645 305 50873 50568 6834
66575 2280 46547 29 20028 19999 19999
66644 4516 11000 512 55644 55132 4505
66680 2356 15590 387 51090 50703 6828
66736 1634 15650 374 51086 50712 6847
66847 3791 46720 88 20127 20039 20039
66993 3169 32613 256 34380 34124 14051
67062 3584 22729 267 44333 44066 9880
67127 2810 46982 11 20145 20134 20134
67491 1328 33004 112 34487 34375 14126
67539 2373 22951 127 44588 44461 10069
67614 1164 47230 93 20384 20291 20291
67630 1562 47281 27 20349 20322 20322
67655 3795 47287 35 20368 20333 20333
67694 1997 33081 158 34613 34455 14107
67780 4946 15949 376 51831 51455 6908
67827 1839 15889 399 51938 51539 6914
67903 2047 47420 44 20483 20439 20439
67936 200 47422 72 20514 20442 20442
68029 4235 7808 589 60221 59632 3341
68150 4025 47601 20 20549 20529 20529
68228 2656 47703 9 20525 20516 20516
68319 3273 23065 378 45254 44876 10128
68368 2838 23137 335 45231 44896 10140
68377 1435 33410 194 34967 34773 14252
68393 1825 47840 3 20553 20550 20550
68416 2942 23161 292 45255 44963 10138
68484 573 47888 57 20596 20539 20539
68553 4117 47938 39 20615 20576 20576
68625 972 47938 94 20687 20593 20593
68658 4715 16151 280 52507 52227 7015
68784 4940 48032 81 20752 20671 20671
68816 578 33584 169 35232 35063 14374
68823 4029 33584 193 35239 35046 14355
69024 3580 11394 503 57630 57127 4665
69089 4653 33708 244 35381 35137 14378
69226 3881 48322 97 20904 20807 20807
69261 4336 11416 483 57845 57362 4707
69337 4574 33774 167 35563 35396 14489
69376 4170 7950 581 61426 60845 3392
69391 2218 16376 219 53015 52796 7085
69451 4423 23477 245 45974 45729 10316
69455 1461 7958 606 61497 60891 3397
69537 4762 23511 260 46026 45766 10325
69546 3323 48609 4 20937 20933 20933
69695 581 23600 202 46095 45893 10358
69725 412 34031 131 35694 35563 14546
69808 1866 23621 268 46187 45919 10347
69817 4520 16371 403 53446 53043 7078
69838 390 48751 43 21087 21044 21044
69889 3466 16454 340 53435 53095 7106
69930 1262 11565 529 58365 57836 4731
69939 2167 48815 49 21124 21075 21075
70000 3220 16473 337 53527 53190 7103
70068 4243 48894 36 21174 21138 21138
70100 4091 48867 69 21233 21164 21164
70261 4631 16606 308 53655 53347 7084
70303 1538 34351 111 35952 35841 14628
70319 253 49102 15 21217 21202 21202
70498 2638 49202 36 21296 21260 21260
70525 2858 49252 7 21273 21266 21266
70623 4161 49253 98 21370 21272 21272
70739 2282 34496 237 36243 36006 14656
70758 912 11783 410 58975 58565 4827
70802 1261 23911 293 46891 46598 10527
70892 661 34639 155 36253 36098 14695
70908 1447 24026 263 46882 46619 10483
70987 1030 34686 95 36301 36206 14680
71088 2747 16700 471 54388 53917 7195
71154 631 8176 517 62978 62461 3552
71189 4213 24108 265 47081 46816 10541
71205 468 8143 536 63062 62526 3540
71347 3128 49724 52 21623 21571 21571
71414 1715 24181 200 47233 47033 10615
71417 2225 11888 289 59529 59240 4951
71454 4183 49880 33 21574 21541 21541
71563 1335 16844 443 54719 54276 7299
71659 343 49945 65 21714 21649 21649
71691 3948 11908 268 59783 59515 4978
71799 2049 24281 368 47518 47150 10626
72025 4845 35110 270 36915 36645 14959
72251 2632 50436 30 21815 21785 21785
72251 4988 35250 227 37001 36774 15002
72255 197 24464 224 47791 47567 10759
72320 1027 17114 216 55206 54990 7382
72402 3984 50505 98 21897 21799 21799
72424 3989 50560 21 21864 21843 21843
72576 2140 12012 491 60564 60073 4947
72829 3373 50865 63 21964 21901 21901
72987 4107 17197 327 55790 55463 7404
73077 4282 51007 10 22070 22060 22060
73165 3602 51060 63 22105 22042 22042
73379 2444 51221 34 22158 22124 22124
73397 2475 51229 38 22168 22130 22130
73424 4408 17314 248 56110 55862 7428
73443 2826 24724 396 48719 48323 10938
73564 15 17336 315 56228 55913 7466
73568 3266 36064 68 37504 37436 15342
73611 1585 36060 138 37551 37413 15322
73665 626 36041 189 37624 37435 15306
73738 521 51536 84 22202 22118 22118
73783 1741 8463 688 65320 64632 3679
73817 2904 12306 481 61511 61030 4975
73862 1913 12286 499 61576 61077 4964
73877 4285 51640 62 22237 22175 22175
73911 600 25131 158 48780 48622 11063
73932 4982 51745 38 22187 22149 22149
73949 3698 51759 34 22190 22156 22156
73966 2704 51765 16 22201 22185 22185
74078 2074 8644 471 65434 64963 3677
74111 2713 12369 464 61742 61278 4981
74403 473 8634 534 65769 65235 3685
74426 2288 36442 103 37984 37881 15645
74526 4013 8723 368 65803 65435 3695
74527 4194 36398 291 38129 37838 15588
74629 1297 25369 174 49260 49086 11126
74669 385 52357 25 22312 22287 22287
74721 4518 52400 49 22321 22272 22272
74910 4251 25471 242 49439 49197 11195
75229 2741 52651 87 22578 22491 22491
75246 1462 25622 201 49624 49423 11211
75254 3897 8786 545 66468 65923 3725
75369 3492 12651 304 62718 62414 5218
75380 3726 52842 1 22538 22537 22537
75459 1488 25719 171 49740 49569 11244
75553 3762 37031 165 38522 38357 15763
75743 4388 12606 510 63137 62627 5131
75818 4878 37243 86 38575 38489 15904
75971 4208 25870 313 50101 49788 11280
75981 717 37262 131 38719 38588 15994
75984 3406 53361 44 22623 22579 22579
76039 2008 12634 493 63405 62912 5201
76176 1992 18026 368 58150 57782 7814
76249 4671 37381 130 38868 38738 16056
76264 4462 37366 157 38898 38741 16035
76290 4772 12655 598 63635 63037 5218
76362 924 37475 114 38887 38773 16037
76480 1735 53619 80 22861 22781 22781
76482 2959 18061 394 58421 58027 7819
76525 3516 53735 44 22790 22746 22746
76632 373 53802 11 22830 22819 22819
76703 1087 53823 79 22880 22801 22801
76729 4875 18176 362 58553 58191 7766
76797 1237 53889 34 22908 22874 22874
76846 2633 53927 38 22919 22881 22881
76923 3923 37717 95 39206 39111 16209
76969 1108 54036 8 22933 22925 22925
77056 2111 54135 5 22921 22916 22916
77094 569 37812 78 39282 39204 16330
77111 368 12904 305 64207 63902 5318
77131 781 54197 32 22934 22902 22902
77143 3600 18233 364 58910 58546 7796
77210 3632 54231 71 22979 22908 22908
77446 704 54445 34 23001 22967 22967
77614 791 26416 207 51198 50991 11613
77677 440 38163 89 39514 39425 16420
77708 3122 54672 21 23036 23015 23015
77741 3798 26385 281 51356 51075 11630
77745 2823 54689 3 23056 23053 23053
77813 1080 13121 415 64692 64277 5335
77820 2973 54695 78 23125 23047 23047
77868 4022 26394 287 51474 51187 11630
77870 1692 54723 64 23147 23083 23083
77903 756 38238 103 39665 39562 16460
77956 4432 26528 138 51428 51290 11723
77997 4821 38272 105 39725 39620 16450
78008 4996 38222 196 39786 39590 16465
78042 2469 18570 281 59472 59191 7885
78154 3640 18595 303 59559 59256 7928
78177 1593 18580 316 59597 59281 7901
78204 2684 54976 26 23228 23202 23202
78331 4796 38527 70 39804 39734 16582
78344 3422 55138 18 23206 23188 23188
78360 1844 18631 219 59729 59510 7965
78399 4765 18624 311 59775 59464 7955
78431 4709 18610 382 59821 59439 7927
78488 4042 13103 671 65385 64714 5329
78588 5 55271 68 23317 23249 23249
78593 4870 26717 187 51876 51689 11772
78622 2808 55294 39 23328 23289 23289
78694 4377 55301 100 23393 23293 23293
78781 3326 38592 197 40189 39992 16623
78848 2086 26748 278 52100 51822 11789
79003 4040 55527 74 23476 23402 23402
79034 2393 18679 395 60355 59960 8055
79065 2242 38843 114 40222 40108 16683
79082 3946 55603 78 23479 23401 23401
79218 4722 55817 32 23401 23369 23369
79254 4675 26980 257 52274 52017 11900
79258 3155 55879 39 23379 23340 23340
79268 4848 55888 19 23380 23361 23361
79400 2300 9217 603 70183 69580 3873
79458 1770 55995 39 23463 23424 23424
79487 4400 18803 279 60684 60405 8206
79757 4570 27175 247 52582 52335 11861
79792 1294 56173 96 23619 23523 23523
79860 84 56266 61 23594 23533 23533
80061 2636 27219 335 52842 52507 11886
80092 3110 39230 182 40862 40680 17101
80096 4941 56460 52 23636 23584 23584
80188 4949 39243 256 40945 40689 17141
80361 2743 56699 64 23662 23598 23598
80381 636 19015 314 61366 61052 8278
80455 4072 19022 334 61433 61099 8288
80527 4259 13382 445 67145 66700 5556
80533 1723 19033 291 61500 61209 8331
80551 2541 39478 134 41073 40939 17289
80594 2325 27452 253 53142 52889 11906
80642 403 13397 424 67245 66821 5573
80654 814 56900 59 23754 23695 23695
80869 4865 39635 157 41234 41077 17295
80907 2751 27626 177 53281 53104 11979
80995 241 57177 86 23818 23732 23732
81012 1823 39692 141 41320 41179 17384
81141 2463 57263 68 23878 23810 23810
81149 3338 19155 224 61994 61770 8503
81232 743 57322 100 23910 23810 23810
81243 4166 57367 52 23876 23824 23824
81323 1214 19142 407 62181 61774 8460
81337 4415 19143 413 62194 61781 8466
81412 3332 27732 310 53680 53370 11977
81500 3292 27775 294 53725 53431 11997
81588 1880 57574 39 24014 23975 23975
81681 2344 27794 343 53887 53544 11997
81811 2062 39970 161 41841 41680 17533
81889 2842 19179 371 62710 62339 8521
81903 3714 57670 89 24233 24144 24144
81918 4217 9425 485 72493 72008 4007
81919 1604 40106 109 41813 41704 17532
82001 59 57791 9 24210 24201 24201
82102 4226 19190 543 62912 62369 8553
82114 35 57851 58 24263 24205 24205
82193 1550 57883 70 24310 24240 24240
82217 137 40319 103 41898 41795 17511
82236 898 40293 142 41943 41801 17512
82330 4491 40308 202 42022 41820 17515
82331 173 19233 574 63098 62524 8594
82394 1564 40369 217 42025 41808 17501
82483 4657 9475 532 73008 72476 4075
82522 1077 19313 486 63209 62723 8644
82536 270 58157 33 24379 24346 24346
82639 3281 58212 51 24427 24376 24376
82720 3289 19537 284 63183 62899 8658
82754 3499 19496 323 63258 62935 8677
82762 3587 40589 90 42173 42083 17628
82784 20 9499 329 73285 72956 4106
82811 3893 58303 49 24508 24459 24459
82870 91 58354 40 24516 24476 24476
82901 3972 58367 45 24534 24489 24489
82960 1111 28235 292 54725 54433 12288
82997 1419 40635 190 42362 42172 17644
83021 1731 28343 153 54678 54525 12324
83223 404 58587 68 24636 24568 24568
83237 635 40802 154 42435 42281 17715
83317 122 9482 640 73835 73195 4085
83489 314 28400 291 55089 54798 12364
83572 4812 40925 195 42647 42452 17705
83657 832 58837 34 24820 24786 24786
83749 1318 41047 179 42702 42523 17751
83774 2512 58907 34 24867 24833 24833
83870 195 41134 148 42736 42588 17766
83923 4567 19742 378 64181 63803 8792
83963 4760 59005 39 24958 24919 24919
84009 441 28673 250 55336 55086 12384
84142 486 41275 133 42867 42734 17797
84236 2786 9681 556 74555 73999 4134
84362 954 28795 232 55567 55335 12501
84649 331 28823 343 55826 55483 12590
84673 1020 13908 458 70765 70307 5808
84769 4630 19933 419 64836 64417 8871
84788 4002 59700 92 25088 24996 24996
84809 3982 59723 96 25086 24990 24990
84922 683 28927 219 55995 55776 12639
84971 4646 28954 224 56017 55793 12687
85016 2226 41744 137 43272 43135 18065
85153 4027 29005 257 56148 55891 12691
85160 1881 20093 181 65067 64886 8941
85288 1432 14055 461 71233 70772 5897
85300 4466 60078 11 25222 25211 25211
85303 4442 41868 138 43435 43297 18102
85353 4664 60112 57 25241 25184 25184
85457 586 29070 308 56387 56079 12744
85481 1699 29097 246 56384 56138 12762
85511 3263 41975 147 43536 43389 18151
85628 1216 41995 136 43633 43497 18197
85657 901 41979 225 43678 43453 18159
85711 1031 20089 288 65622 65334 8914
85718 3800 29118 280 56600 56320 12782
85764 3137 60398 18 25366 25348 25348
85831 1365 20104 327 65727 65400 8961
85883 3438 9862 557 76021 75464 4122
85890 1506 60467 58 25423 25365 25365
85939 2829 29235 237 56704 56467 12845
85955 78 42153 191 43802 43611 18251
85960 4960 20212 315 65748 65433 8995
86014 2855 29219 261 56795 56534 12851
86018 4670 14132 478 71886 71408 5934
86132 633 29254 329 56878 56549 12839
86155 2124 20291 297 65864 65567 9007
86179 1801 14199 502 71980 71478 5943
86240 2667 60803 84 25437 25353 25353
86244 3368 29366 372 56878 56506 12821
86262 2204 60810 97 25452 25355 25355
86286 3532 20373 256 65913 65657 9009
86348 588 20352 396 65996 65600 9011
86359 2222 9876 787 76483 75696 4178
86452 1146 29542 267 56910 56643 12877
86545 4528 60953 96 25592 25496 25496
86597 391 42591 140 44006 43866 18352
86639 1611 14346 430 72293 71863 6017
86728 2874 61065 53 25663 25610 25610
86757 1581 42637 100 44120 44020 18381
86809 2525 42630 187 44179 43992 18361
86875 1155 29596 319 57279 56960 12921
86901 4153 42702 150 44199 44049 18367
86941 4892 10002 444 76939 76495 4265
87047 2721 61305 22 25742 25720 25720
87100 1701 29722 239 57378 57139 13031
87198 982 42874 111 44324 44213 18445
87270 543 42908 160 44362 44202 18497
87402 1946 61562 89 25840 25751 25751
87425 1347 29765 190 57660 57470 13101
87443 1018 10031 515 77412 76897 4314
87475 4733 14385 386 73090 72704 6015
87516 1627 61619 72 25897 25825 25825
87659 1727 43037 147 44622 44475 18539
87877 2744 61885 54 25992 25938 25938
87987 3891 43203 205 44784 44579 18638
88057 1793 30028 224 58029 57805 13176
88075 4009 43316 57 44759 44702 18678
88113 1836 20682 303 67431 67128 9240
88162 4299 43279 233 44883 44650 18637
88302 4919 62108 98 26194 26096 26096
88357 2264 62169 55 26188 26133 26133
88383 605 43403 119 44980 44861 18750
88465 3527 62262 4 26203 26199 26199
88507 1474 43466 71 45041 44970 18779
88563 1024 62323 19 26240 26221 26221
88593 4064 62335 42 26258 26216 26216
88594 1768 43455 177 45139 44962 18748
88704 3593 62400 80 26304 26224 26224
88728 4144 43503 165 45225 45060 18841
88740 680 62423 27 26317 26290 26290
88836 1112 62492 28 26344 26316 26316
88893 1265 43570 129 45323 45194 18874
88979 3183 30237 286 58742 58456 13203
89014 2016 43659 66 45355 45289 18931
89117 4728 10228 647 78889 78242 4323
89130 3434 14625 535 74505 73970 6103
89163 541 62756 74 26407 26333 26333
89324 1286 21000 346 68324 67978 9399
89428 388 62949 82 26479 26397 26397
89451 4077 62983 18 26468 26450 26450
89455 3108 10198 852 79257 78405 4338
89500 152 62993 44 26507 26463 26463
89541 4785 10237 679 79304 78625 4355
89581 2068 30530 169 59051 58882 13268
89616 1916 21020 312 68596 68284 9396
89630 2776 14729 485 74901 74416 6049
89680 496 63129 31 26551 26520 26520
89736 203 43978 178 45758 45580 19059
89782 1851 30548 389 59234 58845 13290
89797 4983 21063 397 68734 68337 9412
89826 1676 63320 9 26506 26497 26497
89966 4205 44167 77 45799 45722 19143
90075 1598 14891 413 75184 74771 6216
90153 893 30693 239 59460 59221 13402
90155 4586 63507 1 26648 26647 26647
90160 3313 63474 44 26686 26642 26642
90200 3451 63472 85 26728 26643 26643
90300 1327 63545 99 26755 26656 26656
90345 702 30873 179 59472 59293 13468
90437 618 21317 301 69120 68819 9453
90492 124 63778 27 26714 26687 26687
90566 1368 44493 195 46073 45878 19188
90626 2951 63890 23 26736 26713 26713
90772 225 21434 391 69338 68947 9484
90909 4032 44672 174 46237 46063 19241
91076 2573 21456 356 69620 69264 9541
91221 4933 21483 399 69738 69339 9558
91257 13 64206 76 27051 26975 26975
91262 1795 64222 56 27040 26984 26984
91263 2553 44814 154 46449 46295 19326
91332 1737 15036 560 76296 75736 6323
91335 3294 31231 124 60104 59980 13586
91375 2337 31177 278 60198 59920 13546
91435 4343 64391 79 27044 26965 26965
91451 1576 21600 339 69851 69512 9563
91522 4178 10646 383 80876 80493 4452
91585 2545 45011 90 46574 46484 19474
91609 1037 44986 154 46623 46469 19447
91669 4410 21666 384 70003 69619 9565
91689 2897 64604 66 27085 27019 27019
91722 2220 64639 98 27083 26985 26985
91756 2207 64734 33 27022 26989 26989
91808 3476 10683 478 81125 80647 4470
91880 472 64812 69 27068 26999 26999
91940 1299 31453 269 60487 60218 13674
91962 3863 15171 485 76791 76306 6436
91985 4367 15262 430 76723 76293 6448
92085 4736 45266 230 46819 46589 19527
92216 2933 45315 278 46901 46623 19543
92243 4750 31658 210 60585 60375 13686
92254 3635 65066 47 27188 27141 27141
92267 4041 45450 118 46817 46699 19577
92321 2824 45440 181 46881 46700 19571
92377 63 45502 139 46875 46736 19628
92404 3531 65218 65 27186 27121 27121
92492 3709 31737 210 60755 60545 13748
92607 3845 45670 109 46937 46828 19597
92610 2978 31789 195 60821 60626 13800
92636 4115 45598 163 47038 46875 19626
92669 511 31769 285 60900 60615 13777
92687 4511 65366 57 27321 27264 27264
92803 4918 45735 110 47068 46958 19614
92816 3188 45694 131 47122 46991 19626
92868 1093 45738 133 47130 46997 19611
93001 3915 45762 190 47239 47049 19660
93044 3078 31874 346 61170 60824 13800
93091 2404 65613 97 27478 27381 27381
93122 1663 45948 118 47174 47056 19654
93352 1838 22158 369 71194 70825 9751
93360 3054 65757 63 27603 27540 27540
93370 3441 65764 26 27606 27580 27580
93429 2772 22076 568 71353 70785 9699
93454 1607 22192 406 71262 70856 9729
93454 2615 65846 24 27608 27584 27584
93459 2347 65801 88 27658 27570 27570
93653 2501 32107 238 61546 61308 13929
93733 2133 46192 147 47541 47394 19709
93762 3057 32172 254 61590 61336 13943
93838 2039 66105 40 27733 27693 27693
93855 3631 66085 80 27770 27690 27690
93933 226 46241 241 47692 47451 19730
93974 3852 66150 45 27824 27779 27779
94008 3512 46292 161 47716 47555 19760
94028 860 15492 392 78536 78144 6772
94190 3200 15580 281 78610 78329 6796
94193 231 46313 191 47880 47689 19823
94238 4571 46323 160 47915 47755 19841
94293 689 66306 99 27987 27888 27888
94331 823 46398 123 47933 47810 19907
94336 4418 46390 160 47946 47786 19865
94364 187 46393 175 47971 47796 19890
94492 366 66464 59 28028 27969 27969
94524 3944 66454 95 28070 27975 27975
94610 558 66552 85 28058 27973 27973
94712 2720 66592 63 28120 28057 28057
94787 31 66623 100 28164 28064 28064
94977 4407 22598 318 72379 72061 9863
95011 2310 22654 162 72357 72195 9863
95035 3136 22530 442 72505 72063 9798
95102 2304 66854 51 28248 28197 28197
95178 1364 66886 66 28292 28226 28226
95251 2587 32558 378 62693 62315 14050
95256 3462 32660 281 62596 62315 14056
95264 995 66974 80 28290 28210 28210
95276 1816 66986 90 28290 28200 28200
95286 556 32578 300 62708 62408 14081
95306 837 67001 49 28305 28256 28256
95390 1555 22707 334 72683 72349 9888
95436 1501 46901 97 48535 48438 20121
95449 850 67055 62 28394 28332 28332
95503 3318 32618 383 62885 62502 14075
95516 1805 22778 307 72738 72431 9915
95711 4452 11124 556 84587 84031 4612
95714 2059 47013 136 48701 48565 20186
95716 741 67285 39 28431 28392 28392
95788 2717 32790 296 62998 62702 14130
95802 3378 11162 651 84640 83989 4588
95804 1956 22903 121 72901 72780 10052
95938 2875 11218 470 84720 84250 4587
95950 4801 67494 1 28456 28455 28455
95975 2307 47157 157 48818 48661 20200
95984 284 15815 538 80169 79631 6883
96009 937 22816 429 73193 72764 10005
96131 606 47186 225 48945 48720 20255
96196 609 67650 4 28546 28542 28542
96211 1134 15842 511 80369 79858 6907
96239 4127 47212 220 49027 48807 20264
96273 168 32998 276 63275 62999 14108
96355 1438 67751 75 28604 28529 28529
96378 4656 47301 178 49077 48899 20320
96417 4948 22926 408 73491 73083 10043
96425 1249 47336 130 49089 48959 20408
96475 3375 33175 178 63300 63122 14164
96594 1410 67924 28 28670 28642 28642
96594 1547 67916 68 28678 28610 28610
96691 3014 67979 15 28712 28697 28697
96698 2497 67947 76 28751 28675 28675
96738 4622 47478 96 49260 49164 20471
96764 306 47427 193 49337 49144 20453
96787 3191 47491 82 49296 49214 20478
96876 3154 68038 99 28838 28739 28739
96937 628 68099 60 28838 28778 28778
96951 3911 33258 199 63693 63494 14199
97070 4590 33337 144 63733 63589 14216
97127 4548 11297 560 85830 85270 4656
97206 4882 68274 29 28932 28903 28903
97432 809 23152 413 74280 73867 10135
97453 1190 47833 91 49620 49529 20539
97466 3633 11277 694 86189 85495 4659
97467 1511 23194 246 74273 74027 10191
97706 1406 23221 390 74485 74095 10197
97824 4546 33506 373 64318 63945 14295
97827 1747 33538 244 64289 64045 14346
97989 2205 68872 10 29117 29107 29107
98010 516 48060 133 49950 49817 20719
98023 2305 48075 139 49948 49809 20710
98107 2899 68972 38 29135 29097 29097
98136 4966 68944 69 29192 29123 29123
98164 1520 11369 697 86795 86098 4663
98184 2671 16224 518 81960 81442 6981
98277 3737 48223 198 50054 49856 20716
98324 2509 69124 77 29200 29123 29123
98442 176 33769 209 64673 64464 14471
98450 4087 69286 7 29164 29157 29157
98514 575 69265 92 29249 29157 29157
98567 2938 69344 30 29223 29193 29193
98608 695 16233 578 82375 81797 6997
98722 3165 69416 96 29306 29210 29210
98731 3458 48416 148 50315 50167 20934
98742 2296 33864 265 64878 64613 14497
98831 3387 69505 72 29326 29254 29254
98930 3211 69556 68 29374 29306 29306
99044 119 69631 27 29413 29386 29386
99050 3642 69614 67 29436 29369 29369
99078 93 48622 127 50456 50329 20926
99113 1312 69682 34 29431 29397 29397
99192 2486 23489 458 75703 75245 10337
99203 2870 69693 94 29510 29416 29416
99230 4564 34029 277 65201 64924 14546
99303 818 48664 176 50639 50463 20998
99461 2500 69902 71 29559 29488 29488
99550 2672 48813 189 50737 50548 21036
99600 4169 16500 341 83100 82759 7112
99649 2984 48846 201 50803 50602 21092
99705 4932 34255 213 65450 65237 14614
99780 3393 70181 54 29599 29545 29545
99818 4416 70179 100 29639 29539 29539
99928 769 11628 650 88300 87650 4741
