161 1479 145 3 16 13 4
161 4176 40 101 121 20 0
432 4753 278 29 154 125 2
822 3260 657 20 165 145 6
1809 3721 1793 6 16 10 6
1833 4512 1687 21 146 125 1
2082 763 319 59 1763 1704 2
2610 4827 583 96 2027 1931 11
2648 2529 2596 27 52 25 15
2733 4254 2695 12 38 26 4
2945 3109 748 73 2197 2124 0
2987 4352 777 57 2210 2153 1
3032 3061 795 54 2237 2183 0
3185 2079 3156 7 29 22 7
3383 1965 3377 1 6 5 5
3585 2155 3570 7 15 8 2
3611 2576 3349 15 262 247 0
3705 3605 3442 22 263 241 0
3759 861 3552 16 207 191 6
3793 4446 3654 18 139 121 1
3934 1337 3818 49 116 67 4
3944 2599 3842 23 102 79 2
4514 4776 4378 15 136 121 1
4713 3777 4686 14 27 13 0
4845 1612 4725 27 120 93 7
5633 1706 5605 8 28 20 5
6316 3775 1358 38 4958 4920 1
6731 1088 6667 28 64 36 19
7045 1846 1743 59 5302 5243 0
7089 4910 1801 49 5288 5239 1
7575 232 7497 17 78 61 5
7632 3692 2081 42 5551 5509 8
7988 2556 7974 7 14 7 1
8162 746 7932 76 230 154 2
8477 422 8466 4 11 7 1
8480 2411 8439 9 41 32 1
8987 1431 8974 4 13 9 0
9230 2977 9149 52 81 29 1
9314 1728 9281 7 33 26 2
9831 98 2738 45 7093 7048 5
10145 424 10115 14 30 16 0
10148 887 10068 16 80 64 0
10184 3706 10030 106 154 48 25
10403 106 3092 37 7311 7274 7
10459 4457 3107 43 7352 7309 2
10604 2848 3178 145 7426 7281 0
10729 1950 10696 24 33 9 3
11122 905 11072 12 50 38 10
11392 2479 11341 11 51 40 14
11459 549 3467 61 7992 7931 2
11497 515 11466 7 31 24 3
11499 4618 11486 3 13 10 7
11549 95 11523 7 26 19 10
11559 2595 3587 39 7972 7933 2
11667 2435 11572 57 95 38 16
11694 1163 3666 68 8028 7960 3
12087 677 3885 50 8202 8152 0
12222 4396 12207 3 15 12 3
12347 2236 12336 5 11 6 5
12643 967 4167 48 8476 8428 7
13022 4426 12964 25 58 33 5
13037 2165 4318 57 8719 8662 1
13270 2272 13234 13 36 23 4
13454 3951 13241 26 213 187 0
13615 3754 13389 25 226 201 1
13649 79 13452 27 197 170 3
13904 3447 4411 61 9493 9432 2
14050 3922 13971 18 79 61 3
14052 2592 13956 26 96 70 0
14475 3125 14452 9 23 14 0
14631 295 4559 62 10072 10010 10
15254 1017 4743 34 10511 10477 0
15462 3583 15433 12 29 17 3
15474 505 15247 25 227 202 0
15535 4006 15521 6 14 8 2
15607 1606 15606 1 1 0 0
15986 1934 15892 19 94 75 1
15994 3433 15972 3 22 19 6
16499 2082 16369 15 130 115 12
16842 4058 16818 9 24 15 9
17314 2422 17282 14 32 18 2
17854 674 17743 28 111 83 2
18302 4751 5704 35 12598 12563 0
18350 455 18325 9 25 16 6
18884 3502 18859 13 25 12 1
18997 2957 18655 22 342 320 7
19332 622 18880 18 452 434 5
19907 1522 19896 4 11 7 0
20263 4425 20205 25 58 33 7
20768 1458 20590 15 178 163 2
20931 27 20906 8 25 17 4
20947 3348 20790 29 157 128 4
21320 1290 21235 21 85 64 1
21574 3861 21519 19 55 36 11
21663 1947 6150 61 15513 15452 1
21859 1333 6302 61 15557 15496 3
22178 3117 22064 29 114 85 0
22740 456 6835 53 15905 15852 8
23010 1100 22981 13 29 16 2
23164 2689 7144 60 16020 15960 15
23643 2830 23486 114 157 43 7
24420 3624 24382 12 38 26 9
24713 1485 24600 18 113 95 0
25022 2955 24906 17 116 99 5
25196 4291 7748 62 17448 17386 0
25219 724 7722 88 17497 17409 2
25339 2995 25235 30 104 74 3
25937 4485 25893 12 44 32 5
25998 2387 25903 30 95 65 7
26103 2738 26077 12 26 14 8
26550 1230 26475 21 75 54 3
26684 2261 26633 19 51 32 1
27105 4830 27092 2 13 11 11
27223 3862 27156 19 67 48 1
27944 2589 8575 32 19369 19337 1
28214 4093 8702 34 19512 19478 2
28472 3728 28417 10 55 45 0
28527 475 28507 8 20 12 5
28637 2035 28619 6 18 12 6
28662 1285 8832 80 19830 19750 0
29566 2939 29551 5 15 10 3
29570 1182 29519 9 51 42 0
29719 3236 29527 30 192 162 8
29938 4786 29614 23 324 301 1
30148 3864 29784 18 364 346 3
30307 3414 30281 7 26 19 2
30435 1771 9121 40 21314 21274 4
30509 399 30479 10 30 20 2
30717 1610 30704 4 13 9 4
30780 1603 30778 1 2 1 1
31756 751 31732 11 24 13 8
31993 4233 31915 16 78 62 3
32219 4108 32160 28 59 31 8
32733 3160 32685 23 48 25 3
33383 865 33367 1 16 15 15
33811 2911 10789 47 23022 22975 2
33853 4701 10799 34 23054 23020 1
34530 2915 11276 59 23254 23195 6
34849 50 11437 50 23412 23362 3
34938 279 34880 15 58 43 15
36311 1187 36263 16 48 32 0
36690 3356 12179 42 24511 24469 2
36751 2333 12241 36 24510 24474 2
37127 1928 37085 10 42 32 1
37511 3172 37309 23 202 179 1
37606 2643 37564 11 42 31 20
37854 2284 37844 6 10 4 0
38510 18 38439 7 71 64 0
38823 973 12894 41 25929 25888 2
38924 1156 38828 30 96 66 0
39081 4626 12880 90 26201 26111 13
40098 1248 13218 46 26880 26834 3
40199 4106 13281 32 26918 26886 4
40623 1015 40588 11 35 24 6
40730 3858 40693 8 37 29 1
40926 4329 40891 10 35 25 11
41244 335 41123 26 121 95 16
41672 463 41654 5 18 13 4
41742 2439 41620 20 122 102 9
41906 19 41880 7 26 19 5
41996 4604 41984 5 12 7 1
42049 4321 42015 10 34 24 1
42116 2953 42008 23 108 85 3
42469 4579 14055 45 28414 28369 4
42847 2789 42832 6 15 9 2
43176 2544 43128 16 48 32 8
43520 4116 43510 4 10 6 0
43548 2181 43515 10 33 23 0
43850 216 43597 22 253 231 0
44124 2317 14256 136 29868 29732 1
44546 3850 44467 26 79 53 6
44708 3035 14942 41 29766 29725 0
44738 1632 44724 1 14 13 13
44744 2194 14957 61 29787 29726 3
45168 3526 45161 5 7 2 1
45513 1503 45435 22 78 56 8
45868 2263 45798 26 70 44 6
46076 415 15433 60 30643 30583 0
46159 2763 15387 129 30772 30643 1
46749 2280 46547 29 202 173 1
47017 2810 46982 11 35 24 1
47027 2085 15589 37 31438 31401 1
47404 1562 47281 27 123 96 7
47718 2656 47703 9 15 6 0
47805 4025 47601 20 204 184 2
47854 1825 47840 3 14 11 7
48647 3323 48609 4 38 34 30
49202 3953 49158 32 44 12 2
49273 2858 49252 7 21 14 0
49282 253 49102 15 180 165 1
50097 4930 16181 62 33916 33854 2
50361 4269 16366 59 33995 33936 12
50522 2632 50436 30 86 56 8
50622 3989 50560 21 62 41 1
50635 4784 50585 28 50 22 5
51030 4282 51007 10 23 13 0
51137 536 16626 59 34511 34452 4
51310 4867 16643 54 34667 34613 6
51475 293 16835 136 34640 34504 3
51759 4222 17077 34 34682 34648 3
51849 2704 51765 16 84 68 3
51947 4792 17143 34 34804 34770 0
52262 3828 17373 45 34889 34844 5
52402 385 52357 25 45 20 5
52705 4055 17406 59 35299 35240 8
52816 3446 17554 37 35262 35225 0
52843 3726 52842 1 1 0 0
53365 3389 17897 75 35468 35393 4
53786 1389 18028 48 35758 35710 1
53820 373 53802 11 18 7 1
54055 1108 54036 8 19 11 0
54147 2111 54135 5 12 7 2
54264 3966 54165 85 99 14 3
54705 2823 54689 3 16 13 12
54755 3122 54672 21 83 62 3
54905 2531 18483 60 36422 36362 6
55038 2684 54976 26 62 36 3
55215 3422 55138 18 77 59 27
55752 1482 18589 143 37163 37020 4
55926 4848 55888 19 38 19 2
56478 1645 18834 49 37644 37595 2
56635 582 18913 32 37722 37690 7
57818 59 57791 9 27 18 2
58303 3055 19180 157 39123 38966 6
58705 2945 58476 103 229 126 14
59650 3276 19739 40 39911 39871 8
60107 4466 60078 11 29 18 1
60430 3137 60398 18 32 14 0
60487 740 20135 61 40352 40291 2
60513 4258 60487 13 26 13 1
60791 3230 60726 10 65 55 6
61210 1271 20476 33 40734 40701 15
61391 2721 61305 22 86 64 8
61811 1467 20634 54 41177 41123 4
62272 3527 62262 4 10 6 1
62308 1970 20844 58 41464 41406 0
62396 1024 62323 19 73 54 1
62588 680 62423 27 165 138 1
62656 1112 62492 28 164 136 4
63063 4077 62983 18 80 62 5
63130 4911 21035 76 42095 42019 2
63336 1676 63320 9 16 7 1
63516 4586 63507 1 9 8 8
63719 700 21305 60 42414 42354 5
63823 124 63778 27 45 18 1
63971 2951 63890 23 81 58 4
64544 2754 21437 58 43107 43049 4
64581 3322 21454 83 43127 43044 4
65850 3441 65764 26 86 60 8
65960 2615 65846 24 114 90 1
66058 2003 65970 26 88 62 8
67498 4801 67494 1 4 3 3
67526 938 22073 46 45453 45407 0
67662 609 67650 4 12 8 1
68008 1410 67924 28 84 56 4
68032 3014 67979 15 53 38 12
68154 2579 22277 138 45877 45739 6
68350 4882 68274 29 76 47 10
68913 2205 68872 10 41 31 7
69325 4087 69286 7 39 32 3
69395 2938 69344 30 51 21 2
69417 3894 22953 39 46464 46425 2
69823 119 69631 27 192 165 3
70334 3823 70307 9 27 18 1
70521 996 70325 28 196 168 3
70693 3029 70466 18 227 209 2
70793 2537 70545 16 248 232 2
71103 4028 70873 16 230 214 4
71315 1079 71193 19 122 103 9
71333 1427 71203 28 130 102 2
71368 4129 71301 28 67 39 6
71882 1272 23679 53 48203 48150 0
72174 1206 72123 14 51 37 7
72309 4834 24081 34 48228 48194 5
72808 4981 72702 23 106 83 2
72862 2733 72827 19 35 16 6
73405 1578 73359 24 46 22 7
73698 502 73675 10 23 13 7
73767 2183 73748 5 19 14 4
73904 1300 73829 29 75 46 8
73996 3819 24606 49 49390 49341 3
74333 3231 24721 40 49612 49572 4
74708 459 74537 25 171 146 0
74988 353 74830 15 158 143 2
75237 3090 75097 15 140 125 4
75282 529 75267 6 15 9 2
75378 3365 75303 23 75 52 2
75520 2276 24862 50 50658 50608 4
75590 3578 25061 41 50529 50488 3
75640 3384 25230 51 50410 50359 5
75657 518 75603 28 54 26 13
75939 4490 25341 32 50598 50566 1
77242 3209 25912 60 51330 51270 1
77625 1988 77600 4 25 21 16
77918 598 77817 22 101 79 1
77938 4994 77853 16 85 69 3
78557 3567 78511 23 46 23 4
78811 2400 26747 32 52064 52032 3
78895 4287 78868 11 27 16 0
79083 3906 79005 15 78 63 3
79292 1504 26870 50 52422 52372 4
79419 2326 26998 31 52421 52390 3
79440 3083 26913 93 52527 52434 1
79823 829 79790 11 33 22 9
80329 2283 80283 8 46 38 4
80878 2032 80780 25 98 73 7
81224 1867 27746 57 53478 53421 1
81461 3330 81416 25 45 20 0
81651 2168 27975 32 53676 53644 3
82133 3735 82102 13 31 18 3
82368 4244 82262 20 106 86 0
82437 1342 82328 25 109 84 6
82483 1781 82445 10 38 28 4
82526 476 82375 24 151 127 3
82708 2538 82619 27 89 62 4
83362 389 83109 18 253 235 1
83632 4133 83351 30 281 251 4
83746 1690 83714 14 32 18 1
84046 3857 84023 10 23 13 3
84693 913 84669 12 24 12 1
86492 2350 86490 1 2 1 1
86508 870 86444 30 64 34 13
86664 4409 86648 4 16 12 0
87222 1565 87141 16 81 65 3
87224 4526 87165 15 59 44 5
87967 594 87956 1 11 10 10
89110 2421 89056 24 54 30 0
89137 3060 89104 8 33 25 0
89182 2278 89129 26 53 27 3
89192 256 29750 31 59442 59411 2
89322 2732 29863 46 59459 59413 5
89433 3803 89402 17 31 14 0
89570 4187 29970 54 59600 59546 3
89933 4286 89881 15 52 37 6
90178 2974 90109 20 69 49 10
90296 3228 30206 133 60090 59957 6
90819 1540 30582 95 60237 60142 7
91158 1508 91143 3 15 12 5
91190 1669 91136 19 54 35 1
91211 3870 30700 33 60511 60478 7
91362 976 30892 34 60470 60436 3
91500 2575 91476 11 24 13 1
91531 1167 91397 26 134 108 3
91705 4206 91572 30 133 103 2
91756 1635 91752 1 4 3 3
91966 1426 91909 20 57 37 4
91987 4674 31072 50 60915 60865 4
92374 4600 92363 1 11 10 10
92817 4707 92719 58 98 40 5
92828 358 92666 140 162 22 0
92982 1352 31433 36 61549 61513 12
93707 48 93374 29 333 304 2
93856 336 93688 26 168 142 1
93989 777 31513 42 62476 62434 5
94061 707 93939 88 122 34 2
94166 3181 94130 13 36 23 1
95287 629 31880 40 63407 63367 7
95382 4379 95323 20 59 39 6
96063 4644 32215 56 63848 63792 5
96695 4001 96635 18 60 42 6
97378 4522 32523 51 64855 64804 5
97871 2468 97764 21 107 86 2
97910 2569 97806 20 104 84 1
98074 3333 98070 1 4 3 3
98193 3171 98077 22 116 94 7
98813 4159 32920 45 65893 65848 4
98852 145 98791 27 61 34 4
98955 4692 98908 21 47 26 2
99139 1328 33004 112 66135 66023 1
99472 1815 99410 10 62 52 2
99491 1784 99366 17 125 108 32
99718 1911 99656 13 62 49 4
99914 3429 99886 10 28 18 1
