143 4176 40 101 103 2 0
148 1479 145 3 3 0 0
321 4753 278 29 43 14 1
364 4207 126 165 238 73 0
460 763 319 59 141 82 1
662 4959 187 157 475 318 2
702 3260 657 20 45 25 5
745 4827 583 96 162 66 4
910 3109 748 73 162 89 5
917 4352 777 57 140 83 2
952 3061 795 54 157 103 4
992 2037 240 96 752 656 1
1031 1959 271 95 760 665 2
1059 2812 170 193 889 696 0
1084 4689 234 127 850 723 0
1381 4976 400 83 981 898 8
1432 3775 1358 38 74 36 1
1470 1686 529 90 941 851 6
1544 3573 621 74 923 849 3
1730 4512 1687 21 43 22 0
1809 3721 1793 6 16 10 7
1881 1846 1743 59 138 79 0
1905 4185 657 73 1248 1175 2
1912 4910 1801 49 111 62 1
1998 1725 736 147 1262 1115 1
2163 3692 2081 42 82 40 1
2173 110 200 177 1973 1796 9
2224 4436 896 178 1328 1150 2
2247 512 981 186 1266 1080 4
2248 100 1101 67 1147 1080 0
2437 169 1224 132 1213 1081 0
2489 977 1279 143 1210 1067 3
2508 4372 67 276 2441 2165 0
2575 1430 166 246 2409 2163 0
2616 2366 1411 69 1205 1136 10
2642 2529 2596 27 46 19 1
2675 2051 131 343 2544 2201 0
2722 4254 2695 12 27 15 9
2817 98 2738 45 79 34 2
3045 3445 1656 158 1389 1231 4
3073 1963 1728 95 1345 1250 3
3178 106 3092 37 86 49 5
3183 2079 3156 7 27 20 4
3263 4457 3107 43 156 113 1
3349 2848 3178 145 171 26 1
3381 1965 3377 1 4 3 3
3391 2576 3349 15 42 27 4
3492 3605 3442 22 50 28 0
3578 861 3552 16 26 10 0
3603 2155 3570 7 33 26 3
3644 549 3467 61 177 116 0
3670 2595 3587 39 83 44 4
3684 4446 3654 18 30 12 4
3772 1163 3666 68 106 38 4
3893 2599 3842 23 51 28 2
3899 1337 3818 49 81 32 2
3984 677 3885 50 99 49 4
4037 1345 828 185 3209 3024 4
4139 4123 285 230 3854 3624 0
4240 967 4167 48 73 25 5
4420 4776 4378 15 42 27 1
4449 2165 4318 57 131 74 1
4524 3447 4411 61 113 52 5
4585 4391 1080 204 3505 3301 5
4699 295 4559 62 140 78 8
4711 3777 4686 14 25 11 1
4768 1612 4725 27 43 16 2
4830 1017 4743 34 87 53 3
5369 1313 2300 66 3069 3003 0
5382 2578 2249 139 3133 2994 0
5460 1361 1120 291 4340 4049 0
5504 3280 2352 130 3152 3022 0
5626 1706 5605 8 21 13 6
5864 4751 5704 35 160 125 1
6262 1947 6150 61 112 51 2
6400 1333 6302 61 98 37 8
6725 1088 6667 28 58 30 17
6752 646 2881 70 3871 3801 0
6834 3689 1502 235 5332 5097 8
6905 456 6835 53 70 17 0
7024 1674 1697 167 5327 5160 0
7036 2851 2976 156 4060 3904 0
7065 802 2996 186 4069 3883 3
7071 1295 1774 166 5297 5131 5
7233 2689 7144 60 89 29 3
7282 1051 3277 169 4005 3836 11
7495 4461 3343 115 4152 4037 7
7524 232 7497 17 27 10 2
7584 1909 3456 82 4128 4046 0
7917 4291 7748 62 169 107 1
7923 724 7722 88 201 113 8
7997 2556 7974 7 23 16 5
8028 746 7932 76 96 20 2
8248 3560 3485 162 4763 4601 0
8271 4279 3593 74 4678 4604 1
8465 2411 8439 9 26 17 3
8474 422 8466 4 8 4 0
8489 2176 701 251 7788 7537 2
8554 4868 1883 281 6671 6390 1
8624 2589 8575 32 49 17 5
8701 3693 3786 287 4915 4628 1
8760 4093 8702 34 58 24 0
8918 3841 4053 57 4865 4808 6
8938 1285 8832 80 106 26 4
8979 1431 8974 4 5 1 0
9215 1771 9121 40 94 54 9
9233 2977 9149 52 84 32 3
9316 1728 9281 7 35 28 7
9337 3872 2074 107 7263 7156 0
9342 572 3996 148 5346 5198 0
9683 4561 1043 221 8640 8419 4
9802 1442 4256 155 5546 5391 5
10105 887 10068 16 37 21 6
10147 424 10115 14 32 18 4
10152 3706 10030 106 122 16 0
10444 53 4728 162 5716 5554 2
10622 3342 4935 87 5687 5600 0
10678 2329 1122 307 9556 9249 0
10724 1950 10696 24 28 4 1
10755 491 5034 119 5721 5602 4
10819 69 5021 216 5798 5582 3
10857 2911 10789 47 68 21 4
10864 4701 10799 34 65 31 0
10871 4338 5139 104 5732 5628 0
11099 905 11072 12 27 15 7
11365 2915 11276 59 89 30 0
11371 2479 11341 11 30 19 13
11420 3286 5399 72 6021 5949 1
11497 4618 11486 3 11 8 2
11499 515 11466 7 33 26 5
11500 1586 2370 186 9130 8944 2
11511 50 11437 50 74 24 1
11541 95 11523 7 18 11 3
11545 4405 2445 130 9100 8970 4
11572 904 2391 215 9181 8966 2
11663 2435 11572 57 91 34 1
11719 589 5688 84 6031 5947 6
12027 2570 5709 192 6318 6126 2
12040 2292 5864 100 6176 6076 3
12083 630 5895 89 6188 6099 6
12151 90 21 503 12130 11627 0
12217 4396 12207 3 10 7 5
12263 3356 12179 42 84 42 1
12345 2236 12336 5 9 4 1
12354 2333 12241 36 113 77 10
12435 1709 463 327 11972 11645 4
12526 3613 6064 100 6462 6362 1
12641 4060 6099 132 6542 6410 1
12656 1684 6166 103 6490 6387 3
12966 973 12894 41 72 31 1
12987 2804 6409 71 6578 6507 1
13000 4626 12880 90 120 30 0
13012 4426 12964 25 48 23 1
13106 3456 1546 340 11560 11220 4
13262 2272 13234 13 28 15 1
13288 3951 13241 26 47 21 6
13348 1248 13218 46 130 84 1
13371 4106 13281 32 90 58 8
13452 3754 13389 25 63 38 2
13491 79 13452 27 39 12 1
13707 437 6493 92 7214 7122 6
13798 634 6543 81 7255 7174 2
13827 3190 6496 182 7331 7149 6
13877 1890 642 280 13235 12955 0
14004 3922 13971 18 33 15 0
14009 2592 13956 26 53 27 3
14192 4579 14055 45 137 92 5
14459 2317 14256 136 203 67 7
14491 3125 14452 9 39 30 8
14584 2647 1555 370 13029 12659 3
14758 3731 6780 199 7978 7779 0
14886 3571 2934 204 11952 11748 0
15002 3035 14942 41 60 19 0
15054 2194 14957 61 97 36 2
15182 367 3205 202 11977 11775 1
15280 2080 1729 246 13551 13305 4
15302 505 15247 25 55 30 3
15455 3583 15433 12 22 10 5
15531 4006 15521 6 10 4 2
15612 1606 15606 1 6 5 5
15674 415 15433 60 241 181 4
15696 2763 15387 129 309 180 4
15717 2085 15589 37 128 91 1
15811 1790 3185 183 12626 12443 1
15823 3047 3191 234 12632 12398 0
15939 872 7213 66 8726 8660 0
15939 1934 15892 19 47 28 1
15982 3433 15972 3 10 7 1
16017 2351 3265 289 12752 12463 20
16029 2212 7259 107 8770 8663 8
16066 2999 7286 94 8780 8686 3
16293 4930 16181 62 112 50 5
16414 2434 7495 163 8919 8756 1
16444 2082 16369 15 75 60 4
16493 4269 16366 59 127 68 1
16739 536 16626 59 113 54 2
16782 4867 16643 54 139 85 2
16842 4058 16818 9 24 15 4
16877 3641 7630 86 9247 9161 1
16912 3234 7686 125 9226 9101 9
16996 293 16835 136 161 25 1
17178 4222 17077 34 101 67 4
17195 4792 17143 34 52 18 3
17318 2422 17282 14 36 22 0
17375 1217 8042 67 9333 9266 3
17387 2590 8054 65 9333 9268 8
17399 1608 8080 69 9319 9250 0
17457 3828 17373 45 84 39 0
17498 4055 17406 59 92 33 3
17499 4182 8102 80 9397 9317 5
17544 1343 8127 110 9417 9307 7
17573 3119 3487 210 14086 13876 0
17653 3446 17554 37 99 62 3
17653 3994 8228 137 9425 9288 17
17714 3979 8353 72 9361 9289 11
17725 3898 8298 109 9427 9318 7
17768 3535 8377 87 9391 9304 8
17811 674 17743 28 68 40 12
18027 3344 1874 271 16153 15882 7
18095 3389 17897 75 198 123 3
18148 1389 18028 48 120 72 5
18178 2437 1911 277 16267 15990 0
18219 3069 698 419 17521 17102 5
18366 455 18325 9 41 32 0
18445 874 1906 352 16539 16187 0
18598 2531 18483 60 115 55 3
18706 2957 18655 22 51 29 3
18892 3502 18859 13 33 20 6
18934 622 18880 18 54 36 2
18972 1482 18589 143 383 240 5
19243 1645 18834 49 409 360 0
19283 582 18913 32 370 338 0
19588 3055 19180 157 408 251 6
19804 3276 19739 40 65 25 2
19904 1522 19896 4 8 4 0
20190 762 8923 66 11267 11201 16
20222 740 20135 61 87 26 1
20251 4425 20205 25 46 21 5
20289 4705 8940 97 11349 11252 8
20472 3201 881 447 19591 19144 2
20569 1271 20476 33 93 60 0
20627 1458 20590 15 37 22 4
20770 1467 20634 54 136 82 4
20823 2922 874 260 19949 19689 2
20842 3348 20790 29 52 23 14
20893 2558 9177 100 11716 11616 0
20935 3974 9243 92 11692 11600 5
20937 27 20906 8 31 23 5
20939 1970 20844 58 95 37 8
21057 1537 9253 173 11804 11631 0
21077 2566 9301 109 11776 11667 3
21158 4911 21035 76 123 47 12
21166 519 9373 76 11793 11717 3
21227 2843 9401 68 11826 11758 0
21277 1290 21235 21 42 21 10
21400 700 21305 60 95 35 2
21537 2754 21437 58 100 42 0
21563 3861 21519 19 44 25 7
21571 3322 21454 83 117 34 0
21826 2602 2112 358 19714 19356 3
21996 1096 4198 174 17798 17624 2
22004 2932 4311 156 17693 17537 0
22097 2418 4374 186 17723 17537 2
22122 3117 22064 29 58 29 0
22186 938 22073 46 113 67 4
22241 182 4392 197 17849 17652 4
22260 4891 9829 127 12431 12304 6
22349 1122 9876 63 12473 12410 2
22383 3513 9932 83 12451 12368 4
22418 4551 9828 220 12590 12370 4
22483 2579 22277 138 206 68 2
22547 1889 4347 257 18200 17943 1
22917 4097 4582 198 18335 18137 5
23009 1100 22981 13 28 15 2
23023 3894 22953 39 70 31 2
23406 3519 10330 88 13076 12988 3
23426 2295 10267 146 13159 13013 0
23465 828 4848 130 18617 18487 1
23587 2892 4773 207 18814 18607 11
23621 2830 23486 114 135 21 2
23639 3965 1206 252 22433 22181 1
23684 96 4785 273 18899 18626 2
23687 1074 1086 352 22601 22249 2
23799 1272 23679 53 120 67 2
23936 22 4855 263 19081 18818 0
24142 2318 10662 108 13480 13372 7
24153 4834 24081 34 72 38 2
24355 3887 10663 90 13692 13602 7
24416 3624 24382 12 34 22 2
24499 1899 5098 282 19401 19119 2
24652 1485 24600 18 52 34 3
24722 3819 24606 49 116 67 1
24832 3231 24721 40 111 71 5
24935 2955 24906 17 29 12 2
24959 2276 24862 50 97 47 3
25059 4337 5139 206 19920 19714 3
25062 2966 10831 192 14231 14039 0
25117 3578 25061 41 56 15 2
25172 1829 10929 209 14243 14034 1
25204 1925 5267 121 19937 19816 9
25233 2116 5236 167 19997 19830 5
25300 2995 25235 30 65 35 2
25332 3384 25230 51 102 51 4
25406 4490 25341 32 65 33 6
25557 4326 11304 97 14253 14156 3
25603 1425 2277 272 23326 23054 2
25758 1324 2400 245 23358 23113 12
25858 3239 1265 398 24593 24195 0
25931 4485 25893 12 38 26 1
25963 2387 25903 30 60 30 3
26023 3209 25912 60 111 51 2
26105 2738 26077 12 28 16 2
26233 4004 5495 231 20738 20507 1
26520 1230 26475 21 45 24 5
26566 3494 11678 87 14888 14801 9
26591 3785 11701 79 14890 14811 5
26672 2261 26633 19 39 20 5
26756 3678 11789 123 14967 14844 4
26798 2400 26747 32 51 19 1
26985 1504 26870 50 115 65 0
27043 3083 26913 93 130 37 0
27067 2326 26998 31 69 38 4
27085 987 5682 167 21403 21236 10
27100 4830 27092 2 8 6 6
27191 3862 27156 19 35 16 3
27210 469 11837 200 15373 15173 0
27561 821 5793 216 21768 21552 1
27688 540 12152 63 15536 15473 0
27723 2345 311 352 27412 27060 3
27869 1867 27746 57 123 66 11
28023 2168 27975 32 48 16 1
28101 427 12302 190 15799 15609 0
28217 4989 6028 199 22189 21990 0
28383 2661 6166 143 22217 22074 0
28401 2898 12476 191 15925 15734 6
28431 2695 6082 227 22349 22122 0
28448 3728 28417 10 31 21 2
28546 475 28507 8 39 31 3
28575 1133 563 340 28012 27672 4
28638 2035 28619 6 19 13 3
28678 280 12720 77 15958 15881 5
28710 4245 12752 97 15958 15861 1
29086 1185 12685 166 16401 16235 0
29223 4043 547 373 28676 28303 0
29228 348 402 478 28826 28348 9
29324 3603 12778 163 16546 16383 0
29441 2969 532 430 28909 28479 4
29530 2448 6391 207 23139 22932 2
29557 1182 29519 9 38 29 12
29561 2939 29551 5 10 5 2
29589 3236 29527 30 62 32 10
29653 4786 29614 23 39 16 1
29818 3864 29784 18 34 16 2
29953 256 29750 31 203 172 1
30030 2732 29863 46 167 121 1
30113 4187 29970 54 143 89 1
30310 3414 30281 7 29 22 11
30390 3228 30206 133 184 51 8
30449 3599 13316 88 17133 17045 5
30472 3243 13204 196 17268 17072 1
30496 399 30479 10 17 7 1
30516 3022 13429 161 17087 16926 11
30536 4253 13373 188 17163 16975 3
30713 1610 30704 4 9 5 0
30731 1540 30582 95 149 54 3
30769 3870 30700 33 69 36 3
30783 1603 30778 1 5 4 4
30955 976 30892 34 63 29 1
31091 43 13760 127 17331 17204 3
31182 4674 31072 50 110 60 4
31359 1918 13862 65 17497 17432 0
31505 1352 31433 36 72 36 2
31582 777 31513 42 69 27 1
31751 751 31732 11 19 8 5
31898 66 14221 98 17677 17579 1
31954 4233 31915 16 39 23 3
31985 629 31880 40 105 65 6
32090 1053 14234 122 17856 17734 8
32096 4509 14298 67 17798 17731 0
32105 3561 6672 135 25433 25298 15
32105 4134 655 323 31450 31127 1
32128 2991 14349 86 17779 17693 1
32146 2511 14287 169 17859 17690 8
32217 4108 32160 28 57 29 10
32282 3222 14373 205 17909 17704 6
32309 4644 32215 56 94 38 3
32322 4616 2900 248 29422 29174 1
32330 3207 6739 205 25591 25386 2
32372 694 14611 100 17761 17661 3
32377 4434 14615 86 17762 17676 2
32403 1173 1602 423 30801 30378 6
32470 4806 14585 166 17885 17719 0
32586 3271 14760 81 17826 17745 0
32610 4522 32523 51 87 36 6
32722 3160 32685 23 37 14 0
32996 4159 32920 45 76 31 3
33066 3068 15093 76 17973 17897 4
33135 1328 33004 112 131 19 2
33369 865 33367 1 2 1 1
33460 2436 15263 165 18197 18032 3
33545 3542 15385 115 18160 18045 3
33760 4327 15398 175 18362 18187 2
34065 3036 33997 53 68 15 1
34093 4857 15594 213 18499 18286 0
34164 1820 3214 325 30950 30625 0
34233 3354 15876 88 18357 18269 3
34347 4430 7259 171 27088 26917 6
34372 2332 7176 265 27196 26931 2
34463 2357 16090 97 18373 18276 0
34482 4961 16066 127 18416 18289 1
34494 4397 16037 147 18457 18310 2
34515 2816 7367 126 27148 27022 1
34916 279 34880 15 36 21 7
34952 4820 16354 87 18598 18511 3
34979 4257 7370 401 27609 27208 1
35053 3716 16318 160 18735 18575 0
35068 2428 16385 188 18683 18495 2
35194 2024 35104 37 90 53 4
35300 3983 3383 385 31917 31532 6
35354 1637 16546 95 18808 18713 9
35490 2087 16643 125 18847 18722 5
35519 458 16677 129 18842 18713 3
35647 4313 16788 97 18859 18762 7
35699 2996 7705 123 27994 27871 4
35703 3654 35643 39 60 21 1
35730 3372 35645 56 85 29 0
35774 998 7724 194 28050 27856 9
36048 3173 17056 84 18992 18908 3
36302 1187 36263 16 39 23 7
36339 3883 36250 59 89 30 0
36358 917 17131 119 19227 19108 3
36567 4240 36380 61 187 126 0
36830 2066 3499 179 33331 33152 6
36979 222 8163 155 28816 28661 1
37008 4902 17421 200 19587 19387 0
37110 1928 37085 10 25 15 1
37229 1161 37050 41 179 138 2
37345 3172 37309 23 36 13 2
37347 4221 37103 55 244 189 0
37495 1813 17551 83 19944 19861 3
37597 2643 37564 11 33 22 6
37656 350 37581 59 75 16 0
37683 4771 1926 262 35757 35495 2
37779 1266 37653 39 126 87 3
37849 3268 37722 57 127 70 0
37854 2284 37844 6 10 4 0
37857 4073 37731 32 126 94 1
37882 3923 37717 95 165 70 0
37909 0 37829 56 80 24 7
37922 569 37812 78 110 32 7
37964 1004 17813 79 20151 20072 4
38030 4573 17784 154 20246 20092 5
38383 756 38238 103 145 42 0
38480 18 38439 7 41 34 1
38554 4884 38406 42 148 106 7
38618 3184 38448 32 170 138 0
38660 4796 38527 70 133 63 0
38882 1156 38828 30 54 24 11
39132 3217 39055 38 77 39 6
39486 2297 39386 44 100 56 5
39674 1477 39565 62 109 47 8
39677 4132 39478 155 199 44 6
39728 1888 39654 35 74 39 6
39747 754 18552 114 21195 21081 8
39815 3314 39730 62 85 23 0
39986 4192 18587 89 21399 21310 1
40041 4679 18611 85 21430 21345 1
40199 4923 40131 38 68 30 1
40201 4931 18769 86 21432 21346 1
40205 4963 18803 65 21402 21337 3
40309 2895 40239 43 70 27 0
40341 576 19016 93 21325 21232 7
40343 2709 19070 68 21273 21205 3
40467 898 40293 142 174 32 0
40586 2065 40522 48 64 16 6
40606 1015 40588 11 18 7 0
40707 3858 40693 8 14 6 0
40757 1001 19278 64 21479 21415 1
40812 4874 19368 81 21444 21363 0
40865 2313 40805 35 60 25 2
40915 4329 40891 10 24 14 3
41040 4654 19470 174 21570 21396 2
41117 1546 19593 97 21524 21427 0
41169 335 41123 26 46 20 3
41205 2770 41129 35 76 41 3
41299 4320 19746 86 21553 21467 1
41342 1556 19768 100 21574 21474 1
41390 1126 8782 122 32608 32486 14
41395 3363 41326 46 69 23 12
41438 4912 726 531 40712 40181 8
41515 3941 3821 384 37694 37310 1
41590 2102 41513 45 77 32 2
41659 2439 41620 20 39 19 2
41663 463 41654 5 9 4 1
41758 4419 19877 138 21881 21743 14
41796 3846 19950 82 21846 21764 10
41907 19 41880 7 27 20 4
41993 4604 41984 5 9 4 0
42039 4321 42015 10 24 14 5
42051 2953 42008 23 43 20 10
42155 1907 702 538 41453 40915 3
42266 2390 20126 101 22140 22039 7
42273 2982 20149 113 22124 22011 5
42361 141 8994 175 33367 33192 0
42423 1284 9040 200 33383 33183 1
42485 1198 9030 193 33455 33262 2
42496 4031 20365 96 22131 22035 3
42565 4076 20371 141 22194 22053 0
42572 3079 20321 189 22251 22062 3
42641 4558 20484 71 22157 22086 0
42669 3439 20487 85 22182 22097 0
42790 391 42591 140 199 59 5
42798 2673 42734 40 64 24 7
42834 654 20662 69 22172 22103 5
42848 2789 42832 6 16 10 3
42850 3360 20633 95 22217 22122 4
43174 2544 43128 16 46 30 0
43178 2960 43111 33 67 34 14
43396 2109 43295 45 101 56 6
43513 4009 43316 57 197 140 5
43522 4116 43510 4 12 8 4
43536 2181 43515 10 21 11 2
43555 611 43396 58 159 101 0
43637 1474 43466 71 171 100 2
43646 216 43597 22 49 27 6
43793 2759 3962 286 39831 39545 1
43798 3920 9132 353 34666 34313 1
43835 1940 43746 46 89 43 0
43977 1307 4062 285 39915 39630 0
44074 4665 21155 87 22919 22832 4
44162 1891 21190 170 22972 22802 1
44367 4018 9456 167 34911 34744 0
44411 4186 21257 203 23154 22951 1
44530 3850 44467 26 63 37 1
44628 2480 21658 109 22970 22861 8
44726 1632 44724 1 2 1 1
44758 3725 9655 188 35103 34915 1
44971 3697 44922 33 49 16 7
45047 354 4143 230 40904 40674 1
45118 3957 21868 85 23250 23165 1
45167 2603 4343 216 40824 40608 2
45177 3526 45161 5 16 11 7
45253 1002 4335 283 40918 40635 0
45440 1975 22033 91 23407 23316 8
45476 1503 45435 22 41 19 4
45512 1449 22006 128 23506 23378 2
45551 2253 22131 84 23420 23336 3
45606 1917 22143 182 23463 23281 1
45694 4826 22262 78 23432 23354 0
45857 2263 45798 26 59 33 13
45920 2677 9888 223 36032 35809 4
46080 1071 22570 71 23510 23439 1
46102 2749 22518 150 23584 23434 11
46126 3087 46048 51 78 27 5
46226 2887 10037 223 36189 35966 0
46549 2764 46391 47 158 111 5
46589 2280 46547 29 42 13 3
46949 2229 22786 77 24163 24086 5
47007 2810 46982 11 25 14 1
47077 3917 22941 68 24136 24068 3
47185 2373 22951 127 24234 24107 3
47320 1562 47281 27 39 12 2
47404 3795 47287 35 117 82 2
47598 2047 47420 44 178 134 1
47640 4025 47601 20 39 19 1
47695 4622 47478 96 217 121 1
47727 2656 47703 9 24 15 9
47791 1707 23098 44 24693 24649 0
47847 1825 47840 3 7 4 0
47963 573 47888 57 75 18 0
48015 1190 47833 91 182 91 0
48052 4117 47938 39 114 75 0
48539 274 10244 149 38295 38146 1
48560 1968 23337 105 25223 25118 8
48637 3323 48609 4 28 24 20
48647 2213 10324 192 38323 38131 1
48816 93 48622 127 194 67 8
48841 390 48751 43 90 47 2
48936 2167 48815 49 121 72 2
48976 4243 48894 36 82 46 2
49088 3774 4698 321 44390 44069 2
49141 253 49102 15 39 24 1
49203 3953 49158 32 45 13 7
49265 2858 49252 7 13 6 1
49306 2638 49202 36 104 68 2
49802 3128 49724 52 78 26 1
49821 699 10344 340 39477 39137 0
49867 581 23600 202 26267 26065 4
49958 4183 49880 33 78 45 2
50091 60 10596 140 39495 39355 5
50129 3525 1116 387 49013 48626 3
50239 2571 50126 55 113 58 0
50479 2632 50436 30 43 13 3
50577 1860 50437 100 140 40 4
50594 3989 50560 21 34 13 3
50640 4784 50585 28 55 27 2
50811 1715 24181 200 26630 26430 1
51027 4282 51007 10 20 10 5
51069 3349 1236 294 49833 49539 0
51276 2444 51221 34 55 21 7
51293 2475 51229 38 64 26 2
51308 3040 24436 93 26872 26779 2
51354 2710 10819 159 40535 40376 1
51362 2557 10763 221 40599 40378 6
51365 812 24604 71 26761 26690 0
51539 533 24762 91 26777 26686 7
51650 1665 24858 83 26792 26709 4
51728 4285 51640 62 88 26 4
51813 2704 51765 16 48 32 10
51843 4982 51745 38 98 60 1
51848 3698 51759 34 89 55 10
51954 4039 5065 395 46889 46494 2
52038 936 25064 110 26974 26864 0
52047 2001 11029 122 41018 40896 4
52393 385 52357 25 36 11 0
52413 1078 52310 74 103 29 0
52461 1142 1144 466 51317 50851 0
52484 4518 52400 49 84 35 0
52688 4549 25351 67 27337 27270 3
52844 3726 52842 1 2 1 1
52928 4063 11253 258 41675 41417 0
52951 4414 25482 182 27469 27287 0
53078 319 419 414 52659 52245 0
53117 2023 25687 81 27430 27349 0
53127 2025 25740 69 27387 27318 2
53236 1656 25773 72 27463 27391 1
53261 3106 25753 131 27508 27377 1
53492 3406 53361 44 131 87 3
53604 1226 25987 97 27617 27520 1
53778 4340 25990 142 27788 27646 1
53811 3516 53735 44 76 32 2
53821 373 53802 11 19 8 2
53980 1237 53889 34 91 57 9
54051 2633 53927 38 124 86 2
54054 1108 54036 8 18 10 1
54148 2111 54135 5 13 8 2
54173 3482 26187 86 27986 27900 6
54213 1726 26185 178 28028 27850 6
54258 3966 54165 85 93 8 4
54267 781 54197 32 70 38 20
54407 3830 26302 89 28105 28016 7
54514 704 54445 34 69 35 2
54697 2823 54689 3 8 5 3
54723 3122 54672 21 51 30 6
55034 2684 54976 26 58 32 6
55182 3422 55138 18 44 26 5
55278 2488 11749 200 43529 43329 5
55384 2808 55294 39 90 51 2
55665 3031 26929 94 28736 28642 3
55761 4417 5677 238 50084 49846 9
55869 2735 5744 311 50125 49814 0
55878 4722 55817 32 61 29 11
55918 4893 5766 201 50152 49951 1
55929 4848 55888 19 41 22 3
55977 3155 55879 39 98 59 0
56157 1770 55995 39 162 123 1
56354 84 56266 61 88 27 2
56384 1869 5863 265 50521 50256 2
56554 4941 56460 52 94 42 10
56561 3768 27360 105 29201 29096 8
56646 2474 56469 137 177 40 4
56656 4697 12134 141 44522 44381 7
56817 1499 12020 270 44797 44527 2
56830 3100 27566 81 29264 29183 3
56872 3840 27655 89 29217 29128 0
57030 814 56900 59 130 71 0
57125 1064 57038 75 87 12 5
57165 4686 27805 128 29360 29232 0
57168 2281 27849 89 29319 29230 11
57491 4166 57367 52 124 72 1
57644 1880 57574 39 70 31 2
57817 59 57791 9 26 17 7
57958 35 57851 58 107 49 3
58024 2298 2506 381 55518 55137 3
58034 2515 27978 192 30056 29864 4
58066 2628 57932 83 134 51 8
58251 270 58157 33 94 61 1
58275 1831 28158 83 30117 30034 3
58301 3281 58212 51 89 38 14
58460 3893 58303 49 157 108 5
58480 91 58354 40 126 86 1
58497 3972 58367 45 130 85 8
58591 2945 58476 103 115 12 5
58619 103 28102 173 30517 30344 0
58906 832 58837 34 69 35 2
58967 2792 58733 176 234 58 2
58977 2512 58907 34 70 36 0
59070 1436 440 424 58630 58206 0
59070 1224 28262 149 30808 30659 3
59102 4760 59005 39 97 58 5
59178 681 28409 75 30769 30694 2
59457 3492 12651 304 46806 46502 0
59492 314 28400 291 31092 30801 8
59509 4443 28556 132 30953 30821 3
59538 416 2606 235 56932 56697 0
59570 2376 28705 71 30865 30794 4
59614 2639 28717 96 30897 30801 2
59616 1011 28721 91 30895 30804 1
59923 2243 59831 72 92 20 4
60042 3352 29079 96 30963 30867 8
60094 4466 60078 11 16 5 0
60199 4741 505 539 59694 59155 8
60254 4664 60112 57 142 85 0
60435 3137 60398 18 37 19 2
60517 4258 60487 13 30 17 5
60559 1506 60467 58 92 34 1
60620 1296 29309 175 31311 31136 5
60658 900 29424 97 31234 31137 2
60659 2424 29382 129 31277 31148 2
60747 3230 60726 10 21 11 5
61171 2874 61065 53 106 53 2
61251 4998 29752 98 31499 31401 2
61338 2721 61305 22 33 11 0
61434 1129 30020 64 31414 31350 0
61628 396 1500 427 60128 59701 7
61828 3871 30179 68 31649 31581 2
61965 2925 30225 127 31740 31613 4
62026 2744 61885 54 141 87 6
62194 1367 13116 247 49078 48831 0
62260 2264 62169 55 91 36 21
62272 3527 62262 4 10 6 2
62294 2442 13166 201 49128 48927 0
62295 1542 13126 310 49169 48859 0
62361 1024 62323 19 38 19 3
62399 3955 62311 40 88 48 4
62409 4064 62335 42 74 32 0
62466 680 62423 27 43 16 4
62555 1112 62492 28 63 35 1
62754 2360 13264 287 49490 49203 1
63015 4077 62983 18 32 14 7
63081 152 62993 44 88 44 0
63121 2716 30628 88 32493 32405 2
63189 496 63129 31 60 29 1
63266 2394 13600 137 49666 49529 14
63283 4007 13617 135 49666 49531 0
63358 1676 63320 9 38 29 9
63426 4219 30742 201 32684 32483 4
63509 4586 63507 1 2 1 1
63547 3313 63474 44 73 29 1
63547 2707 13504 229 50043 49814 1
63655 1670 6470 313 57185 56872 23
63716 4808 6355 409 57361 56952 4
63766 1165 13696 189 50070 49881 12
63823 1153 30969 100 32854 32754 2
63836 124 63778 27 58 31 1
63922 2989 13678 290 50244 49954 23
63946 2951 63890 23 56 33 1
64316 39 622 343 63694 63351 5
64321 1795 64222 56 99 43 2
64398 1180 31153 85 33245 33160 1
64443 4521 31151 138 33292 33154 0
64534 4147 31239 87 33295 33208 1
64553 3294 31231 124 33322 33198 1
64614 2178 13874 182 50740 50558 4
64758 3004 31423 96 33335 33239 3
64858 2207 64734 33 124 91 10
65120 3674 14034 176 51086 50910 13
65132 3635 65066 47 66 19 0
65172 1073 14061 229 51111 50882 0
65198 4384 31691 87 33507 33420 7
65337 272 65179 87 158 71 1
65537 4511 65366 57 171 114 5
65597 4896 14140 129 51457 51328 0
65710 1268 65642 33 68 35 8
65806 3441 65764 26 42 16 0
65865 1468 31816 98 34049 33951 1
65896 2615 65846 24 50 26 1
65909 3536 31763 179 34146 33967 3
66001 4435 31942 64 34059 33995 4
66010 2003 65970 26 40 14 0
66264 2039 66105 40 159 119 2
66293 3852 66150 45 143 98 0
66542 570 66423 82 119 37 11
66572 366 66464 59 108 49 4
66962 2304 66854 51 108 57 7
67115 837 67001 49 114 65 1
67151 850 67055 62 96 34 1
67189 1056 31954 159 35235 35076 1
67192 3194 14195 247 52997 52750 3
67207 1717 2832 267 64375 64108 3
67370 741 67285 39 85 46 0
67478 162 2833 321 64645 64324 5
67499 4801 67494 1 5 4 4
67658 609 67650 4 8 4 3
67863 1402 32365 133 35498 35365 11
67871 2172 32370 154 35501 35347 8
67903 4300 6850 329 61053 60724 1
67992 1410 67924 28 68 40 1
68008 3014 67979 15 29 14 0
68030 2067 67796 217 234 17 2
68133 930 14748 164 53385 53221 2
68184 628 68099 60 85 25 0
68324 4882 68274 29 50 21 0
68474 2728 14843 138 53631 53493 1
68501 2328 6824 367 61677 61310 0
68667 2175 6894 249 61773 61524 1
68803 3158 14875 270 53928 53658 8
68861 4003 15051 164 53810 53646 3
68893 2119 33034 93 35859 35766 0
68931 2205 68872 10 59 49 25
69037 2899 68972 38 65 27 1
69273 3497 33152 82 36121 36039 0
69301 4087 69286 7 15 8 1
69396 2938 69344 30 52 22 0
69397 3375 33175 178 36222 36044 3
69678 119 69631 27 47 20 5
69782 1312 69682 34 100 66 0
70201 28 15421 147 54780 54633 1
70333 3823 70307 9 26 17 6
70366 996 70325 28 41 13 2
70370 3393 70181 54 189 135 1
70507 3029 70466 18 41 23 2
70515 1003 70409 46 106 60 0
70601 2537 70545 16 56 40 6
70729 1409 70604 54 125 71 3
70903 4028 70873 16 30 14 2
70975 186 70860 57 115 58 3
71229 1079 71193 19 36 17 4
71240 1427 71203 28 37 9 0
71281 52 15513 200 55768 55568 0
71334 1061 15663 216 55671 55455 2
71354 4129 71301 28 53 25 10
71452 4574 33774 167 37678 37511 6
71481 3417 15654 229 55827 55598 4
71484 1140 15714 122 55770 55648 1
71498 2036 34001 75 37497 37422 0
71505 285 15620 241 55885 55644 0
71573 412 34031 131 37542 37411 9
71630 3094 71572 33 58 25 2
71704 341 3131 449 68573 68124 0
71729 2266 34162 74 37567 37493 3
71828 4612 71686 61 142 81 19
72079 4360 34319 81 37760 37679 7
72171 1206 72123 14 48 34 6
72267 4584 16113 192 56154 55962 6
72328 3049 72242 58 86 28 7
72568 2094 34576 78 37992 37914 7
72752 4981 72702 23 50 27 3
72760 3773 72638 80 122 42 3
72865 2733 72827 19 38 19 5
72925 1030 34686 95 38239 38144 9
72958 65 34734 92 38224 38132 9
73144 1317 72971 31 173 142 0
73216 4856 73096 42 120 78 8
73238 4831 7381 282 65857 65575 3
73372 2416 16419 208 56953 56745 4
73394 2250 3395 338 69999 69661 2
73405 1578 73359 24 46 22 14
73406 2355 16367 276 57039 56763 3
73469 842 35134 95 38335 38240 0
73699 502 73675 10 24 14 1
73760 2183 73748 5 12 7 0
73815 4496 16622 101 57193 57092 3
73872 1300 73829 29 43 14 0
73936 868 16663 212 57273 57061 2
73993 213 35504 97 38489 38392 19
74063 1006 74005 41 58 17 6
74363 3411 7628 199 66735 66536 0
74368 1200 7744 169 66624 66455 2
74597 459 74537 25 60 35 1
74838 894 74634 97 204 107 2
74868 353 74830 15 38 23 0
75028 1883 74943 33 85 52 6
75043 1807 74882 122 161 39 3
75050 1489 74978 36 72 36 7
75136 3090 75097 15 39 24 2
75239 3588 75144 54 95 41 3
75279 529 75267 6 12 6 2
75347 3365 75303 23 44 21 0
75378 3838 35868 93 39510 39417 2
75485 3227 16960 181 58525 58344 2
75540 3266 36064 68 39476 39408 2
75588 1255 36034 149 39554 39405 1
75641 3381 36175 69 39466 39397 2
75659 518 75603 28 56 28 16
75741 4510 75596 94 145 51 1
75754 3019 36181 117 39573 39456 7
75801 4422 36310 100 39491 39391 0
75803 1433 75690 93 113 20 0
75850 1341 36387 73 39463 39390 0
75944 1541 75861 46 83 37 0
75948 596 36429 97 39519 39422 0
75981 2288 36442 103 39539 39436 0
76045 848 36354 173 39691 39518 5
76309 3312 76111 148 198 50 4
76528 2740 76423 44 105 61 0
76535 2683 17201 164 59334 59170 4
76546 2323 7924 244 68622 68378 0
76584 830 7961 241 68623 68382 1
76905 3141 8061 212 68844 68632 2
76953 3423 8005 280 68948 68668 5
77180 15 17336 315 59844 59529 8
77295 4854 17527 164 59768 59604 5
77335 2773 77203 83 132 49 12
77344 2778 37041 66 40303 40237 3
77591 4878 37243 86 40348 40262 0
77609 1988 77600 4 9 5 2
77636 4671 37381 130 40255 40125 0
77670 4462 37366 157 40304 40147 4
77784 4142 17600 160 60184 60024 5
77848 598 77817 22 31 9 2
77882 4994 77853 16 29 13 5
77949 432 17596 213 60353 60140 6
77965 924 37475 114 40490 40376 0
78138 2849 78054 47 84 37 2
78146 1895 37586 84 40560 40476 3
78177 4556 37618 92 40559 40467 6
78187 2777 78060 90 127 37 2
78214 4019 3585 415 74629 74214 3
78224 1642 78001 188 223 35 3
78311 3747 717 404 77594 77190 5
78493 351 78413 55 80 25 6
78560 3567 78511 23 49 26 3
78560 663 78463 44 97 53 2
78582 3718 17787 123 60795 60672 5
78606 470 78521 53 85 32 5
78664 4986 17846 128 60818 60690 15
78867 440 38163 89 40704 40615 11
78890 4287 78868 11 22 11 0
79052 3906 79005 15 47 32 2
79118 3491 79024 33 94 61 4
79173 3594 750 430 78423 77993 5
79209 1640 79138 52 71 19 4
79245 4996 38222 196 41023 40827 2
79295 4821 38272 105 41023 40918 4
79304 460 79224 55 80 25 3
79438 3071 79353 58 85 27 7
79820 829 79790 11 30 19 9
79871 397 79728 43 143 100 4
79943 3092 79831 42 112 70 7
80000 3311 1965 380 78035 77655 3
80034 3326 38592 197 41442 41245 0
80302 1277 8510 221 71792 71571 29
80321 2283 80283 8 38 30 15
80399 3764 80307 57 92 35 2
80460 291 38861 93 41599 41506 5
80498 4412 38900 96 41598 41502 3
80531 604 38945 92 41586 41494 1
80672 1059 80577 78 95 17 1
80680 1543 80541 111 139 28 0
80717 192 18194 219 62523 62304 17
80821 2032 80780 25 41 16 8
80824 1005 80671 61 153 92 2
80865 3424 80696 105 169 64 1
81028 909 3832 500 77196 76696 0
81244 2811 39226 71 42018 41947 6
81258 2371 39251 78 42007 41929 1
81275 3860 39273 74 42002 41928 0
81316 3487 39320 92 41996 41904 0
81349 733 81248 50 101 51 0
81450 3330 81416 25 34 9 0
81465 2967 18331 153 63134 62981 13
81527 3717 8544 317 72983 72666 1
81585 847 81422 96 163 67 2
81692 1373 18477 239 63215 62976 1
81723 372 81660 42 63 21 0
81845 1615 81767 38 78 40 0
81933 2541 39478 134 42455 42321 9
82065 454 81962 44 103 59 1
82085 283 82003 39 82 43 4
82125 3735 82102 13 23 10 3
82184 3267 18546 151 63638 63487 2
82206 1823 39692 141 42514 42373 9
82303 4244 82262 20 41 21 2
82370 1342 82328 25 42 17 5
82373 1245 82247 39 126 87 5
82415 476 82375 24 40 16 1
82472 1781 82445 10 27 17 3
82503 2494 82372 34 131 97 1
82531 4945 82427 50 104 54 2
82659 2538 82619 27 40 13 2
82832 2552 82723 46 109 63 11
82973 627 18654 189 64319 64130 1
83014 3949 18749 144 64265 64121 2
83023 3995 82951 35 72 37 23
83159 389 83109 18 50 32 0
83201 4984 82953 101 248 147 24
83400 3391 83159 58 241 183 0
83417 4133 83351 30 66 36 1
83735 1690 83714 14 21 7 1
83834 990 83735 48 99 51 1
83865 1604 40106 109 43759 43650 12
84030 4508 83922 50 108 58 1
84042 3857 84023 10 19 9 4
84373 3195 84165 32 208 176 1
84437 4015 84175 102 262 160 3
84598 4440 18803 199 65795 65596 5
84646 3371 40256 76 44390 44314 8
84690 913 84669 12 21 9 2
84741 137 40319 103 44422 44319 6
84854 3980 19011 277 65843 65566 0
84973 4082 84874 70 99 29 5
85084 2815 40376 248 44708 44460 1
85087 3114 85001 49 86 37 18
85174 2249 40580 75 44594 44519 5
85300 2091 40702 65 44598 44533 3
85493 771 85428 48 65 17 0
85542 635 40802 154 44740 44586 2
85584 2338 85431 123 153 30 0
85934 375 85819 96 115 19 7
86226 1912 86150 34 76 42 1
86312 195 41134 148 45178 45030 1
86466 4448 86355 60 111 51 13
86491 2350 86490 1 1 0 0
86492 870 86444 30 48 18 8
86561 790 41238 97 45323 45226 1
86655 4409 86648 4 7 3 0
86674 486 41275 133 45399 45266 4
86876 4010 254 447 86622 86175 0
87046 4756 8681 418 78365 77947 0
87189 1565 87141 16 48 32 3
87194 4526 87165 15 29 14 2
87249 3252 41522 94 45727 45633 2
87257 3304 41551 91 45706 45615 0
87274 4819 41618 75 45656 45581 1
87392 4193 235 519 87157 86638 1
87426 3939 19899 210 67527 67317 0
87428 3789 87343 54 85 31 11
87482 2226 41744 137 45738 45601 5
87801 2539 87648 51 153 102 0
87890 895 87737 46 153 107 0
87961 594 87956 1 5 4 4
88095 2691 8815 248 79280 79032 3
88415 4066 88335 32 80 48 1
88481 4530 8862 356 79619 79263 0
89028 1881 20093 181 68935 68754 3
89104 2421 89056 24 48 24 8
89125 3060 89104 8 21 13 1
89149 1528 8872 250 80277 80027 0
89171 2278 89129 26 42 16 4
89232 3629 42285 68 46947 46879 0
89287 322 8938 306 80349 80043 7
89292 2994 42357 68 46935 46867 5
89304 2872 8956 269 80348 80079 0
89342 624 8995 252 80347 80095 2
89352 2040 89279 39 73 34 4
89437 3803 89402 17 35 18 2
89508 3116 89417 45 91 46 2
89569 2847 89483 59 86 27 1
89638 1581 42637 100 47001 46901 1
89822 4758 89714 45 108 63 1
89924 4286 89881 15 43 28 0
89925 1413 89839 54 86 32 1
89951 4153 42702 150 47249 47099 0
90018 2609 89748 233 270 37 1
90040 4914 20592 185 69448 69263 4
90150 2974 90109 20 41 21 4
90154 3707 90055 58 99 41 9
90245 2348 90169 53 76 23 3
90257 3341 42837 73 47420 47347 4
90307 4330 42877 91 47430 47339 4
90311 982 42874 111 47437 47326 4
90346 543 42908 160 47438 47278 3
90713 1441 90616 55 97 42 3
90812 1739 43214 71 47598 47527 0
90850 1724 9300 195 81550 81355 1
90859 813 9224 245 81635 81390 3
90988 3400 90918 44 70 26 1
91040 4593 90969 42 71 29 12
91117 899 9180 350 81937 81587 0
91153 1508 91143 3 10 7 3
91169 696 91108 40 61 21 8
91172 1669 91136 19 36 17 1
91358 605 43403 119 47955 47836 1
91439 1167 91397 26 42 16 0
91502 2575 91476 11 26 15 6
91637 4206 91572 30 65 35 2
91764 1635 91752 1 12 11 11
91802 1768 43455 177 48347 48170 0
91911 2936 91863 33 48 15 0
91914 2016 43659 66 48255 48189 0
91940 1426 91909 20 31 11 3
91987 1618 20819 305 71168 70863 3
92002 3241 269 495 91733 91238 1
92264 2152 92118 54 146 92 1
92364 4600 92363 1 1 0 0
92380 1782 92286 51 94 43 4
92400 4706 9398 201 83002 82801 1
92489 2801 44079 77 48410 48333 20
92648 4314 92557 50 91 41 1
92739 3058 9475 148 83264 83116 2
92809 4707 92719 58 90 32 0
92841 358 92666 140 175 35 8
92916 38 92834 37 82 45 7
93445 48 93374 29 71 42 12
93628 2151 93264 121 364 243 2
93729 336 93688 26 41 15 2
93818 4237 93697 57 121 64 1
93852 224 21331 195 72521 72326 1
93963 333 44489 63 49474 49411 6
93964 3265 9438 319 84526 84207 1
94002 2534 918 590 93084 92494 0
94030 211 21582 222 72448 72226 4
94048 707 93939 88 109 21 0
94078 2383 94018 37 60 23 9
94132 4217 9425 485 84707 84222 0
94157 3181 94130 13 27 14 0
94374 355 94235 34 139 105 1
94452 4832 94309 71 143 72 1
94482 251 1071 441 93411 92970 5
94522 2782 44594 63 49928 49865 3
94768 1910 94625 37 143 106 6
94797 1843 94629 52 168 116 5
94806 3570 94658 53 148 95 2
94872 174 21642 255 73230 72975 2
95098 4032 44672 174 50426 50252 0
95133 3149 44779 96 50354 50258 0
95222 2553 44814 154 50408 50254 3
95329 896 9590 288 85739 85451 0
95363 2545 45011 90 50352 50262 12
95365 4379 95323 20 42 22 7
95389 3508 21844 183 73545 73362 5
95446 1655 95371 39 75 36 0
95513 1037 44986 154 50527 50373 0
95518 4888 4269 303 91249 90946 0
95578 429 95504 45 74 29 10
95584 4366 95407 145 177 32 2
95763 3794 95709 34 54 20 10
95868 1036 95678 111 190 79 1
95878 2330 4302 353 91576 91223 8
95936 4444 95848 55 88 33 8
95940 2981 9706 349 86234 85885 2
95947 1145 45167 77 50780 50703 4
95963 3453 45065 206 50898 50692 1
96066 548 95979 60 87 27 3
96070 4021 9756 239 86314 86075 2
96075 1305 22039 116 74036 73920 3
96218 4768 96041 57 177 120 7
96661 4001 96635 18 26 8 1
97060 129 96895 47 165 118 2
97084 3162 97000 45 84 39 0
97151 63 45502 139 51649 51510 3
97333 2979 22233 174 75100 74926 4
97399 3719 22257 200 75142 74942 2
97402 4115 45598 163 51804 51641 4
97441 3072 97326 33 115 82 8
97669 3845 45670 109 51999 51890 5
97806 2468 97764 21 42 21 0
97849 2569 97806 20 43 23 1
97857 3080 97743 43 114 71 6
97882 2200 97740 63 142 79 6
97899 2209 97844 37 55 18 6
97922 2289 9887 251 88035 87784 2
98072 3333 98070 1 2 1 1
98132 3171 98077 22 55 33 4
98182 3229 98041 60 141 81 1
98232 3611 98127 46 105 59 0
98469 3026 98393 59 76 17 0
98493 3746 10053 258 88440 88182 1
98522 357 4459 292 94063 93771 2
98832 145 98791 27 41 14 4
98869 1363 22644 113 76225 76112 6
98942 4692 98908 21 34 13 0
98956 300 46161 66 52795 52729 1
98966 2310 22654 162 76312 76150 0
99160 4124 10107 231 89053 88822 9
99168 3711 99094 39 74 35 3
99428 1784 99366 17 62 45 13
99430 1815 99410 10 20 10 1
99683 1911 99656 13 27 14 0
99746 2071 99689 23 57 34 6
99796 1837 99585 32 211 179 0
99834 1315 99540 108 294 186 2
99915 3429 99886 10 29 19 11
