1398 5631 1371 6 27 21 3
3759 3683 3757 2 2 0 0
3953 1622 3856 6 97 91 10
4381 7355 4337 4 44 40 2
4479 5492 4468 3 11 8 2
5215 2734 5211 1 4 3 3
5572 2502 5556 6 16 10 3
6599 1165 6556 3 43 40 8
7382 4995 7314 3 68 65 3
8806 1529 2377 9 6429 6420 4
8865 9936 2469 11 6396 6385 1
9516 3767 9504 3 12 9 3
10911 5085 10868 5 43 38 4
15883 1526 15882 1 1 0 0
16429 4140 4127 14 12302 12288 1
18217 7603 4600 99 13617 13518 1
20248 3931 20228 4 20 16 5
20549 7389 20450 6 99 93 4
21280 5859 21261 4 19 15 5
21980 3914 21884 6 96 90 3
22060 2698 5284 12 16776 16764 5
22675 4771 22575 89 100 11 8
23040 838 5637 13 17403 17390 4
23382 886 5678 14 17704 17690 0
23536 2710 23534 1 2 1 1
23992 1779 23930 6 62 56 7
24310 3330 5900 14 18410 18396 9
24425 4753 24377 5 48 43 2
24573 8500 24554 3 19 16 0
26143 4336 26132 6 11 5 1
26703 7961 26679 4 24 20 7
29810 3959 29804 2 6 4 4
30837 7569 30833 2 4 2 2
32174 745 32172 1 2 1 1
32385 1179 32340 5 45 40 2
32819 5513 32768 3 51 48 5
32939 7049 32934 1 5 4 4
33043 8346 33022 3 21 18 1
34432 7621 34420 3 12 9 2
35219 839 35217 2 2 0 0
36589 3179 9168 11 27421 27410 3
36935 4328 9320 11 27615 27604 6
37066 3627 9392 10 27674 27664 1
38170 3791 38161 3 9 6 0
39183 3474 39109 3 74 71 4
39412 7031 9892 12 29520 29508 3
40218 1734 40209 3 9 6 0
40618 3893 40599 6 19 13 7
40767 424 40764 2 3 1 1
42035 4895 42033 1 2 1 1
42111 1962 42075 4 36 32 5
42475 1565 42448 5 27 22 0
42918 1149 42913 2 5 3 3
43525 6707 43499 4 26 22 2
44732 6203 11330 12 33402 33390 0
45414 9654 45391 5 23 18 5
45767 3516 11558 14 34209 34195 7
46197 2218 46192 1 5 4 4
48016 131 12144 9 35872 35863 2
48588 3618 48520 5 68 63 2
48648 3182 12196 8 36452 36444 2
48935 6012 12330 12 36605 36593 6
49118 2310 49011 6 107 101 11
49626 400 12544 7 37082 37075 5
49801 9322 49760 6 41 35 2
50021 2636 50020 1 1 0 0
50601 8672 50524 4 77 73 2
50668 4605 50662 1 6 5 5
50714 8249 50709 1 5 4 4
50923 7853 12837 9 38086 38077 3
50963 3695 50947 4 16 12 6
52695 5267 52550 5 145 140 1
53009 4919 53006 1 3 2 2
53679 202 13510 7 40169 40162 2
55334 8385 55328 2 6 4 4
57893 4643 57870 6 23 17 4
58111 9973 14312 12 43799 43787 3
58197 4650 14319 14 43878 43864 2
59364 480 14654 11 44710 44699 2
61502 8362 61496 1 6 5 5
62173 4805 62098 39 75 36 1
63667 7368 15424 10 48243 48233 0
63798 9373 63785 6 13 7 1
64103 3630 15545 14 48558 48544 4
65037 6872 65010 4 27 23 0
65379 1439 65376 2 3 1 1
66344 4415 66337 2 7 5 5
66503 3158 66497 2 6 4 4
66645 5074 66641 1 4 3 3
67283 7844 67224 6 59 53 7
67421 9102 67411 3 10 7 2
67653 728 16654 7 50999 50992 1
67799 6429 67764 6 35 29 2
70462 101 70453 2 9 7 7
71394 9509 71371 3 23 20 6
72096 2327 72069 6 27 21 4
72764 3459 17864 7 54900 54893 0
75729 6824 75707 6 22 16 3
76653 7624 18751 8 57902 57894 0
76694 8691 18821 7 57873 57866 10
76900 6326 18900 12 58000 57988 7
80310 8686 80296 2 14 12 12
81147 5351 81119 6 28 22 0
81655 2588 81640 4 15 11 7
82490 4028 82488 2 2 0 0
83092 5176 83055 5 37 32 0
83916 521 83769 3 147 144 2
84219 6021 84140 3 79 76 3
84543 8221 84539 2 4 2 2
86370 9567 86346 5 24 19 2
87779 7521 87757 6 22 16 7
88005 8956 21107 10 66898 66888 4
88083 5619 88044 6 39 33 5
88585 7258 21289 11 67296 67285 1
88592 3088 21300 12 67292 67280 2
89132 6817 89128 2 4 2 2
91946 5834 91942 1 4 3 3
92340 8188 92322 3 18 15 1
92904 485 92902 1 2 1 1
93514 1124 93508 1 6 5 5
94168 9871 94163 1 5 4 4
94688 3843 94685 2 3 1 1
95471 8739 95462 2 9 7 7
96083 6721 96064 3 19 16 2
97680 8790 23440 8 74240 74232 5
97890 2134 23505 11 74385 74374 2
99179 4949 99171 1 8 7 7
99686 6262 99668 3 18 15 1
