143 4176 40 101 103 2 0
165 1479 145 3 20 17 17
594 4753 278 29 316 287 108
740 4207 126 165 614 449 0
781 4689 234 127 547 420 58
1005 3260 657 20 348 328 328
1036 763 319 59 717 658 158
1456 2812 170 193 1286 1093 37
1529 4959 187 157 1342 1185 35
1735 2037 240 96 1495 1399 83
1864 1959 271 95 1593 1498 94
2553 3109 748 73 1805 1732 381
2592 4352 777 57 1815 1758 401
2599 3721 1793 6 806 800 800
2635 3061 795 54 1840 1786 394
2718 4976 400 83 2318 2235 166
2789 110 200 177 2589 2412 43
2818 4827 583 96 2235 2139 256
2833 3573 621 74 2212 2138 266
2837 3775 1358 38 1479 1441 614
3019 4185 657 73 2362 2289 324
3491 4512 1687 21 1804 1783 755
3610 1686 529 90 3081 2991 212
3759 4254 2695 12 1064 1052 1052
4390 2079 3156 7 1234 1227 1227
4539 100 1101 67 3438 3371 462
4695 2576 3349 15 1346 1331 1331
4718 1965 3377 1 1341 1340 1340
5024 861 3552 16 1472 1456 1456
5032 2155 3570 7 1462 1455 1455
5103 1846 1743 59 3360 3301 785
5128 4446 3654 18 1474 1456 1456
5138 2529 2596 27 2542 2515 1055
5158 4372 67 276 5091 4815 0
5168 4910 1801 49 3367 3318 812
5230 169 1224 132 4006 3874 583
5376 1345 828 185 4548 4363 387
5493 977 1279 143 4214 4071 625
5633 2366 1411 69 4222 4153 624
5708 3692 2081 42 3627 3585 860
5784 1430 166 246 5618 5372 21
5909 106 3092 37 2817 2780 1170
6111 4776 4378 15 1733 1718 1718
6261 2578 2249 139 4012 3873 905
6562 3777 4686 14 1876 1862 1862
6820 3605 3442 22 3378 3356 1394
6836 3445 1656 158 5180 5022 694
7056 1725 736 147 6320 6173 379
7103 2595 3587 39 3516 3477 1455
7479 98 2738 45 4741 4696 1063
7505 2599 3842 23 3663 3640 1447
7915 4123 285 230 7630 7400 122
7938 1706 5605 8 2333 2325 2325
7983 4436 896 178 7087 6909 424
8259 512 981 186 7278 7092 420
8454 4457 3107 43 5347 5304 1188
8898 2848 3178 145 5720 5575 1225
8968 1313 2300 66 6668 6602 938
9354 1612 4725 27 4629 4602 1877
9422 1017 4743 34 4679 4645 1904
10014 1963 1728 95 8286 8191 779
10494 1337 3818 49 6676 6627 1434
10530 232 7497 17 3033 3016 3016
10724 677 3885 50 6839 6789 1488
11068 646 2881 70 8187 8117 1125
11256 2556 7974 7 3282 3275 3275
11419 4751 5704 35 5715 5680 2360
11503 3872 2074 107 9429 9322 846
11541 2051 131 343 11410 11067 13
11571 967 4167 48 7404 7356 1563
11916 2411 8439 9 3477 3468 3468
11949 422 8466 4 3483 3479 3479
11967 2165 4318 57 7649 7592 1631
12705 1431 8974 4 3731 3727 3727
13181 1728 9281 7 3900 3893 3893
13267 4461 3343 115 9924 9809 1309
13379 1088 6667 28 6712 6684 2730
13536 1361 1120 291 12416 12125 494
13892 549 3467 61 10425 10364 1419
14128 1674 1697 167 12431 12264 766
14161 4279 3593 74 10568 10494 1468
14272 887 10068 16 4204 4188 4188
14333 424 10115 14 4218 4204 4204
14360 1163 3666 68 10694 10626 1463
15637 905 11072 12 4565 4553 4553
15748 572 3996 148 11752 11604 1494
15757 3841 4053 57 11704 11647 1529
15832 746 7932 76 7900 7824 3244
15986 2479 11341 11 4645 4634 4634
16160 515 11466 7 4694 4687 4687
16178 4618 11486 3 4692 4689 4689
16207 95 11523 7 4684 4677 4677
16461 2851 2976 156 13485 13329 1177
16578 1709 463 327 16115 15788 160
16997 2589 8575 32 8422 8390 3507
17071 2345 311 352 16760 16408 132
17189 4396 12207 3 4982 4979 4979
17290 4093 8702 34 8588 8554 3552
17380 2236 12336 5 5044 5039 5039
17432 3447 4411 61 13021 12960 1738
17669 1790 3185 183 14484 14301 1239
17847 295 4559 62 13288 13226 1749
18156 1771 9121 40 9035 8995 3754
18220 2977 9149 52 9071 9019 3768
18366 3280 2352 130 16014 15884 949
18374 2647 1555 370 16819 16449 637
18464 1051 3277 169 15187 15018 1296
18628 2272 13234 13 5394 5381 5381
19420 456 6835 53 12585 12532 2775
19510 1909 3456 82 16054 15972 1422
19662 4405 2445 130 17217 17087 1008
19706 3342 4935 87 14771 14684 2000
19746 3922 13971 18 5775 5757 5757
19982 2176 701 251 19281 19030 336
20108 2689 7144 60 12964 12904 2854
20273 3706 10030 106 10243 10137 4153
20398 4338 5139 104 15259 15155 2028
20506 3125 14452 9 6054 6045 6045
21449 1950 10696 24 10753 10729 4426
21546 3286 5399 72 16147 16075 2250
21590 4701 10799 34 10791 10757 4433
21897 724 7722 88 14175 14087 3111
21966 3583 15433 12 6533 6521 6521
22042 4006 15521 6 6521 6515 6515
22223 1606 15606 1 6617 6616 6616
22616 1934 15892 19 6724 6705 6705
22683 3433 15972 3 6711 6708 6708
23122 1343 8127 110 14995 14885 3356
23160 2435 11572 57 11588 11531 4699
23232 2082 16369 15 6863 6848 6848
23711 4561 1043 221 22668 22447 421
23717 1442 4256 155 19461 19306 1594
23860 4058 16818 9 7042 7033 7033
24057 90 21 503 24036 23533 0
24403 2333 12241 36 12162 12126 4978
24424 4060 6099 132 18325 18193 2553
24481 2422 17282 14 7199 7185 7185
24620 1947 6150 61 18470 18409 2576
24755 1684 6166 103 18589 18486 2581
24919 1285 8832 80 16087 16007 3630
24951 4391 1080 204 23871 23667 450
24984 1333 6302 61 18682 18621 2597
25649 2804 6409 71 19240 19169 2676
25701 4626 12880 90 12821 12731 5215
25770 4426 12964 25 12806 12781 5257
25900 455 18325 9 7575 7566 7566
26419 3951 13241 26 13178 13152 5375
26558 4106 13281 32 13277 13245 5411
26799 3502 18859 13 7940 7927 7927
26822 622 18880 18 7942 7924 7924
26868 3754 13389 25 13479 13454 5497
26987 79 13452 27 13535 13508 5538
28052 2592 13956 26 14096 14070 5730
28275 1522 19896 4 8379 8375 8375
28479 491 5034 119 23445 23326 2025
28940 872 7213 66 21727 21661 2882
29287 1458 20590 15 8697 8682 8682
29559 3519 10330 88 19229 19141 4302
29749 27 20906 8 8843 8835 8835
29901 1925 5267 121 24634 24513 2182
30631 3861 21519 19 9112 9093 9093
30681 2911 10789 47 19892 19845 4422
30729 505 15247 25 15482 15457 6321
30863 4868 1883 281 28980 28699 816
30992 2922 874 260 30118 29858 383
31206 2763 15387 129 15819 15690 6447
31223 4291 7748 62 23475 23413 3144
31413 3239 1265 398 30148 29750 618
31557 2085 15589 37 15968 15931 6579
32125 2915 11276 59 20849 20790 4599
32267 1217 8042 67 24225 24158 3278
32303 2590 8054 65 24249 24184 3287
32356 589 5688 84 26668 26584 2348
32446 1608 8080 69 24366 24297 3303
32541 50 11437 50 21104 21054 4682
32583 4182 8102 80 24481 24401 3323
32597 1100 22981 13 9616 9603 9603
32641 4930 16181 62 16460 16398 6776
33214 802 2996 186 30218 30032 1170
33357 3898 8298 109 25059 24950 3420
33400 2292 5864 100 27536 27436 2438
33454 3979 8353 72 25101 25029 3445
33513 630 5895 89 27618 27529 2449
33584 3535 8377 87 25207 25120 3442
33765 3689 1502 235 32263 32028 637
34170 3613 6064 100 28106 28006 2514
34255 4222 17077 34 17178 17144 7085
34342 4792 17143 34 17199 17165 7103
34408 3356 12179 42 22229 22187 4967
34503 3624 24382 12 10121 10109 10109
34729 2418 4374 186 30355 30169 1712
34801 1485 24600 18 10201 10183 10183
35211 3446 17554 37 17657 17620 7259
35341 2955 24906 17 10435 10418 10418
35471 762 8923 66 26548 26482 3643
35483 1074 1086 352 34397 34045 448
35545 674 17743 28 17802 17774 7314
35803 367 3205 202 32598 32396 1271
36298 973 12894 41 23404 23363 5242
36599 4485 25893 12 10706 10694 10694
36798 437 6493 92 30305 30213 2710
36916 2738 26077 12 10839 10827 10827
37152 634 6543 81 30609 30528 2729
37262 1248 13218 46 24044 23998 5356
37411 2957 18655 22 18756 18734 7794
37504 2566 9301 109 28203 28094 3908
37536 1586 2370 186 35166 34980 952
37619 2261 26633 19 10986 10967 10967
37635 519 9373 76 28262 28186 3895
37867 2843 9401 68 28466 28398 3949
38006 582 18913 32 19093 19061 7952
38125 53 4728 162 33397 33235 1884
38290 4830 27092 2 11198 11196 11196
38348 904 2391 215 35957 35742 973
38391 3862 27156 19 11235 11216 11216
38930 4193 235 519 38695 38176 67
39503 1918 13862 65 25641 25576 5691
39628 2329 1122 307 38506 38199 496
39746 3560 3485 162 36261 36099 1422
39788 3276 19739 40 20049 20009 8335
39925 1122 9876 63 30049 29986 4107
40131 4579 14055 45 26076 26031 5855
40285 3728 28417 10 11868 11858 11858
40438 475 28507 8 11931 11923 11923
40592 2035 28619 6 11973 11967 11967
40640 4425 20205 25 20435 20410 8445
40987 1295 1774 166 39213 39047 797
41297 1271 20476 33 20821 20788 8579
41316 4337 5139 206 36177 35971 2045
41458 2080 1729 246 39729 39483 779
41478 2999 7286 94 34192 34098 2902
41896 1182 29519 9 12377 12368 12368
41972 2939 29551 5 12421 12416 12416
42003 3348 20790 29 21213 21184 8760
42008 2816 7367 126 34641 34515 2943
42443 3864 29784 18 12659 12641 12641
42713 4911 21035 76 21678 21602 8867
42959 3035 14942 41 28017 27976 6242
43030 1290 21235 21 21795 21774 8952
43124 3414 30281 7 12843 12836 12836
43342 3344 1874 271 41468 41197 823
43358 399 30479 10 12879 12869 12869
43457 3641 7630 86 35827 35741 3051
43718 1610 30704 4 13014 13010 13010
43787 1603 30778 1 13009 13008 13008
43927 3234 7686 125 36241 36116 3084
44441 415 15433 60 29008 28948 6516
44546 3117 22064 29 22482 22453 9277
45113 751 31732 11 13381 13370 13370
45236 4857 15594 213 29642 29429 6595
45301 3241 269 495 45032 44537 96
45442 4233 31915 16 13527 13511 13511
45775 1890 642 280 45133 44853 297
45942 4616 2900 248 43042 42794 1154
46292 3894 22953 39 23339 23300 9604
46410 3571 2934 204 43476 43272 1162
46610 222 8163 155 38447 38292 3379
46747 4269 16366 59 30381 30322 6830
47057 3785 11701 79 35356 35277 4728
47330 865 33367 1 13963 13962 13962
47387 2830 23486 114 23901 23787 9814
47514 536 16626 59 30888 30829 6965
47549 4867 16643 54 30906 30852 6978
48029 2932 4311 156 43718 43562 1617
48325 3069 698 419 47627 47208 332
48372 4834 24081 34 24291 24257 9971
48588 540 12152 63 36436 36373 4934
49272 3828 17373 45 31899 31854 7205
49339 3819 24606 49 24733 24684 10217
49372 279 34880 15 14492 14477 14477
49401 4055 17406 59 31995 31936 7215
49560 2661 6166 143 43394 43251 2570
49585 3231 24721 40 24864 24824 10306
49673 182 4392 197 45281 45084 1736
50305 3047 3191 234 47114 46880 1243
50523 4705 8940 97 41583 41486 3692
50526 2995 25235 30 25291 25261 10466
50778 3389 17897 75 32881 32806 7412
50782 4490 25341 32 25441 25409 10507
50806 280 12720 77 38086 38009 5170
51116 1389 18028 48 33088 33040 7476
51338 1187 36263 16 15075 15059 15059
51817 2558 9177 100 42640 42540 3802
51915 2387 25903 30 26012 25982 10697
52242 3974 9243 92 42999 42907 3861
52347 2531 18483 60 33864 33804 7618
52536 1928 37085 10 15451 15441 15441
52773 2351 3265 289 49508 49219 1296
52926 1482 18589 143 34337 34194 7716
53068 1230 26475 21 26593 26572 10944
53185 2643 37564 11 15621 15610 15610
53620 2400 26747 32 26873 26841 11049
53667 2284 37844 6 15823 15817 15817
53677 1645 18834 49 34843 34794 7910
54114 2326 26998 31 27116 27085 11170
54299 2892 4773 207 49526 49319 1899
54483 18 38439 7 16044 16037 16037
54834 1324 2400 245 52434 52189 985
54919 3207 6739 205 48180 47975 2762
55315 828 4848 130 50467 50337 1949
56098 2168 27975 32 28123 28091 11597
56278 22 4855 263 51423 51160 1958
56890 3119 3487 210 53403 53193 1437
57081 3513 9932 83 47149 47066 4148
57365 69 5021 216 52344 52128 2036
57379 1015 40588 11 16791 16780 16780
57513 3858 40693 8 16820 16812 16812
57790 2317 14256 136 43534 43398 5958
57822 4329 40891 10 16931 16921 16921
57825 4509 14298 67 43527 43460 5979
58070 2511 14287 169 43783 43614 5978
58106 2991 14349 86 43757 43671 6012
58270 2212 7259 107 51011 50904 2899
58285 2332 7176 265 51109 50844 2881
58673 4430 7259 171 51414 51243 2891
58778 2439 41620 20 17158 17138 17138
58832 463 41654 5 17178 17173 17173
58929 1467 20634 54 38295 38241 8705
59129 19 41880 7 17249 17242 17242
59200 4806 14585 166 44615 44449 6067
59201 3236 29527 30 29674 29644 12383
59291 4604 41984 5 17307 17302 17302
59379 4321 42015 10 17364 17354 17354
59467 4786 29614 23 29853 29830 12479
59530 2116 5236 167 54294 54127 2119
59619 1970 20844 58 38775 38717 8813
59804 256 29750 31 30054 30023 12612
60325 3693 3786 287 56539 56252 1435
60395 2789 42832 6 17563 17557 17557
60524 2434 7495 163 53029 52866 3000
60712 2194 14957 61 45755 45694 6248
60880 2544 43128 16 17752 17736 17736
61139 3887 10663 90 50476 50386 4392
61250 3068 15093 76 46157 46081 6300
61290 2754 21437 58 39853 39795 9045
61503 4116 43510 4 17993 17989 17989
61519 2181 43515 10 18004 17994 17994
61838 3870 30700 33 31138 31105 12993
61856 2437 1911 277 59945 59668 845
61981 2557 10763 221 51218 50997 4394
62051 2996 7705 123 54346 54223 3095
62165 976 30892 34 31273 31239 13078
62513 998 7724 194 54789 54595 3120
62615 2966 10831 192 51784 51592 4464
62979 938 22073 46 40906 40860 9307
63070 1352 31433 36 31637 31601 13251
63074 1632 44724 1 18350 18349 18349
63661 3526 45161 5 18500 18495 18495
63753 874 1906 352 61847 61495 834
63952 629 31880 40 32072 32032 13483
64482 4108 32160 28 32322 32294 13590
64571 4326 11304 97 53267 53170 4632
64680 987 5682 167 58998 58831 2333
64890 1307 4062 285 60828 60543 1541
64922 4397 16037 147 48885 48738 6731
64983 4961 16066 127 48917 48790 6736
65404 3160 32685 23 32719 32696 13726
65586 1707 23098 44 42488 42444 9649
65605 2570 5709 192 59896 59704 2394
65934 3716 16318 160 49616 49456 6843
66012 1096 4198 174 61814 61640 1553
66128 3494 11678 87 54450 54363 4730
66158 2810 46982 11 19176 19165 19165
66961 1869 5863 265 61098 60833 2420
67096 4025 47601 20 19495 19475 19475
67103 1272 23679 53 43424 43371 9866
67190 2087 16643 125 50547 50422 6987
67191 2656 47703 9 19488 19479 19479
67388 1825 47840 3 19548 19545 19545
67839 293 16835 136 51004 50868 7026
68315 4989 6028 199 62287 62088 2490
68499 3323 48609 4 19890 19886 19886
68609 251 1071 441 67538 67097 442
69278 253 49102 15 20176 20161 20161
69358 3456 1546 340 67812 67472 642
69462 1889 4347 257 65115 64858 1681
69535 2858 49252 7 20283 20276 20276
70148 2024 35104 37 35044 35007 14545
70481 2276 24862 50 45619 45569 10404
70910 3578 25061 41 45849 45808 10454
71149 3654 35643 39 35506 35467 14755
71250 1004 17813 79 53437 53358 7358
71288 3384 25230 51 46058 46007 10450
71671 4549 25351 67 46320 46253 10502
71797 4245 12752 97 59045 58948 5193
71984 4282 51007 10 20977 20967 20967
72298 3603 12778 163 59520 59357 5204
72349 4097 4582 198 67767 67569 1772
72361 1820 3214 325 69147 68822 1273
72423 1284 9040 200 63383 63183 3753
72931 2704 51765 16 21166 21150 21150
73140 3209 25912 60 47228 47168 10702
73404 4340 25990 142 47414 47272 10733
73950 3190 6496 182 67454 67272 2728
74353 3726 52842 1 21511 21510 21510
74391 1537 9253 173 65138 64965 3884
74437 3172 37309 23 37128 37105 15578
74959 1266 37653 39 37306 37267 15659
75129 3599 13316 88 61813 61725 5460
75197 4073 37731 32 37466 37434 15736
75203 4963 18803 65 56400 56335 7880
75560 373 53802 11 21758 21747 21747
75751 1504 26870 50 48881 48831 11115
75933 3083 26913 93 49020 48927 11136
75955 4253 13373 188 62582 62394 5466
75968 3561 6672 135 69296 69161 2746
75973 1108 54036 8 21937 21929 21929
76093 2111 54135 5 21958 21953 21953
76313 3022 13429 161 62884 62723 5538
76364 2709 19070 68 57294 57226 8023
76574 3184 38448 32 38126 38094 16036
76582 3058 9475 148 67107 66959 3985
76805 2823 54689 3 22116 22113 22113
77123 3768 27360 105 49763 49658 11337
77131 3055 19180 157 57951 57794 8121
77157 1001 19278 64 57879 57815 8128
77231 1156 38828 30 38403 38373 16144
77259 96 4785 273 72474 72201 1929
77404 3422 55138 18 22266 22248 22248
77677 4874 19368 81 58309 58228 8178
77725 3217 39055 38 38670 38632 16282
77868 3731 6780 199 71088 70889 2795
77959 1165 13696 189 64263 64074 5666
78205 1867 27746 57 50459 50402 11487
78345 43 13760 127 64585 64458 5681
78477 4848 55888 19 22589 22570 22570
78966 1888 39654 35 39312 39277 16499
79212 4891 9829 127 69383 69256 4102
79837 4923 40131 38 39706 39668 16667
79880 2677 9888 223 69992 69769 4129
79946 2066 3499 179 76447 76268 1450
80549 740 20135 61 60414 60353 8429
80574 2390 20126 101 60448 60347 8417
80719 66 14221 98 66498 66400 5922
80844 1053 14234 122 66610 66488 5930
81180 2313 40805 35 40375 40340 16902
81253 59 57791 9 23462 23453 23453
81382 2298 2506 381 78876 78495 1028
81751 335 41123 26 40628 40602 17005
81789 2770 41129 35 40660 40625 17020
82225 4558 20484 71 61741 61670 8592
82496 3965 1206 252 81290 81038 559
82764 274 10244 149 72520 72371 4260
83033 654 20662 69 62371 62302 8718
83142 2295 10267 146 72875 72729 4262
83205 2969 532 430 82673 82243 223
83226 694 14611 100 68615 68515 6084
83254 4434 14615 86 68639 68553 6089
83561 2953 42008 23 41553 41530 17340
84237 3271 14760 81 69477 69396 6152
84363 2732 29863 46 54500 54454 12676
84428 3349 1236 294 83192 82898 592
84480 4466 60078 11 24402 24391 24391
84705 4187 29970 54 54735 54681 12723
84734 2673 42734 40 42000 41960 17508
84922 3137 60398 18 24524 24506 24506
85089 4665 21155 87 63934 63847 8887
85144 4043 547 373 84597 84224 229
85440 60 10596 140 74844 74704 4341
85475 2960 43111 33 42364 42331 17723
85513 3228 30206 133 55307 55174 12817
85619 700 21305 60 64314 64254 9005
85837 2318 10662 108 75175 75067 4376
85991 4009 43316 57 42675 42618 17845
86255 3322 21454 83 64801 64718 9049
86347 1474 43466 71 42881 42810 17960
86395 3411 7628 199 78767 78568 3032
86562 1540 30582 95 55980 55885 12939
86613 216 43597 22 43016 42994 18049
87449 3527 62262 4 25187 25183 25183
87541 1024 62323 19 25218 25199 25199
87733 4674 31072 50 56661 56611 13088
88048 1717 2832 267 85216 84949 1094
88105 4327 15398 175 72707 72532 6457
88195 3850 44467 26 43728 43702 18272
88373 1449 22006 128 66367 66239 9264
88535 4077 62983 18 25552 25534 25534
88678 4004 5495 231 83183 82952 2242
88846 777 31513 42 57333 57291 13274
88980 1676 63320 9 25660 25651 25651
89099 3697 44922 33 44177 44144 18452
89176 3201 881 447 88295 87848 397
89253 4586 63507 1 25746 25745 25745
89268 4826 22262 78 67006 66928 9383
89425 162 2833 321 86592 86271 1100
89523 2579 22277 138 67246 67108 9389
89880 1140 15714 122 74166 74044 6658
90055 1503 45435 22 44620 44598 18563
90510 1071 22570 71 67940 67869 9486
90537 3354 15876 88 74661 74573 6682
90820 2263 45798 26 45022 44996 18702
90858 4644 32215 56 58643 58587 13589
91151 2229 22786 77 68365 68288 9545
91337 2357 16090 97 75247 75150 6754
91552 4522 32523 51 59029 58978 13666
91644 3917 22941 68 68703 68635 9601
91759 4417 5677 238 86082 85844 2328
92144 354 4143 230 88001 87771 1554
92248 2280 46547 29 45701 45672 19014
92644 4159 32920 45 59724 59679 13766
92673 4820 16354 87 76319 76232 6828
92859 4893 5766 201 87093 86892 2412
93036 3994 8228 137 84808 84671 3402
93419 821 5793 216 87626 87410 2422
93534 4134 655 323 92879 92556 309
93820 1562 47281 27 46539 46512 19250
93836 3795 47287 35 46549 46514 19265
93921 1637 16546 95 77375 77280 6940
95099 2602 2112 358 92987 92629 877
95162 1190 47833 91 47329 47238 19527
95220 4801 67494 1 27726 27725 27725
95259 4313 16788 97 78471 78374 7013
95279 4117 47938 39 47341 47302 19579
95477 609 67650 4 27827 27823 27823
95901 3014 67979 15 27922 27907 27907
95955 3036 33997 53 61958 61905 14248
96263 2603 4343 216 91920 91704 1651
96459 3173 17056 84 79403 79319 7064
96586 4697 12134 141 84452 84311 4910
97121 2205 68872 10 28249 28239 28239
97301 4243 48894 36 48407 48371 20059
97422 2695 6082 227 91340 91113 2541
97715 4087 69286 7 28429 28422 28422
97905 3953 49158 32 48747 48715 20243
97988 2638 49202 36 48786 48750 20261
98231 812 24604 71 73627 73556 10198
98690 427 12302 190 86388 86198 5018
98881 1126 8782 122 90099 89977 3596
99054 533 24762 91 74292 74201 10328
99202 3823 70307 9 28895 28886 28886
99206 1813 17551 83 81655 81572 7251
99410 4183 49880 33 49530 49497 20527
99458 1665 24858 83 74600 74517 10387
99459 3029 70466 18 28993 28975 28975
99569 2537 70545 16 29024 29008 29008
99656 2898 12476 191 87180 86989 5054
99903 2691 8815 248 91088 90840 3626
99951 2571 50126 55 49825 49770 20631
