143 4176 40 101 103 2 0
148 1479 145 3 3 0 0
404 4753 278 29 126 97 40
405 4207 126 165 279 114 0
456 4689 234 127 222 95 8
589 763 319 59 270 211 55
622 2037 240 96 382 286 23
623 2812 170 193 453 260 0
630 4959 187 157 443 286 0
693 1959 271 95 422 327 26
712 110 200 177 512 335 6
769 4372 67 276 702 426 0
791 3260 657 20 134 114 114
1006 4976 400 83 606 523 78
1022 1430 166 246 856 610 0
1200 4827 583 96 617 521 85
1236 3573 621 74 615 541 92
1299 3109 748 73 551 478 124
1315 1686 529 90 786 696 86
1338 4352 777 57 561 504 139
1348 4185 657 73 691 618 113
1363 3061 795 54 568 514 142
1415 2051 131 343 1284 941 0
1685 4123 285 230 1400 1170 47
1886 3775 1358 38 528 490 227
2079 1345 828 185 1251 1066 148
2101 3721 1793 6 308 302 302
2129 1725 736 147 1393 1246 121
2134 100 1101 67 1033 966 173
2271 90 21 503 2250 1747 0
2325 4512 1687 21 638 617 283
2421 169 1224 132 1197 1065 209
2536 2345 311 352 2225 1873 42
2539 977 1279 143 1260 1117 220
2597 4436 896 178 1701 1523 163
2654 2366 1411 69 1243 1174 234
2729 512 981 186 1748 1562 172
2770 1846 1743 59 1027 968 288
2833 1709 463 327 2370 2043 80
2897 4910 1801 49 1096 1047 314
3007 4193 235 519 2772 2253 13
3097 4254 2695 12 402 390 390
3180 3445 1656 158 1524 1366 270
3246 3692 2081 42 1165 1123 317
3303 2176 701 251 2602 2351 102
3429 2529 2596 27 833 806 381
3523 2578 2249 139 1274 1135 326
3527 1361 1120 291 2407 2116 180
3589 3241 269 495 3320 2825 21
3609 2079 3156 7 453 446 446
3625 1963 1728 95 1897 1802 284
3871 2576 3349 15 522 507 507
3886 1965 3377 1 509 508 508
4127 1313 2300 66 1827 1761 338
4156 106 3092 37 1064 1027 432
4165 861 3552 16 613 597 597
4174 2155 3570 7 604 597 597
4244 98 2738 45 1506 1461 396
4288 4446 3654 18 634 616 616
4335 1674 1697 167 2638 2471 294
4375 4561 1043 221 3332 3111 158
4390 3872 2074 107 2316 2209 304
4494 2922 874 260 3620 3360 159
4554 4391 1080 204 3474 3270 168
4623 1890 642 280 3981 3701 108
4652 3605 3442 22 1210 1188 536
4862 4457 3107 43 1755 1712 449
4903 2595 3587 39 1316 1277 620
4924 2647 1555 370 3369 2999 247
4961 4010 254 447 4707 4260 30
5095 4776 4378 15 717 702 702
5097 2848 3178 145 1919 1774 448
5216 2599 3842 23 1374 1351 630
5218 646 2881 70 2337 2267 400
5236 3069 698 419 4538 4119 99
5448 1074 1086 352 4362 4010 167
5463 3777 4686 14 777 763 763
5672 3239 1265 398 4407 4009 219
5722 2329 1122 307 4600 4293 185
5805 3280 2352 130 3453 3323 357
5890 4043 547 373 5343 4970 89
5915 2969 532 430 5383 4953 93
6118 1337 3818 49 2300 2251 625
6122 4405 2445 130 3677 3547 400
6202 3689 1502 235 4700 4465 245
6221 4461 3343 115 2878 2763 492
6236 677 3885 50 2351 2301 652
6353 319 419 414 5934 5520 70
6445 549 3467 61 2978 2917 553
6456 1612 4725 27 1731 1704 776
6469 348 402 478 6067 5589 81
6509 1017 4743 34 1766 1732 797
6527 2851 2976 156 3551 3395 412
6560 1706 5605 8 955 947 947
6616 4134 655 323 5961 5638 112
6672 967 4167 48 2505 2457 654
6706 4868 1883 281 4823 4542 315
6786 4279 3593 74 3193 3119 624
6904 1163 3666 68 3238 3170 634
6905 2165 4318 57 2587 2530 667
6959 3747 717 404 6242 5838 115
7004 1790 3185 183 3819 3636 462
7077 2080 1729 246 5348 5102 300
7163 1295 1774 166 5389 5223 311
7315 1051 3277 169 4038 3869 504
7399 251 1071 441 6328 5887 167
7506 3201 881 447 6625 6178 163
7532 1909 3456 82 4076 3994 546
7566 3841 4053 57 3513 3456 655
7630 572 3996 148 3634 3486 646
7650 1907 702 538 6948 6410 107
7719 3344 1874 271 5845 5574 321
7786 4912 726 531 7060 6529 125
7786 1133 563 340 7223 6883 94
7840 4751 5704 35 2136 2101 977
7990 3965 1206 252 6784 6532 206
8064 1586 2370 186 5694 5508 360
8139 904 2391 215 5748 5533 364
8179 3447 4411 61 3768 3707 704
8197 3349 1236 294 6961 6667 222
8245 39 622 343 7623 7280 93
8331 587 210 607 8121 7514 0
8531 295 4559 62 3972 3910 734
8538 3594 750 430 7788 7358 124
8689 3456 1546 340 7143 6803 249
8728 232 7497 17 1231 1214 1214
8792 3958 317 597 8475 7878 52
8998 802 2996 186 6002 5816 425
9010 2437 1911 277 7099 6822 332
9067 4741 505 539 8562 8023 80
9097 1088 6667 28 2430 2402 1120
9305 2556 7974 7 1331 1324 1324
9328 3342 4935 87 4393 4306 832
9375 1442 4256 155 5119 4964 652
9431 554 1144 422 8287 7865 205
9462 874 1906 352 7556 7204 328
9575 367 3205 202 6370 6168 484
9628 1142 1144 466 8484 8018 201
9642 4338 5139 104 4503 4399 864
9706 1324 2400 245 7306 7061 378
9823 1436 440 424 9383 8959 88
9833 2411 8439 9 1394 1385 1385
9859 422 8466 4 1393 1389 1389
10062 4616 2900 248 7162 6914 402
10071 3571 2934 204 7137 6933 410
10084 3286 5399 72 4685 4613 923
10449 1431 8974 4 1475 1471 1471
10525 3560 3485 162 7040 6878 577
10817 1728 9281 7 1536 1529 1529
10826 746 7932 76 2894 2818 1288
10882 456 6835 53 4047 3994 1136
11122 491 5034 119 6088 5969 850
11177 3047 3191 234 7986 7752 467
11204 2534 918 590 10286 9696 168
11239 2418 4374 186 6865 6679 699
11330 2689 7144 60 4186 4126 1135
11446 4060 6099 132 5347 5215 1060
11471 1947 6150 61 5321 5260 1072
11556 1684 6166 103 5390 5287 1077
11601 1925 5267 121 6334 6213 905
11656 2589 8575 32 3081 3049 1401
11688 2351 3265 289 8423 8134 498
11690 1333 6302 61 5388 5327 1070
11773 887 10068 16 1705 1689 1689
11809 424 10115 14 1694 1680 1680
11844 4093 8702 34 3142 3108 1419
11897 2804 6409 71 5488 5417 1088
11925 2298 2506 381 9419 9038 391
11994 2602 2112 358 9882 9524 329
12032 1938 630 474 11402 10928 106
12163 3525 1116 387 11047 10660 182
12196 53 4728 162 7468 7306 777
12307 3119 3487 210 8820 8610 582
12332 724 7722 88 4610 4522 1260
12355 4771 1926 262 10429 10167 324
12386 589 5688 84 6698 6614 962
12407 1771 9121 40 3286 3246 1481
12440 1425 2277 272 10163 9891 333
12465 1173 1602 423 10863 10440 257
12487 2977 9149 52 3338 3286 1506
12865 2292 5864 100 7001 6901 996
12926 630 5895 89 7031 6942 1007
12941 905 11072 12 1869 1857 1857
12944 2932 4311 156 8633 8477 672
13059 1343 8127 110 4932 4822 1355
13155 182 4392 197 8763 8566 702
13177 3613 6064 100 7113 7013 1041
13184 1717 2832 267 10352 10085 399
13231 2479 11341 11 1890 1879 1879
13266 4337 5139 206 8127 7921 870
13293 1820 3214 325 10079 9754 486
13342 872 7213 66 6129 6063 1154
13358 515 11466 7 1892 1885 1885
13380 4618 11486 3 1894 1891 1891
13425 162 2833 321 10592 10271 406
13430 95 11523 7 1907 1900 1900
13432 3693 3786 287 9646 9359 611
13748 3706 10030 106 3718 3612 1661
13999 416 2606 235 11393 11158 392
14022 437 6493 92 7529 7437 1085
14059 1285 8832 80 5227 5147 1440
14168 634 6543 81 7625 7544 1096
14193 4396 12207 3 1986 1983 1983
14295 2892 4773 207 9522 9315 807
14343 4291 7748 62 6595 6533 1258
14385 2236 12336 5 2049 2044 2044
14409 2066 3499 179 10910 10731 601
14415 1307 4062 285 10353 10068 654
14516 828 4848 130 9668 9538 834
14554 1950 10696 24 3858 3834 1787
14616 1096 4198 174 10418 10244 664
14695 4701 10799 34 3896 3862 1795
14899 22 4855 263 10044 9781 831
14950 2600 2329 357 12621 12264 342
14960 1217 8042 67 6918 6851 1344
14988 2590 8054 65 6934 6869 1347
15054 1608 8080 69 6974 6905 1352
15111 4182 8102 80 7009 6929 1359
15191 69 5021 216 10170 9954 855
15282 1889 4347 257 10935 10678 689
15400 2272 13234 13 2166 2153 2153
15457 3898 8298 109 7159 7050 1369
15491 3979 8353 72 7138 7066 1375
15531 3535 8377 87 7154 7067 1383
15586 2116 5236 167 10350 10183 888
15695 2661 6166 143 9529 9386 1069
15730 2999 7286 94 8444 8350 1172
15787 2435 11572 57 4215 4158 1917
15845 2816 7367 126 8478 8352 1172
15984 4097 4582 198 11402 11204 747
16252 3922 13971 18 2281 2263 2263
16385 3641 7630 86 8755 8669 1228
16450 3519 10330 88 6120 6032 1747
16523 762 8923 66 7600 7534 1459
16636 2333 12241 36 4395 4359 2008
16646 3234 7686 125 8960 8835 1254
16828 3125 14452 9 2376 2367 2367
16881 354 4143 230 12738 12508 653
16901 987 5682 167 11219 11052 957
16909 96 4785 273 12124 11851 814
16980 752 3044 341 13936 13595 425
17023 2570 5709 192 11314 11122 980
17055 3207 6739 205 10316 10111 1127
17063 2911 10789 47 6274 6227 1784
17094 3311 1965 380 15129 14749 328
17253 2566 9301 109 7952 7843 1536
17351 519 9373 76 7978 7902 1536
17410 2843 9401 68 8009 7941 1568
17527 4626 12880 90 4647 4557 2107
17533 4426 12964 25 4569 4544 2093
17558 1869 5863 265 11695 11430 991
17639 2603 4343 216 13296 13080 680
17740 222 8163 155 9577 9422 1361
17841 2915 11276 59 6565 6506 1872
17981 3951 13241 26 4740 4714 2156
17997 4989 6028 199 11969 11770 1035
18010 3583 15433 12 2577 2565 2565
18048 4106 13281 32 4767 4735 2154
18109 4006 15521 6 2588 2582 2582
18120 50 11437 50 6683 6633 1891
18183 3754 13389 25 4794 4769 2182
18190 2212 7259 107 10931 10824 1169
18193 1606 15606 1 2587 2586 2586
18279 2332 7176 265 11103 10838 1145
18280 79 13452 27 4828 4801 2203
18304 1122 9876 63 8428 8365 1640
18398 4430 7259 171 11139 10968 1167
18479 2986 1053 580 17426 16846 158
18532 1934 15892 19 2640 2621 2621
18614 3433 15972 3 2642 2639 2639
18937 2434 7495 163 11442 11279 1198
18964 3793 1110 481 17854 17373 174
18980 2592 13956 26 5024 4998 2265
18995 2250 3395 338 15600 15262 513
19115 2082 16369 15 2746 2731 2731
19254 4004 5495 231 13759 13528 935
19308 3356 12179 42 7129 7087 1990
19335 3190 6496 182 12839 12657 1102
19350 4705 8940 97 10410 10313 1466
19473 2996 7705 123 11768 11645 1267
19638 998 7724 194 11914 11720 1265
19654 2256 1630 452 18024 17572 267
19662 4058 16818 9 2844 2835 2835
19706 3561 6672 135 13034 12899 1132
19809 2558 9177 100 10632 10532 1502
19816 4417 5677 238 14139 13901 956
19931 3974 9243 92 10688 10596 1525
20052 4893 5766 201 14286 14085 985
20116 3731 6780 199 13336 13137 1147
20168 2422 17282 14 2886 2872 2872
20239 821 5793 216 14446 14230 994
20388 973 12894 41 7494 7453 2113
20619 3452 3180 397 17439 17042 453
20639 341 3131 449 17508 17059 439
20643 1002 4335 283 16308 16025 682
20654 505 15247 25 5407 5382 2464
20697 396 1500 427 19197 18770 228
20918 1248 13218 46 7700 7654 2143
21044 1478 3200 461 17844 17383 468
21050 2763 15387 129 5663 5534 2538
21179 2695 6082 227 15097 14870 1059
21197 2085 15589 37 5608 5571 2574
21338 455 18325 9 3013 3004 3004
21473 3513 9932 83 11541 11458 1650
21547 3941 3821 384 17726 17342 626
21609 3785 11701 79 9908 9829 1910
21670 4062 5266 329 16404 16075 900
21981 2101 4613 313 17368 17055 743
22006 3472 4589 295 17417 17122 746
22042 1918 13862 65 8180 8115 2249
22062 3502 18859 13 3203 3190 3190
22075 68 4609 341 17466 17125 747
22095 622 18880 18 3215 3197 3197
22133 3126 3423 351 18710 18359 522
22176 4930 16181 62 5995 5933 2721
22375 4579 14055 45 8320 8275 2295
22585 3411 7628 199 14957 14758 1223
22589 540 12152 63 10437 10374 1985
23108 1284 9040 200 14068 13868 1478
23158 693 2287 426 20871 20445 337
23183 3887 10663 90 12520 12430 1780
23278 1522 19896 4 3382 3378 3378
23345 4222 17077 34 6268 6234 2836
23433 4792 17143 34 6290 6256 2857
23436 2557 10763 221 12673 12452 1769
23524 1537 9253 173 14271 14098 1529
23563 280 12720 77 10843 10766 2087
23640 2966 10831 192 12809 12617 1800
23675 245 3122 365 20553 20188 438
23740 3035 14942 41 8798 8757 2434
23742 4019 3585 415 20157 19742 611
23967 3446 17554 37 6413 6376 2898
24027 3058 9475 148 14552 14404 1586
24135 1458 20590 15 3545 3530 3530
24150 4767 1671 590 22479 21889 279
24262 674 17743 28 6519 6491 2919
24338 3994 8228 137 16110 15973 1364
24344 1899 5098 282 19246 18964 848
24344 4175 3222 354 21122 20768 487
24475 4326 11304 97 13171 13074 1874
24479 4962 3211 426 21268 20842 487
24504 27 20906 8 3598 3590 3590
24536 4039 5065 395 19471 19076 841
24641 415 15433 60 9208 9148 2565
24849 929 6105 275 18744 18469 1059
24898 4891 9829 127 15069 14942 1639
24925 1960 2462 329 22463 22134 400
24929 357 4459 292 20470 20178 725
25007 2992 2450 406 22557 22151 399
25064 4857 15594 213 9470 9257 2588
25201 2677 9888 223 15313 15090 1657
25210 3861 21519 19 3691 3672 3672
25230 3494 11678 87 13552 13465 1912
25396 3392 5295 340 20101 19761 908
25467 2957 18655 22 6812 6790 3111
25586 365 4571 409 21015 20606 725
25868 582 18913 32 6955 6923 3221
25893 2759 3962 286 21931 21645 638
25921 1126 8782 122 17139 17017 1428
26061 2295 10267 146 15794 15648 1728
26061 274 10244 149 15817 15668 1717
26129 4269 16366 59 9763 9704 2713
26280 3774 4698 321 21582 21261 772
26328 2691 8815 248 17513 17265 1436
26513 3973 2994 384 23519 23135 425
26558 536 16626 59 9932 9873 2780
26586 4867 16643 54 9943 9889 2782
26593 3226 1884 482 24709 24227 326
26642 4509 14298 67 12344 12277 2352
26693 2317 14256 136 12437 12301 2352
26814 2991 14349 86 12465 12379 2363
26833 2511 14287 169 12546 12377 2350
26833 1100 22981 13 3852 3839 3839
26868 141 8994 175 17874 17699 1490
26922 1198 9030 193 17892 17699 1478
26975 60 10596 140 16379 16239 1765
27006 3276 19739 40 7267 7227 3371
27094 2318 10662 108 16432 16324 1779
27233 4806 14585 166 12648 12482 2373
27302 2735 5744 311 21558 21247 963
27356 813 9224 245 18132 17887 1529
27428 2083 2621 527 24807 24280 387
27607 4720 1663 504 25944 25440 265
27615 4425 20205 25 7410 7385 3425
27624 3940 4807 503 22817 22314 820
27639 4245 12752 97 14887 14790 2096
27691 3828 17373 45 10318 10273 2862
27770 2194 14957 61 12813 12752 2436
27771 4055 17406 59 10365 10306 2885
27790 3423 8005 280 19785 19505 1333
27829 3603 12778 163 15051 14888 2107
27846 128 2330 447 25516 25069 346
27868 1626 1694 421 26174 25753 295
27936 4888 4269 303 23667 23364 660
27984 4018 9456 167 18528 18361 1580
27987 1271 20476 33 7511 7478 3481
27993 3068 15093 76 12900 12824 2441
28039 3141 8061 212 19978 19766 1357
28215 2330 4302 353 23913 23560 660
28441 3624 24382 12 4059 4047 4047
28451 3348 20790 29 7661 7632 3578
28561 1694 6019 315 22542 22227 1018
28584 3389 17897 75 10687 10612 2966
28695 1485 24600 18 4095 4077 4077
28777 1389 18028 48 10749 10701 2997
28814 4911 21035 76 7779 7703 3593
28857 3599 13316 88 15541 15453 2176
29032 1290 21235 21 7797 7776 3628
29070 2955 24906 17 4164 4147 4147
29108 4253 13373 188 15735 15547 2159
29250 3022 13429 161 15821 15660 2203
29271 4551 9828 220 19443 19223 1636
29409 2531 18483 60 10926 10866 3031
29446 835 5265 373 24181 23808 889
29713 1482 18589 143 11124 10981 3082
29792 2887 10037 223 19755 19532 1670
29857 1165 13696 189 16161 15972 2259
29898 43 13760 127 16138 16011 2253
29929 4397 16037 147 13892 13745 2660
29934 17 2524 440 27410 26970 402
29974 4961 16066 127 13908 13781 2676
30018 3983 3383 385 26635 26250 514
30028 1645 18834 49 11194 11145 3180
30080 3117 22064 29 8016 7987 3690
30127 4257 7370 401 22757 22356 1171
30179 2448 6391 207 23788 23581 1087
30192 4485 25893 12 4299 4287 4287
30416 2738 26077 12 4339 4327 4327
30483 3076 4660 369 25823 25454 747
30509 3716 16318 160 14191 14031 2719
30672 1670 6470 313 24202 23889 1084
30730 4697 12134 141 18596 18455 1971
30797 1528 8872 250 21925 21675 1441
30903 66 14221 98 16682 16584 2331
30913 1394 5536 440 25377 24937 934
30989 1053 14234 122 16755 16633 2349
31043 2261 26633 19 4410 4391 4391
31100 1200 7744 169 23356 23187 1255
31113 2087 16643 125 14470 14345 2784
31245 3894 22953 39 8292 8253 3846
31427 427 12302 190 19125 18935 2024
31560 293 16835 136 14725 14589 2835
31568 4830 27092 2 4476 4474 4474
31668 3862 27156 19 4512 4493 4493
31698 694 14611 100 17087 16987 2370
31712 4434 14615 86 17097 17011 2377
31715 2898 12476 191 19239 19048 2041
31788 1082 5707 341 26081 25740 978
31942 2710 10819 159 21123 20964 1796
31963 3271 14760 81 17203 17122 2406
32014 2323 7924 244 24090 23846 1282
32080 1724 9300 195 22780 22585 1527
32083 2830 23486 114 8597 8483 3960
32102 1185 12685 166 19417 19251 2090
32139 830 7961 241 24178 23937 1317
32226 3284 5763 383 26463 26080 978
32264 2423 4983 249 27281 27032 851
32323 2346 4959 375 27364 26989 847
32379 1829 10929 209 21450 21241 1812
32463 2001 11029 122 21434 21312 1843
32611 2175 6894 249 25717 25468 1139
32691 4834 24081 34 8610 8576 3991
32853 1467 20634 54 12219 12165 3550
32923 1901 2778 428 30145 29717 402
33045 3728 28417 10 4628 4618 4618
33073 1004 17813 79 15260 15181 2938
33159 475 28507 8 4652 4644 4644
33203 1970 20844 58 12359 12301 3589
33218 2442 13166 201 20052 19851 2116
33264 3725 9655 188 23609 23421 1607
33294 2035 28619 6 4675 4669 4669
33296 4063 11253 258 22043 21785 1873
33456 3819 24606 49 8850 8801 4094
33482 4327 15398 175 18084 17909 2539
33532 3243 13204 196 20328 20132 2147
33567 3337 6070 317 27497 27180 1050
33588 3231 24721 40 8867 8827 4105
33591 2381 5145 460 28446 27986 875
33830 4021 9756 239 24074 23835 1631
33870 2981 9706 349 24164 23815 1619
33927 3657 5199 346 28728 28382 894
34116 1140 15714 122 18402 18280 2609
34129 658 4468 382 29661 29279 721
34175 2754 21437 58 12738 12680 3654
34258 2707 13504 229 20754 20525 2218
34290 2995 25235 30 9055 9025 4170
34313 1277 8510 221 25803 25582 1416
34329 3354 15876 88 18453 18365 2614
34386 1182 29519 9 4867 4858 4858
34442 2939 29551 5 4891 4886 4886
34461 4490 25341 32 9120 9088 4209
34481 4748 3363 453 31118 30665 509
34638 3407 13661 201 20977 20776 2248
34742 1340 7386 340 27356 27016 1195
34809 909 3832 500 30977 30477 626
34814 3864 29784 18 5030 5012 5012
34826 3678 11789 123 23037 22914 1947
34833 1113 1762 600 33071 32471 305
34931 4831 7381 282 27550 27268 1196
34989 2357 16090 97 18899 18802 2677
35033 4963 18803 65 16230 16165 3179
35166 938 22073 46 13093 13047 3699
35174 469 11837 200 23337 23137 1941
35207 2588 2944 398 32263 31865 420
35268 2387 25903 30 9365 9335 4282
35349 3414 30281 7 5068 5061 5061
35449 3948 11908 268 23541 23273 1959
35450 942 6380 369 29070 28701 1077
35494 2709 19070 68 16424 16356 3216
35537 4820 16354 87 19183 19096 2705
35550 399 30479 10 5071 5061 5061
35611 3674 14034 176 21577 21401 2274
35705 4046 1566 604 34139 33535 257
35742 2213 10324 192 25418 25226 1735
35854 1610 30704 4 5150 5146 5146
35872 3055 19180 157 16692 16535 3270
35915 4896 14140 129 21775 21646 2317
35920 1001 19278 64 16642 16578 3298
35930 1603 30778 1 5152 5151 5151
36028 921 1555 669 34473 33804 258
36050 1230 26475 21 9575 9554 4394
36052 1637 16546 95 19506 19411 2772
36103 4874 19368 81 16735 16654 3310
36149 699 10344 340 25805 25465 1740
36287 2872 8956 269 27331 27062 1468
36372 3063 12266 178 24106 23928 2012
36405 2400 26747 32 9658 9626 4413
36565 624 8995 252 27570 27318 1492
36573 1736 5613 330 30960 30630 942
36588 4313 16788 97 19800 19703 2823
36682 3222 14373 205 22309 22104 2362
36705 1707 23098 44 13607 13563 3846
36711 1897 12313 238 24398 24160 2041
36721 4937 4807 348 31914 31566 816
36746 2326 26998 31 9748 9717 4478
37002 751 31732 11 5270 5259 5259
37015 3232 5700 351 31315 30964 971
37047 3173 17056 84 19991 19907 2824
37102 3920 9132 353 27970 27617 1491
37242 4233 31915 16 5327 5311 5311
37246 899 9180 350 28066 27716 1505
37391 927 4862 415 32529 32114 833
37394 740 20135 61 17259 17198 3411
37432 2390 20126 101 17306 17205 3407
37573 1272 23679 53 13894 13841 3961
37613 159 12727 258 24886 24628 2095
37690 4682 4948 386 32742 32356 840
37693 3730 10927 230 26766 26536 1814
37788 4706 9398 201 28390 28189 1553
37892 3924 4870 502 33022 32520 842
37917 1813 17551 83 20366 20283 2889
37927 2168 27975 32 9952 9920 4557
37985 4558 20484 71 17501 17430 3497
38332 654 20662 69 17670 17601 3552
38582 2436 15263 165 23319 23154 2485
38721 896 9590 288 29131 28843 1589
38802 3542 15385 115 23417 23302 2531
38846 865 33367 1 5479 5478 5478
38978 1794 4373 533 34605 34072 697
39224 1452 2057 746 37167 36421 316
39253 4665 21155 87 18098 18011 3604
39302 2360 13264 287 26038 25751 2170
39331 52 15513 200 23818 23618 2585
39397 2276 24862 50 14535 14485 4148
39443 2148 2777 600 36666 36066 399
39479 1257 8408 291 31071 30780 1383
39538 700 21305 60 18233 18173 3640
39648 285 15620 241 24028 23787 2592
39659 1708 7181 424 32478 32054 1151
39665 3578 25061 41 14604 14563 4158
39749 3322 21454 83 18295 18212 3654
39763 2289 9887 251 29876 29625 1652
39856 3384 25230 51 14626 14575 4160
39877 2394 13600 137 26277 26140 2229
39934 4007 13617 135 26317 26182 2245
39970 3236 29527 30 10443 10413 4853
40081 4549 25351 67 14730 14663 4208
40105 4192 18587 89 21518 21429 3066
40127 4786 29614 23 10513 10490 4913
40211 4679 18611 85 21600 21515 3086
40275 4211 13684 185 26591 26406 2250
40342 256 29750 31 10592 10561 4992
40405 2488 11749 200 28656 28456 1926
40463 279 34880 15 5583 5568 5568
40570 4931 18769 86 21801 21715 3156
40574 3949 18749 144 21825 21681 3151
40726 4680 11840 254 28886 28632 1942
40742 1449 22006 128 18736 18608 3693
40784 4584 16113 192 24671 24479 2681
40943 3209 25912 60 15031 14971 4286
40978 3295 5429 338 35549 35211 946
41083 576 19016 93 22067 21974 3218
41127 4826 22262 78 18865 18787 3723
41193 4340 25990 142 15203 15061 4308
41222 2579 22277 138 18945 18807 3729
41481 1745 1837 561 39644 39083 312
41535 2218 16376 219 25159 24940 2741
41552 2428 16385 188 25167 24979 2737
41598 1073 14061 229 27537 27308 2295
41631 3870 30700 33 10931 10898 5144
41675 1071 22570 71 19105 19034 3774
41884 976 30892 34 10992 10958 5176
41961 4496 16622 101 25339 25238 2780
42034 2229 22786 77 19248 19171 3807
42095 1187 36263 16 5832 5816 5816
42260 458 16677 129 25583 25454 2792
42353 3917 22941 68 19412 19344 3840
42433 1546 19593 97 22840 22743 3372
42476 1504 26870 50 15606 15556 4439
42595 1352 31433 36 11162 11126 5227
42609 3083 26913 93 15696 15603 4458
42729 4320 19746 86 22983 22897 3388
42806 1556 19768 100 23038 22938 3391
42863 3658 5670 380 37193 36813 948
43057 4419 19877 138 23180 23042 3379
43069 1928 37085 10 5984 5974 5974
43114 3846 19950 82 23164 23082 3396
43204 629 31880 40 11324 11284 5293
43295 3768 27360 105 15935 15830 4513
43339 3991 7875 427 35464 35037 1289
43376 930 14748 164 28628 28464 2394
43476 2728 14843 138 28633 28495 2403
43533 4108 32160 28 11373 11345 5334
43597 2643 37564 11 6033 6022 6022
43732 1867 27746 57 15986 15929 4539
43899 4031 20365 96 23534 23438 3457
43903 3021 14934 250 28969 28719 2425
43945 2328 6824 367 37121 36754 1139
43947 2284 37844 6 6103 6097 6097
44111 3545 2706 572 41405 40833 397
44115 4854 17527 164 26588 26424 2894
44120 3077 11001 331 33119 32788 1832
44126 3439 20487 85 23639 23554 3502
44217 3160 32685 23 11532 11509 5390
44227 3115 1670 617 42557 41940 279
44432 3604 13014 259 31418 31159 2112
44461 3465 8091 419 36370 35951 1349
44471 20 9499 329 34972 34643 1600
44668 18 38439 7 6229 6222 6222
44719 3718 17787 123 26932 26809 2932
44793 1367 13116 247 31677 31430 2115
44812 4573 17784 154 27028 26874 2934
45001 263 13194 146 31807 31661 2130
45108 32 6023 349 39085 38736 1022
45185 28 15421 147 29764 29617 2556
45236 812 24604 71 20632 20561 4084
45236 3097 15398 237 29838 29601 2537
45492 1900 8284 335 37208 36873 1359
45565 4927 3803 383 41762 41379 617
45579 533 24762 91 20817 20726 4117
45812 1665 24858 83 20954 20871 4146
46056 759 7245 294 38811 38517 1160
46124 1061 15663 216 30461 30245 2603
46141 2967 18331 153 27810 27657 3014
46231 951 13501 183 32730 32547 2217
46749 3717 8544 317 38205 37888 1392
47024 4916 13698 222 33326 33104 2261
47055 3546 7376 377 39679 39302 1184
47061 3746 10053 258 37008 36750 1691
47082 3957 21868 85 25214 25129 3699
47092 2732 29863 46 17229 17183 5019
47199 1205 3345 549 43854 43305 498
47203 1015 40588 11 6615 6604 6604
47208 4124 10107 231 37101 36870 1688
47244 4187 29970 54 17274 17220 5040
47351 3858 40693 8 6658 6650 6650
47360 1975 22033 91 25327 25236 3687
47378 2024 35104 37 12274 12237 5583
47388 2025 25740 69 21648 21579 4277
47444 1656 25773 72 21671 21599 4286
47475 337 7479 385 39996 39611 1198
47533 2253 22131 84 25402 25318 3704
47566 4329 40891 10 6675 6665 6665
47588 3394 4620 475 42968 42493 742
47687 3228 30206 133 17481 17348 5048
47705 4808 6355 409 41350 40941 1080
47867 2979 22233 174 25634 25460 3720
48092 3654 35643 39 12449 12410 5695
48108 1650 13979 270 34129 33859 2279
48238 1540 30582 95 17656 17561 5098
48292 3943 10268 298 38024 37726 1730
48361 1499 12020 270 36341 36071 1980
48386 2439 41620 20 6766 6746 6746
48406 4081 7608 367 40798 40431 1222
48413 463 41654 5 6759 6754 6754
48453 2749 22518 150 25935 25785 3769
48488 4530 8862 356 39626 39270 1439
48565 1767 10368 236 38197 37961 1761
48624 477 1136 691 47488 46797 192
48643 2601 4731 503 43912 43409 791
48657 19 41880 7 6777 6770 6770
48713 2943 7657 298 41056 40758 1241
48794 4604 41984 5 6810 6805 6805
48808 3194 14195 247 34613 34366 2326
48839 4321 42015 10 6824 6814 6814
48919 4674 31072 50 17847 17797 5162
49037 4654 19470 174 29567 29393 3326
49073 868 16663 212 32410 32198 2783
49227 2725 8934 429 40293 39864 1454
49271 4909 3432 630 45839 45209 531
49304 2771 10520 235 38784 38549 1761
49353 3705 12305 262 37048 36786 2033
49460 3031 26929 94 22531 22437 4464
49512 2863 7794 240 41718 41478 1274
49532 3302 5575 545 43957 43412 936
49535 777 31513 42 18022 17980 5233
49606 2781 10639 193 38967 38774 1769
49676 2789 42832 6 6844 6838 6838
49782 3227 16960 181 32822 32641 2825
49885 2840 3518 467 46367 45900 610
50048 2544 43128 16 6920 6904 6904
50099 1919 4877 421 45222 44801 839
50145 917 17131 119 33014 32895 2848
50308 3172 37309 23 12999 12976 6013
50420 2683 17201 164 33219 33055 2852
50459 4552 10859 217 39600 39383 1802
50533 4116 43510 4 7023 7019 7019
50544 2181 43515 10 7029 7019 7019
50562 2982 20149 113 30413 30300 3431
50581 4047 14819 225 35762 35537 2389
50669 2752 10870 317 39799 39482 1812
50700 4644 32215 56 18485 18429 5359
50755 4300 6850 329 43905 43576 1132
50782 1266 37653 39 13129 13090 6048
50879 3158 14875 270 36004 35734 2427
50905 4073 37731 32 13174 13142 6076
50997 4686 27805 128 23192 23064 4561
51000 3079 20321 189 30679 30490 3444
51041 4902 17421 200 33620 33420 2905
51044 4076 20371 141 30673 30532 3464
51100 4522 32523 51 18577 18526 5370
51102 4003 15051 164 36051 35887 2447
51189 3265 9438 319 41751 41432 1567
51453 432 17596 213 33857 33644 2907
51525 161 4254 573 47271 46698 650
51563 3360 20633 95 30930 30835 3545
51571 4914 20592 185 30979 30794 3529
51577 804 15175 231 36402 36171 2457
51619 4159 32920 45 18699 18654 5410
51779 4501 11136 409 40643 40234 1858
51813 3184 38448 32 13365 13333 6219
51830 4145 2056 581 49774 49193 314
51837 1632 44724 1 7113 7112 7112
51909 681 28409 75 23500 23425 4624
52032 4986 17846 128 34186 34058 2943
52038 4361 11222 342 40816 40474 1868
52112 3040 24436 93 27676 27583 4052
52224 2814 15326 189 36898 36709 2516
52280 4443 28556 132 23724 23592 4663
52291 1156 38828 30 13463 13433 6271
52297 1639 13207 227 39090 38863 2148
52324 3526 45161 5 7163 7158 7158
52436 2376 28705 71 23731 23660 4677
52621 3217 39055 38 13566 13528 6309
52908 725 7130 466 45778 45312 1128
53179 1891 21190 170 31989 31819 3611
53300 2526 2861 513 50439 49926 392
53328 3036 33997 53 19331 19278 5543
53380 4186 21257 203 32123 31920 3636
53438 1888 39654 35 13784 13749 6410
53877 3744 13537 270 40340 40070 2246
53934 2311 25243 127 28691 28564 4182
53959 754 18552 114 35407 35293 3058
54028 3581 3854 503 50174 49671 641
54087 1531 8515 376 45572 45196 1411
54099 2056 3342 601 50757 50156 487
54139 2480 21658 109 32481 32372 3674
54192 4923 40131 38 14061 14023 6537
54467 1332 7392 366 47075 46709 1189
54534 2810 46982 11 7552 7541 7541
54544 2989 13678 290 40866 40576 2254
54804 2023 25687 81 29117 29036 4255
54844 2076 3853 638 50991 50353 640
54967 1129 30020 64 24947 24883 5056
55014 1488 25719 171 29295 29124 4257
55053 1305 22039 116 33014 32898 3694
55125 2313 40805 35 14320 14285 6641
55160 2178 13874 182 41286 41104 2259
55207 2482 13878 225 41329 41104 2255
55249 3871 30179 68 25070 25002 5052
55291 4025 47601 20 7690 7670 7670
55374 1917 22143 182 33231 33049 3703
55390 2656 47703 9 7687 7678 7678
55497 1226 25987 97 29510 29413 4306
55510 335 41123 26 14387 14361 6665
55539 2770 41129 35 14410 14375 6672
55539 1825 47840 3 7699 7696 7696
55573 2958 7523 325 48050 47725 1209
55882 3372 35645 56 20237 20181 5695
56032 1532 14053 294 41979 41685 2282
56115 2716 30628 88 25487 25399 5108
56167 244 11988 348 44179 43831 1983
56176 2355 16367 276 39809 39533 2729
56186 3830 26302 89 29884 29795 4352
56282 2416 16419 208 39863 39655 2771
56427 1363 22644 113 33783 33670 3763
56457 3323 48609 4 7848 7844 7844
56689 322 8938 306 47751 47445 1465
56703 4432 26528 138 30175 30037 4399
56742 2953 42008 23 14734 14711 6809
56817 3019 36181 117 20636 20519 5796
56842 3883 36250 59 20592 20533 5808
57083 253 49102 15 7981 7966 7966
57253 315 12282 243 44971 44728 2014
57262 2858 49252 7 8010 8003 8003
57272 2373 22951 127 34321 34194 3845
57282 3294 31231 124 26051 25927 5213
57392 2562 23027 133 34365 34232 3839
57422 1240 4046 578 53376 52798 649
57638 2117 10546 320 47092 46772 1762
57703 2673 42734 40 14969 14929 6856
57715 2054 7783 323 49932 49609 1268
57824 1512 27092 144 30732 30588 4476
57984 3763 7793 500 50191 49691 1269
58126 1161 37050 41 21076 21035 5963
58188 1968 23337 105 34851 34746 3918
58206 4221 37103 55 21103 21048 5974
58223 2960 43111 33 15112 15079 6900
58245 4273 3094 494 55151 54657 441
58333 4122 5692 502 52641 52139 968
58438 2565 5756 338 52682 52344 967
58464 4435 31942 64 26522 26458 5301
58476 4878 37243 86 21233 21147 6004
58557 4009 43316 57 15241 15184 6942
58658 1056 31954 159 26704 26545 5310
58774 4423 23477 245 35297 35052 3948
58779 3492 12651 304 46128 45824 2074
58808 597 10791 368 48017 47649 1795
58809 1474 43466 71 15343 15272 6994
58810 3100 27566 81 31244 31163 4536
58938 216 43597 22 15341 15319 7025
58970 3840 27655 89 31315 31226 4525
58980 350 37581 59 21399 21340 6021
59103 4810 20216 207 38887 38680 3446
59260 3268 37722 57 21538 21481 6084
59316 15 17336 315 41980 41665 2875
59328 2281 27849 89 31479 31390 4551
59345 4282 51007 10 8338 8328 8328
59362 0 37829 56 21533 21477 6088
59370 569 37812 78 21558 21480 6088
59378 2888 12845 258 46533 46275 2101
59416 2124 20291 297 39125 38828 3447
59550 2030 12835 350 46715 46365 2107
59668 2515 27978 192 31690 31498 4574
59699 1171 6897 375 52802 52427 1148
59754 4142 17600 160 42154 41994 2923
59763 1350 23906 328 35857 35529 4004
59814 1831 28158 83 31656 31573 4574
59881 103 28102 173 31779 31606 4588
59986 3850 44467 26 15519 15493 7097
60035 4821 38272 105 21763 21658 6163
60112 1224 28262 149 31850 31701 4606
60130 4884 38406 42 21724 21682 6181
60201 2704 51765 16 8436 8420 8420
60229 1850 17713 190 42516 42326 2928
60337 1328 33004 112 27333 27221 5441
60408 3048 5122 479 55286 54807 860
60527 1542 13126 310 47401 47091 2123
60540 3697 44922 33 15618 15585 7143
60653 3023 8187 380 52466 52086 1366
60970 402 8240 492 52730 52238 1360
61008 2639 28717 96 32291 32195 4696
61050 1011 28721 91 32329 32238 4703
61063 1457 28711 152 32352 32200 4692
61192 1503 45435 22 15757 15735 7212
61395 3726 52842 1 8553 8552 8552
61480 2265 21141 182 40339 40157 3593
61646 856 24815 176 36831 36655 4116
61748 2263 45798 26 15950 15924 7318
61753 2297 39386 44 22367 22323 6397
61860 3352 29079 96 32781 32685 4808
61907 2352 4450 523 57457 56934 721
61998 2036 34001 75 27997 27922 5557
62013 734 5170 603 56843 56240 881
62093 2356 15590 387 46503 46116 2581
62160 3417 15654 229 46506 46277 2603
62204 936 25064 110 37140 37030 4172
62275 2266 34162 74 28113 28039 5538
62325 1823 39692 141 22633 22492 6450
62426 600 25131 158 37295 37137 4183
62427 2705 18460 192 43967 43775 3015
62541 373 53802 11 8739 8728 8728
62625 900 29424 97 33201 33104 4851
62744 3267 18546 151 44198 44047 3051
62799 1373 18477 239 44322 44083 3036
62816 2280 46547 29 16269 16240 7452
62824 1108 54036 8 8788 8780 8780
62833 4203 7303 503 55530 55027 1163
62927 2111 54135 5 8792 8787 8787
63017 2584 4472 561 58545 57984 733
63057 2094 34576 78 28481 28403 5571
63118 1297 25369 174 37749 37575 4223
63127 174 21642 255 41485 41230 3663
63164 2895 40239 43 22925 22882 6528
63266 1844 18631 219 44635 44416 3093
63275 1030 34686 95 28589 28494 5579
63388 627 18654 189 44734 44545 3109
63392 898 40293 142 23099 22957 6561
63404 4998 29752 98 33652 33554 4991
63415 4414 25482 182 37933 37751 4219
63490 1204 15989 241 47501 47260 2646
63544 3508 21844 183 41700 41517 3682
63557 2823 54689 3 8868 8865 8865
63616 2065 40522 48 23094 23046 6607
63784 1562 47281 27 16503 16476 7572
63797 3795 47287 35 16510 16475 7571
63801 4695 5352 563 58449 57886 914
63887 4440 18803 199 45084 44885 3181
64006 3993 16114 243 47892 47649 2688
64021 3106 25753 131 38268 38137 4277
64082 3422 55138 18 8944 8926 8926
64171 1821 3420 562 60751 60189 519
64301 4756 8681 418 55620 55202 1419
64338 1050 7496 408 56842 56434 1202
64358 221 8731 332 55627 55295 1421
64601 1190 47833 91 16768 16677 7695
64699 4117 47938 39 16761 16722 7707
64837 1196 13977 332 50860 50528 2276
64848 3363 41326 46 23522 23476 6705
64911 3482 26187 86 38724 38638 4337
64911 4848 55888 19 9023 9004 9004
65000 1042 5468 524 59532 59008 933
65123 1726 26185 178 38938 38760 4331
65154 2102 41513 45 23641 23596 6726
65472 3329 14120 267 51352 51085 2307
65603 2226 41744 137 23859 23722 6764
65611 2310 22654 162 42957 42795 3774
65655 1752 19259 336 46396 46060 3278
65694 3266 36064 68 29630 29562 5785
65700 1255 36034 149 29666 29517 5767
65809 1153 30969 100 34840 34740 5149
65908 2574 12172 406 53736 53330 1990
65912 3381 36175 69 29737 29668 5799
65957 2324 14103 492 51854 51362 2304
65965 557 26595 123 39370 39247 4395
65975 4809 6505 467 59470 59003 1112
65985 4243 48894 36 17091 17055 7908
66012 2096 12240 287 53772 53485 2002
66045 4605 7661 451 58384 57933 1251
66215 1180 31153 85 35062 34977 5181
66266 4240 36380 61 29886 29825 5852
66292 4521 31151 138 35141 35003 5182
66292 1341 36387 73 29905 29832 5848
66375 3953 49158 32 17217 17185 7977
66438 1150 8988 389 57450 57061 1478
66457 4147 31239 87 35218 35131 5209
66465 2638 49202 36 17263 17227 8001
66546 4668 8982 445 57564 57119 1463
66703 305 26861 180 39842 39662 4427
66814 3004 31423 96 35391 35295 5233
67105 4153 42702 150 24403 24253 6853
67108 4733 14385 386 52723 52337 2371
67122 59 57791 9 9331 9322 9322
67290 4384 31691 87 35599 35512 5254
67318 1511 23194 246 44124 43878 3884
67396 1422 23219 228 44177 43949 3902
67398 4183 49880 33 17518 17485 8130
67445 3050 23254 159 44191 44032 3915
67494 2778 37041 66 30453 30387 5948
67496 1492 6760 335 60736 60401 1132
67574 3939 19899 210 47675 47465 3390
67604 1468 31816 98 35788 35690 5267
67693 4469 7835 502 59858 59356 1287
67731 2571 50126 55 17605 17550 8162
67911 2109 43295 45 24616 24571 6939
68099 611 43396 58 24703 24645 6952
68172 3051 12639 348 55533 55185 2073
68215 2632 50436 30 17779 17749 8261
68301 1881 20093 181 48208 48027 3407
68336 3989 50560 21 17776 17755 8272
68365 4784 50585 28 17780 17752 8278
68380 924 37475 114 30905 30791 6016
68391 1031 20089 288 48302 48014 3394
68470 581 23600 202 44870 44668 3959
68663 1940 43746 46 24917 24871 7045
68676 3990 23742 140 44934 44794 3985
68677 4824 3140 579 65537 64958 441
68687 4408 17314 248 51373 51125 2877
68809 3923 37717 95 31092 30997 6074
68848 765 17399 227 51449 51222 2878
68849 1402 32365 133 36484 36351 5336
68879 1177 6751 548 62128 61580 1135
68917 2172 32370 154 36547 36393 5349
68992 3410 20428 160 48564 48404 3451
69043 3532 20373 256 48670 48414 3470
69076 4971 9393 409 59683 59274 1555
69113 4619 9429 353 59684 59331 1567
69149 2444 51221 34 17928 17894 8343
69174 2475 51229 38 17945 17907 8351
69304 3274 28072 139 41232 41093 4579
69352 4293 15141 233 54211 53978 2450
69359 1447 24026 263 45333 45070 3992
69563 756 38238 103 31325 31222 6155
69637 1715 24181 200 45456 45256 4015
69649 4466 60078 11 9571 9560 9560
69756 4982 51745 38 18011 17973 8407
69786 3698 51759 34 18027 17993 8414
69819 915 5951 434 63868 63434 1009
69889 3059 24266 184 45623 45439 4034
69959 2119 33034 93 36925 36832 5444
69990 4796 38527 70 31463 31393 6231
70018 3137 60398 18 9620 9602 9602
70029 2098 28399 184 41630 41446 4599
70157 3497 33152 82 37005 36923 5448
70310 2506 15307 283 55003 54720 2522
70334 3375 33175 178 37159 36981 5457
70545 385 52357 25 18188 18163 8451
71073 2706 15418 346 55655 55309 2555
71097 1916 21020 312 50077 49765 3587
71213 2635 24653 341 46560 46219 4111
71245 2729 28865 178 42380 42202 4727
71278 2811 39226 71 32052 31981 6364
71331 2371 39251 78 32080 32002 6382
71351 651 5157 529 66194 65665 873
71367 3860 39273 74 32094 32020 6381
71456 934 13349 330 58107 57777 2159
71535 683 28927 219 42608 42389 4756
71551 4574 33774 167 37777 37610 5523
71700 192 18194 219 53506 53287 3000
71775 4607 8412 330 63363 63033 1391
71821 4132 39478 155 32343 32188 6392
71859 1477 39565 62 32294 32232 6413
71917 1842 21277 233 50640 50407 3634
71930 1183 11504 271 60426 60155 1888
71948 3087 46048 51 25900 25849 7333
72008 412 34031 131 37977 37846 5557
72020 224 21331 195 50689 50494 3651
72143 3527 62262 4 9881 9877 9877
72188 3314 39730 62 32458 32396 6465
72196 2961 5263 413 66933 66520 888
72220 1024 62323 19 9897 9878 9878
72274 4336 11416 483 60858 60375 1894
72321 1296 29309 175 43012 42837 4836
72376 2424 29382 129 42994 42865 4836
72552 2764 46391 47 26161 26114 7429
72589 4360 34319 81 38270 38189 5559
72630 1237 53889 34 18741 18707 8755
72698 2633 53927 38 18771 18733 8779
72915 2780 11644 396 61271 60875 1908
72965 2302 29559 193 43406 43213 4882
73005 4077 62983 18 10022 10004 10004
73081 781 54197 32 18884 18852 8821
73092 3966 54165 85 18927 18842 8806
73121 2469 18570 281 54551 54270 3061
73150 258 25367 215 47783 47568 4213
73227 4272 11724 292 61503 61211 1928
73265 3371 40256 76 33009 32933 6535
73368 1676 63320 9 10048 10039 10039
73368 704 54445 34 18923 18889 8839
73402 65 34734 92 38668 38576 5566
73558 1701 29722 239 43836 43597 4973
73591 4586 63507 1 10084 10083 10083
73660 3122 54672 21 18988 18967 8857
73764 932 18722 194 55042 54848 3140
73839 2249 40580 75 33259 33184 6608
73882 3262 6335 384 67547 67163 1065
73919 1033 29911 189 44008 43819 5032
73995 1384 10080 424 63915 63491 1687
74004 526 25729 129 48275 48146 4267
74045 2684 54976 26 19069 19043 8902
74091 2091 40702 65 33389 33324 6647
74147 2047 47420 44 26727 26683 7611
74200 842 35134 95 39066 38971 5600
74351 4622 47478 96 26873 26777 7633
74448 3056 3921 645 70527 69882 654
74543 2808 55294 39 19249 19210 8953
74579 4715 16151 280 58428 58148 2702
74619 2925 30225 127 44394 44267 5050
74644 2914 6344 530 68300 67770 1071
74720 2131 3422 603 71298 70695 521
74926 1949 26017 167 48909 48742 4318
74932 3719 22257 200 52675 52475 3727
74980 573 47888 57 27092 27035 7700
75007 213 35504 97 39503 39406 5666
75018 3980 19011 277 56007 55730 3205
75203 4722 55817 32 19386 19354 8992
75233 1132 7535 434 67698 67264 1229
75254 486 41275 133 33979 33846 6708
75316 3155 55879 39 19437 19398 9012
75439 3148 22418 167 53021 52854 3753
75484 1770 55995 39 19489 19450 9027
75598 3338 19155 224 56443 56219 3263
75787 4096 14096 229 61691 61462 2302
75829 4819 41618 75 34211 34136 6747
75887 3838 35868 93 40019 39926 5762
75891 3152 16414 267 59477 59210 2766
75938 1874 14089 307 61849 61542 2306
76076 2140 12012 491 64064 63573 1980
76082 4219 30742 201 45340 45139 5152
76261 93 48622 127 27639 27512 7848
76378 390 48751 43 27627 27584 7888
76422 2909 12149 328 64273 63945 1977
76478 2167 48815 49 27663 27614 7887
76544 1393 7643 436 68901 68465 1250
76648 3584 22729 267 53919 53652 3785
76651 2457 16657 237 59994 59757 2780
76671 4987 5536 595 71135 70540 935
76750 4422 36310 100 40440 40340 5814
76985 1956 22903 121 54082 53961 3816
77036 3629 42285 68 34751 34683 6833
77042 848 36354 173 40688 40515 5838
77070 596 36429 97 40641 40544 5848
77177 2994 42357 68 34820 34752 6831
77282 794 14318 346 62964 62618 2362
77532 4247 26897 164 50635 50471 4435
77689 1880 57574 39 20115 20076 9284
77722 391 42591 140 35131 34991 6836
77727 1066 23047 232 54680 54448 3850
78005 3802 31561 165 46444 46279 5249
78042 3341 42837 73 35205 35132 6844
78051 2713 12369 464 65682 65218 2041
78086 3128 49724 52 28362 28310 8100
78343 4210 12512 302 65831 65529 2043
78406 4801 67494 1 10912 10911 10911
78464 270 58157 33 20307 20274 9364
78561 3536 31763 179 46798 46619 5259
78600 609 67650 4 10950 10946 10946
78734 91 58354 40 20380 20340 9381
78750 1027 17114 216 61636 61420 2844
78762 1739 43214 71 35548 35477 6920
78987 3014 67979 15 11008 10993 10993
78998 2945 58476 103 20522 20419 9415
79289 3867 23522 142 55767 55625 3970
79302 4671 37381 130 41921 41791 6003
79366 1860 50437 100 28929 28829 8279
79413 832 58837 34 20576 20542 9478
79503 2512 58907 34 20596 20562 9476
79591 2751 27626 177 51965 51788 4524
79622 1895 37586 84 42036 41952 6027
79644 4760 59005 39 20639 20600 9497
79675 2016 43659 66 36016 35950 7053
79688 4556 37618 92 42070 41978 6026
79696 4999 17233 418 62463 62045 2860
79792 467 32287 182 47505 47323 5343
79925 3901 17397 270 62528 62258 2869
79974 2205 68872 10 11102 11092 11092
80014 4110 43796 187 36218 36031 7066
80210 2530 14997 299 65213 64914 2438
80249 2801 44079 77 36170 36093 7064
80291 2926 2704 669 77587 76918 399
80382 831 9443 404 70939 70535 1574
80442 4087 69286 7 11156 11149 11149
80543 440 38163 89 42380 42291 6136
80711 4950 20574 253 60137 59884 3512
80734 2303 15050 519 65684 65165 2443
80781 4217 9425 485 71356 70871 1568
80879 333 44489 63 36390 36327 7089
81031 2782 44594 63 36437 36374 7089
81366 112 24239 307 57127 56820 4019
81437 4904 17740 387 63697 63310 2915
81452 1997 33081 158 48371 48213 5452
81473 4535 28424 203 53049 52846 4611
81480 4258 60487 13 20993 20980 9643
81606 314 28400 291 53206 52915 4614
81699 3823 70307 9 11392 11383 11383
81758 318 15304 317 66454 66137 2506
81769 197 24464 224 57305 57081 4046
81770 1037 44986 154 36784 36630 7148
81805 3230 60726 10 21079 21069 9672
81809 1464 20883 178 60926 60748 3592
81911 3029 70466 18 11445 11427 11427
81961 171 20807 399 61154 60755 3581
81990 4590 33337 144 48653 48509 5475
82012 2537 70545 16 11467 11451 11451
82020 1618 20819 305 61201 60896 3590
82025 291 38861 93 43164 43071 6280
82043 1145 45167 77 36876 36799 7172
82084 2944 9604 507 72480 71973 1601
82088 4783 15356 293 66732 66439 2528
82097 4518 52400 49 29697 29648 8467
82156 4199 24593 165 57563 57398 4065
82198 4412 38900 96 43298 43202 6299
82265 604 38945 92 43320 43228 6304
82400 4028 70873 16 11527 11511 11511
82591 954 28795 232 53796 53564 4700
82710 3299 18008 333 64702 64369 2982
82718 2721 61305 22 21413 21391 9790
82782 2869 7169 379 75613 75234 1137
82801 4029 33584 193 49217 49024 5500
82815 1079 71193 19 11622 11603 11603
83015 1382 45637 145 37378 37233 7254
83085 1595 3796 611 79289 78678 613
83124 3487 39320 92 43804 43712 6382
83359 4332 5173 506 78186 77680 887
83375 2239 21240 176 62135 61959 3626
83473 2541 39478 134 43995 43861 6398
83583 3406 53361 44 30222 30178 8638
83721 4954 15645 305 68076 67771 2598
83826 300 46161 66 37665 37599 7351
83841 1206 72123 14 11718 11704 11704
84108 680 62423 27 21685 21658 9897
84148 3516 53735 44 30413 30369 8699
84154 525 13512 335 70642 70307 2227
84216 1112 62492 28 21724 21696 9907
84231 692 3311 555 80920 80365 503
84267 3512 46292 161 37975 37814 7394
84317 2742 9872 478 74445 73967 1631
84416 1211 4532 539 79884 79345 722
84440 4052 15828 293 68612 68319 2612
84482 1538 34351 111 50131 50020 5556
84641 2733 72827 19 11814 11795 11795
84660 4773 25303 196 59357 59161 4185
84746 211 21582 222 63164 62942 3671
84950 1839 15889 399 69061 68662 2624
84953 1604 40106 109 44847 44738 6539
84964 2103 7343 491 77621 77130 1177
85052 496 63129 31 21923 21892 10020
85094 4566 21692 262 63402 63140 3674
85115 1753 21612 459 63503 63044 3661
85231 4946 15949 376 69282 68906 2621
85300 137 40319 103 44981 44878 6562
85405 3579 18646 268 66759 66491 3103
85531 2059 47013 136 38518 38382 7532
85537 3792 13692 379 71845 71466 2242
85588 502 73675 10 11913 11903 11903
85687 2183 73748 5 11939 11934 11934
85827 1462 25622 201 60205 60004 4236
85838 625 29878 206 55960 55754 5028
85879 124 63778 27 22101 22074 10105
86011 2951 63890 23 22121 22098 10132
86057 3780 11844 419 74213 73794 1939
86080 4128 2155 697 83925 83228 331
86177 200 47422 72 38755 38683 7614
86245 449 35086 214 51159 50945 5563
86310 4817 18843 269 67467 67198 3174
86322 3191 47491 82 38831 38749 7629
86692 4013 8723 368 77969 77601 1424
86705 504 25918 187 60787 60600 4296
86908 353 74830 15 12078 12063 12063
87144 2013 55613 120 31531 31411 8990
87214 3090 75097 15 12117 12102 12102
87227 2207 64734 33 22493 22460 10345
87245 790 41238 97 46007 45910 6701
87255 879 19068 291 68187 67896 3214
87281 1723 19033 291 68248 67957 3223
87399 261 6480 440 80919 80479 1077
87406 529 75267 6 12139 12133 12133
87505 2068 30530 169 56975 56806 5075
87510 516 48060 133 39450 39317 7769
87680 2237 11986 461 75694 75233 1981
87767 1948 12073 379 75694 75315 1961
87841 3252 41522 94 46319 46225 6731
87890 3304 41551 91 46339 46248 6742
88003 3045 30677 169 57326 57157 5131
88025 1456 35746 281 52279 51998 5726
88193 3897 8786 545 79407 78862 1443
88345 4941 56460 52 31885 31833 9101
88468 1268 65642 33 22826 22793 10526
88488 2474 56469 137 32019 31882 9109
88521 2432 41843 151 46678 46527 6765
88637 3441 65764 26 22873 22847 10548
88664 702 30873 179 57791 57612 5168
88778 2615 65846 24 22932 22908 10567
88959 2003 65970 26 22989 22963 10606
88984 4091 48867 69 40117 40048 7918
89033 4234 36227 180 52806 52626 5803
89090 814 56900 59 32190 32131 9167
89115 2039 66105 40 23010 22970 10614
89472 4870 26717 187 62755 62568 4416
89493 2288 36442 103 53051 52948 5853
89861 362 10518 438 79343 78905 1759
89867 4166 57367 52 32500 32448 9252
89924 2598 26858 220 63066 62846 4430
89945 3351 22891 408 67054 66646 3824
89981 276 49400 86 40581 40495 7995
90055 1988 77600 4 12455 12451 12451
90067 4816 19666 220 70401 70181 3362
90208 1581 42637 100 47571 47471 6838
90388 4994 77853 16 12535 12519 12519
90621 3992 31597 183 59024 58841 5254
90682 35 57851 58 32831 32773 9351
90710 4330 42877 91 47833 47742 6857
90713 4178 10646 383 80067 79684 1776
90733 982 42874 111 47859 47748 6852
90752 741 67285 39 23467 23428 10873
90836 3463 7817 410 83019 82609 1284
90860 2628 57932 83 32928 32845 9371
90878 4750 31658 210 59220 59010 5270
90881 543 42908 160 47973 47813 6852
91061 343 49945 65 41116 41051 8162
91094 2125 58050 154 33044 32890 9368
91114 3709 31737 210 59377 59167 5262
91189 3281 58212 51 32977 32926 9366
91290 3893 58303 49 32987 32938 9370
91389 3972 58367 45 33022 32977 9389
91477 4650 7935 399 83542 83143 1292
91522 4287 78868 11 12654 12643 12643
91541 4814 14736 299 76805 76506 2372
91584 1410 67924 28 23660 23632 10983
91586 717 37262 131 54324 54193 6006
91604 2173 14700 313 76904 76591 2379
91671 3906 79005 15 12666 12651 12651
91734 4339 50278 140 41456 41316 8228
91881 4462 37366 157 54515 54358 6000
91915 605 43403 119 48512 48393 6958
92089 4882 68274 29 23815 23786 11061
92187 4762 23511 260 68676 68416 3964
92258 2760 9305 404 82953 82549 1535
92398 768 14846 362 77552 77190 2408
92463 2905 23658 251 68805 68554 3958
92513 2568 6850 437 85663 85226 1141
92546 4960 20212 315 72334 72019 3431
92574 829 79790 11 12784 12773 12773
92637 3373 50865 63 41772 41709 8323
92759 1760 10954 416 81805 81389 1829
92889 2899 68972 38 23917 23879 11108
92890 3602 51060 63 41830 41767 8320
92907 3362 9390 392 83517 83125 1547
92929 4204 15020 277 77909 77632 2436
92940 3929 37764 226 55176 54950 6085
92964 4165 12917 255 80047 79792 2113
92970 2093 27818 304 65152 64848 4552
92984 3710 51122 78 41862 41784 8331
93029 3963 51122 112 41907 41795 8332
93056 368 12904 305 80152 79847 2120
93100 2283 80283 8 12817 12809 12809
93205 4205 44167 77 49038 48961 7085
93329 4942 24035 243 69294 69051 3995
93379 2938 69344 30 24035 24005 11156
93475 2243 59831 72 33644 33572 9536
93586 4657 9475 532 84111 83579 1584
93601 4213 24108 265 69493 69228 3999
93806 4996 38222 196 55584 55388 6160
93842 119 69631 27 24211 24184 11285
93845 4285 51640 62 42205 42143 8396
93917 1312 69682 34 24235 24201 11289
93960 4664 60112 57 33848 33791 9563
94084 1731 28343 153 65741 65588 4601
94352 3149 44779 96 49573 49477 7116
94434 240 20755 292 73679 73387 3570
94436 2875 11218 470 83218 82748 1860
94476 1506 60467 58 34009 33951 9621
94624 3326 38592 197 56032 55835 6256
94700 749 28459 309 66241 65932 4629
94724 2545 45011 90 49713 49623 7144
94769 996 70325 28 24444 24416 11393
94913 4266 52271 87 42642 42555 8425
94937 4634 28572 183 66365 66182 4667
95020 1078 52310 74 42710 42636 8457
95028 2399 24496 226 70532 70306 4055
95035 2242 38843 114 56192 56078 6277
95177 2518 17953 303 77224 76921 2966
95212 3735 82102 13 13110 13097 13097
95399 4244 82262 20 13137 13117 13117
95454 1435 33410 194 62044 61850 5479
95530 2874 61065 53 34465 34412 9746
95636 613 28752 150 66884 66734 4720
95647 1781 82445 10 13202 13192 13192
95821 3866 8290 496 87531 87035 1362
95849 1601 24609 321 71240 70919 4092
95893 4041 45450 118 50443 50325 7227
95991 4907 13252 385 82739 82354 2161
96057 1427 71203 28 24854 24826 11599
96100 2959 18061 394 78039 77645 2998
96102 1992 18026 368 78076 77708 2989
96173 4129 71301 28 24872 24844 11614
96242 4115 45598 163 50644 50481 7259
96308 3845 45670 109 50638 50529 7262
96420 389 83109 18 13311 13293 13293
96512 4646 28954 224 67558 67334 4766
96548 3094 71572 33 24976 24943 11638
96604 176 33769 209 62835 62626 5528
96799 2744 61885 54 34914 34860 9859
96990 586 29070 308 67920 67612 4801
97027 2285 15694 229 81333 81104 2601
97102 1690 83714 14 13388 13374 13374
97190 2264 62169 55 35021 34966 9878
97195 1127 13458 329 83737 83408 2201
97389 3955 62311 40 35078 35038 9878
97415 1735 53619 80 43796 43716 8678
97434 4064 62335 42 35099 35057 9886
97461 3857 84023 10 13438 13428 13428
97674 1929 5202 595 92472 91877 894
97743 2275 11587 387 86156 85769 1913
97888 1087 53823 79 44065 43986 8737
97994 4418 46390 160 51604 51444 7421
98053 3773 72638 80 25415 25335 11785
98057 4981 72702 23 25355 25332 11787
98063 2042 25170 363 72893 72530 4165
98113 755 39901 226 58212 57986 6495
98140 115 25280 220 72860 72640 4168
98172 2062 39970 161 58202 58041 6521
98241 913 84669 12 13572 13560 13560
98332 983 6186 640 92146 91506 1074
98343 4322 34398 239 63945 63706 5552
98361 1576 21600 339 76761 76422 3665
98392 1317 72971 31 25421 25390 11843
98487 152 62993 44 35494 35450 10013
98583 3632 54231 71 44352 44281 8810
98596 3791 46720 88 51876 51788 7494
98690 4534 34531 263 64159 63896 5572
98776 778 34633 187 64143 63956 5579
98846 1578 73359 24 25487 25463 11870
99055 1348 29645 406 69410 69004 4943
99080 4251 25471 242 73609 73367 4216
99111 1347 29765 190 69346 69156 5008
99129 3313 63474 44 35655 35611 10076
99189 2203 54611 126 44578 44452 8855
99336 2973 54695 78 44641 44563 8869
99355 1692 54723 64 44632 44568 8883
99399 603 21790 430 77609 77179 3676
99468 1300 73829 29 25639 25610 11964
99487 3587 40589 90 58898 58808 6615
99516 1164 47230 93 52286 52193 7572
99647 4400 18803 279 80844 80565 3172
99654 1419 40635 190 59019 58829 6612
99793 1249 47336 130 52457 52327 7613
99919 1793 30028 224 69891 69667 5050
