891 4439 329 17 562 545 545
920 9355 7 136 913 777 0
2587 9197 346 29 2241 2212 575
3396 9122 422 36 2974 2938 761
3689 7748 474 25 3215 3190 833
3722 6467 42 88 3680 3592 26
3766 5631 1371 6 2395 2389 2389
4227 9867 557 40 3670 3630 959
4354 6436 571 29 3783 3754 1023
4741 4360 596 22 4145 4123 1116
5288 4447 276 51 5012 4961 394
5522 7687 295 48 5227 5179 438
5598 6597 757 32 4841 4809 1252
5767 7992 779 27 4988 4961 1293
5807 6534 2106 18 3701 3683 3683
5888 7970 805 36 5083 5047 1330
6443 1529 2377 9 4066 4057 4057
6610 9936 2469 11 4141 4130 4130
7146 4039 2713 19 4433 4414 4414
7150 8624 986 23 6164 6141 1707
10342 3683 3757 2 6585 6583 6583
10361 1312 3759 18 6602 6584 6584
10416 9966 1372 32 9044 9012 2395
10728 1622 3856 6 6872 6866 6866
11573 4140 4127 14 7446 7432 7432
12208 7355 4337 4 7871 7867 7867
12337 4248 1627 22 10710 10688 2749
12541 5492 4468 3 8073 8070 8070
14413 5655 1854 77 12559 12482 3237
14584 2734 5211 1 9373 9372 9372
14845 2698 5284 12 9561 9549 9549
15541 7785 1990 67 13551 13484 3496
15569 2502 5556 6 10013 10007 10007
15786 838 5637 13 10149 10136 10136
15876 886 5678 14 10198 10184 10184
16485 3330 5900 14 10585 10571 10571
17166 4086 6108 20 11058 11038 11038
17445 2392 2270 36 15175 15139 3955
17553 4228 6304 17 11249 11232 11232
18299 1165 6556 3 11743 11740 11740
18505 1551 2456 45 16049 16004 4135
19486 8850 953 44 18533 18489 1656
19631 7755 354 78 19277 19199 588
19660 8434 2670 27 16990 16963 4365
20406 4995 7314 3 13092 13089 13089
20511 4318 7332 20 13179 13159 13159
20750 7559 7430 18 13320 13302 13302
21679 2463 2879 29 18800 18771 4913
22590 6458 1060 58 21530 21472 1910
22787 5576 53 193 22734 22541 55
22865 1669 1072 54 21793 21739 1954
22955 6035 3057 21 19898 19877 5192
23096 2299 1087 54 22009 21955 1960
24338 7579 68 190 24270 24080 61
24435 504 1099 69 23336 23267 2053
25426 3179 9168 11 16258 16247 16247
25783 4328 9320 11 16463 16452 16452
25843 8560 3372 37 22471 22434 5938
26014 3627 9392 10 16622 16612 16612
26248 3767 9504 3 16744 16741 16741
27406 7031 9892 12 17514 17502 17502
29798 6970 10673 18 19125 19107 19107
30443 5085 10868 5 19575 19570 19570
30793 7038 3980 33 26813 26780 7019
31644 6203 11330 12 20314 20302 20302
31956 71 4084 23 27872 27849 7332
32331 3516 11558 14 20773 20759 20759
33856 131 12144 9 21712 21703 21703
34059 3182 12196 8 21863 21855 21855
34456 6012 12330 12 22126 22114 22114
34980 400 12544 7 22436 22429 22429
35189 4990 12600 20 22589 22569 22569
35535 603 1672 42 33863 33821 2851
35809 7853 12837 9 22972 22963 22963
36056 7603 4600 99 31456 31357 8241
36276 1887 4633 34 31643 31609 8360
36933 7886 13241 20 23692 23672 23672
37717 202 13510 7 24207 24200 24200
39195 8552 5010 35 34185 34150 8964
39424 7026 14058 18 25366 25348 25348
40260 9973 14312 12 25948 25936 25936
40296 4650 14319 14 25977 25963 25963
40357 4326 14322 18 26035 26017 26017
41327 480 14654 11 26673 26662 26662
42622 5076 15064 20 27558 27538 27538
43822 7368 15424 10 28398 28388 28388
43905 270 5479 39 38426 38387 9934
44224 3630 15545 14 28679 28665 28665
44850 1663 2043 59 42807 42748 3563
45170 1526 15882 1 29288 29287 29287
47212 728 16654 7 30558 30551 30551
48012 3318 16948 20 31064 31044 31044
48046 8703 6042 32 42004 41972 10898
48338 3619 17035 17 31303 31286 31286
48907 235 6164 27 42743 42716 11091
49080 509 6199 21 42881 42860 11140
49447 3554 17501 19 31946 31927 31927
50361 9214 6377 26 43984 43958 11397
50403 9993 17816 20 32587 32567 32567
50558 3459 17864 7 32694 32687 32687
51002 3885 6433 37 44569 44532 11539
52335 2382 18429 18 33906 33888 33888
53036 3610 18655 19 34381 34362 34362
53305 7624 18751 8 34554 34546 34546
53459 8691 18821 7 34638 34631 34631
53682 6326 18900 12 34782 34770 34770
56275 5556 7103 32 49172 49140 12656
56341 8898 19791 17 36550 36533 36533
56591 4941 19846 18 36745 36727 36727
57449 3467 7244 37 50205 50168 12879
57682 3931 20228 4 37454 37450 37450
58409 7389 20450 6 37959 37953 37953
58716 6327 7352 23 51364 51341 13202
58884 214 1006 144 57878 57734 1723
59202 3414 20728 17 38474 38457 38457
59415 3593 7486 22 51929 51907 13336
60256 8956 21107 10 39149 39139 39139
60735 5859 21261 4 39474 39470 39470
60747 7258 21289 11 39458 39447 39447
60781 3088 21300 12 39481 39469 39469
61338 8599 21448 16 39890 39874 39874
61699 5675 21514 15 40185 40170 40170
61736 7240 7735 35 54001 53966 13766
62033 7557 2870 57 59163 59106 4901
62566 9465 2882 76 59684 59608 4931
62829 3914 21884 6 40945 40939 40939
62929 7356 1040 75 61889 61814 1867
63149 6528 7974 29 55175 55146 14019
65272 9155 8200 38 57072 57034 14559
65366 8993 22818 17 42548 42531 42531
65472 8522 22862 16 42610 42594 42594
66192 5135 8309 37 57883 57846 14752
66661 4224 1087 73 65574 65501 1981
67194 8790 23440 8 43754 43746 43746
67420 2134 23505 11 43915 43904 43904
67506 2710 23534 1 43972 43971 43971
67884 5789 3129 44 64755 64711 5355
68120 3161 8533 28 59587 59559 15204
68659 1779 23930 6 44729 44723 44723
68937 1352 8624 34 60313 60279 15408
69516 8551 24321 14 45195 45181 45181
69716 4753 24377 5 45339 45334 45334
70067 8500 24554 3 45513 45510 45510
70178 7366 8809 26 61369 61343 15769
70756 4394 24803 10 45953 45943 45943
70779 255 8905 22 61874 61852 15901
71191 5270 3258 58 67933 67875 5663
71706 185 25152 13 46554 46541 46541
72448 13 3309 44 69139 69095 5833
73820 4684 9328 82 64492 64410 16456
73894 1471 1196 77 72698 72621 2163
73997 2799 25917 18 48080 48062 48062
74521 4336 26132 6 48389 48383 48383
74548 904 9443 25 65105 65080 16674
75053 849 26295 16 48758 48742 48742
76122 7961 26679 4 49443 49439 49439
76289 2473 26752 11 49537 49526 49526
77203 1542 27146 8 50057 50049 50049
77276 3434 27158 14 50118 50104 50104
77453 4113 27235 12 50218 50206 50206
77723 8105 27306 19 50417 50398 50398
78859 4654 27670 20 51189 51169 51169
79827 8663 28031 10 51796 51786 51786
80843 1138 10244 27 70599 70572 18127
81001 5371 10268 38 70733 70695 18164
82863 3729 10482 88 72381 72293 18538
83276 4668 3836 53 79440 79387 6697
84641 3613 29792 13 54849 54836 54836
84644 3959 29804 2 54840 54838 54838
84757 1403 29844 17 54913 54896 54896
85094 790 10706 36 74388 74352 19240
85220 3802 30022 16 55198 55182 55182
85286 5744 10725 38 74561 74523 19301
85846 2328 10825 28 75021 74993 19399
86152 7812 10847 39 75305 75266 19465
87108 3327 3969 56 83139 83083 6985
87521 7569 30833 2 56688 56686 56686
87681 9003 30897 7 56784 56777 56777
87932 4196 1433 192 86499 86307 2522
88370 9468 31135 19 57235 57216 57216
88483 8813 508 112 87975 87863 904
89672 9285 31494 19 58178 58159 58159
90607 1394 31786 14 58821 58807 58807
91246 6731 32059 9 59187 59178 59178
91306 3639 32080 7 59226 59219 59219
91337 1212 32084 9 59253 59244 59244
91410 8406 32100 9 59310 59301 59301
91533 8294 32140 10 59393 59383 59383
91577 745 32172 1 59405 59404 59404
92069 1179 32340 5 59729 59724 59724
92334 843 32427 11 59907 59896 59896
92618 9942 32529 18 60089 60071 60071
93533 5513 32768 3 60765 60762 60762
93750 594 4197 47 89553 89506 7542
93948 7049 32934 1 61014 61013 61013
94003 9332 32946 12 61057 61045 61045
94068 2248 11791 29 82277 82248 21149
94154 8346 33022 3 61132 61129 61129
94176 7009 33024 11 61152 61141 61141
94990 9668 33342 19 61648 61629 61629
95014 6277 4262 42 90752 90710 7693
95046 3359 33373 10 61673 61663 61663
95357 6848 33458 11 61899 61888 61888
95523 6494 12013 36 83510 83474 21454
95597 9235 33506 10 62091 62081 62081
96019 5295 33649 15 62370 62355 62355
96073 6056 33686 11 62387 62376 62376
96520 6332 33854 10 62666 62656 62656
97011 850 34055 15 62956 62941 62941
97355 6412 34162 19 63193 63174 63174
97912 7621 34420 3 63492 63489 63489
98027 8878 34465 16 63562 63546 63546
98807 7671 4443 46 94364 94318 8017
99353 4283 12501 28 86852 86824 22367
99811 7881 35022 16 64789 64773 64773
99977 2063 35080 11 64897 64886 64886
