424 9355 7 136 417 281 0
537 6467 42 88 495 407 43
1218 7687 295 48 923 875 875
1513 4439 329 17 1184 1167 1167
1594 9197 346 29 1248 1219 1219
2005 9122 422 36 1583 1547 1547
2200 7748 474 25 1726 1701 1701
2582 6436 571 29 2011 1982 1982
2807 4360 596 22 2211 2189 2189
3168 6597 757 32 2411 2379 2379
3247 7992 779 27 2468 2441 2441
3437 7970 805 36 2632 2596 2596
4240 8850 953 44 3287 3243 3243
4363 8624 986 23 3377 3354 3354
4787 5576 53 193 4734 4541 83
5138 4447 276 51 4862 4811 765
5975 5631 1371 6 4604 4598 4598
6008 9966 1372 32 4636 4604 4604
6976 4248 1627 22 5349 5327 5327
7209 7755 354 78 6855 6777 1241
7300 603 1672 42 5628 5586 5586
9382 6534 2106 18 7276 7258 7258
10053 2392 2270 36 7783 7747 7747
10390 1529 2377 9 8013 8004 8004
10576 9936 2469 11 8107 8096 8096
10583 9867 557 40 10026 9986 1879
11197 8434 2670 27 8527 8500 8500
11356 4039 2713 19 8643 8624 8624
12573 2463 2879 29 9694 9665 9665
13227 6035 3057 21 10170 10149 10149
13685 5789 3129 44 10556 10512 10512
14663 13 3309 44 11354 11310 11310
14964 8560 3372 37 11592 11555 11555
16601 2227 235 206 16366 16160 570
16604 3683 3757 2 12847 12845 12845
16623 1312 3759 18 12864 12846 12846
17300 1622 3856 6 13444 13438 13438
17652 7038 3980 33 13672 13639 13639
17924 7579 68 190 17856 17666 106
18313 71 4084 23 14229 14206 14206
18547 4140 4127 14 14420 14406 14406
18851 594 4197 47 14654 14607 14607
19140 6277 4262 42 14878 14836 14836
19460 7355 4337 4 15123 15119 15119
19955 7671 4443 46 15512 15466 15466
20082 5492 4468 3 15614 15611 15611
20133 214 1006 144 19127 18983 3373
20778 1887 4633 34 16145 16111 16111
21200 6733 1038 89 20162 20073 3630
21390 7356 1040 75 20350 20275 3679
21721 87 4848 50 16873 16823 16823
21866 6458 1060 58 20806 20748 3779
22134 1669 1072 54 21062 21008 3869
22170 8552 5010 35 17160 17125 17125
22385 2299 1087 54 21298 21244 3905
22611 4224 1087 73 21524 21451 3956
23090 2734 5211 1 17879 17878 17878
23448 2698 5284 12 18164 18152 18152
24300 1471 1196 77 23104 23027 4222
24340 270 5479 39 18861 18822 18822
24564 2502 5556 6 19008 19002 19002
24866 838 5637 13 19229 19216 19216
25058 886 5678 14 19380 19366 19366
26225 3330 5900 14 20325 20311 20311
26723 3278 1325 169 25398 25229 4497
27163 8703 6042 32 21121 21089 21089
27499 4086 6108 20 21391 21371 21371
27691 235 6164 27 21527 21500 21500
27848 4741 1397 81 26451 26370 4746
27870 509 6199 21 21671 21650 21650
28234 4228 6304 17 21930 21913 21913
28577 9214 6377 26 22200 22174 22174
28683 2741 326 148 28357 28209 1058
29025 3885 6433 37 22592 22555 22555
29604 1165 6556 3 23048 23045 23045
30555 70 6778 47 23777 23730 23730
31591 6713 1628 88 29963 29875 5349
31746 3721 1639 88 30107 30019 5389
31830 5556 7103 32 24727 24695 24695
32190 3699 1641 78 30549 30471 5489
32456 3467 7244 37 25212 25175 25175
32902 4995 7314 3 25588 25585 25585
33107 4318 7332 20 25775 25755 25755
33182 6327 7352 23 25830 25807 25807
33222 7837 1676 89 31546 31457 5625
33345 3606 1683 98 31662 31564 5669
33441 7559 7430 18 26011 25993 25993
33515 3593 7486 22 26029 26007 26007
33536 5635 1708 107 31828 31721 5707
34411 8383 1751 77 32660 32583 5880
34776 7240 7735 35 27041 27006 27006
34969 5691 1756 83 33213 33130 6004
35607 6528 7974 29 27633 27604 27604
37190 9155 8200 38 28990 28952 28952
37445 5655 1854 77 35591 35514 6327
37755 5135 8309 37 29446 29409 29409
38911 3161 8533 28 30378 30350 30350
39486 1352 8624 34 30862 30828 30828
39568 3858 1951 80 37617 37537 6626
39988 1297 8692 41 31296 31255 31255
40181 583 406 125 39775 39650 1524
40441 414 1990 119 38451 38332 6740
40468 7366 8809 26 31659 31633 31633
40530 7785 1990 67 38540 38473 6773
40750 255 8905 22 31845 31823 31823
40876 356 2016 73 38860 38787 6856
41027 4549 2029 99 38998 38899 6894
41088 1663 2043 59 39045 38986 6938
41663 3179 9168 11 32495 32484 32484
42221 4328 9320 11 32901 32890 32890
42586 3627 9392 10 33194 33184 33184
42687 5412 9435 46 33252 33206 33206
42713 904 9443 25 33270 33245 33245
42856 2906 9491 47 33365 33318 33318
42897 3767 9504 3 33393 33390 33390
43095 6504 9547 50 33548 33498 33498
43557 4727 9615 41 33942 33901 33901
43882 7039 2212 78 41670 41592 7407
44797 7900 9871 48 34926 34878 34878
44858 7031 9892 12 34966 34954 34954
45126 6519 2257 81 42869 42788 7658
45225 941 10007 47 35218 35171 35171
46403 1138 10244 27 36159 36132 36132
46544 5371 10268 38 36276 36238 36238
46591 108 10272 46 36319 36273 36273
46621 995 2343 108 44278 44170 7850
47163 8813 508 112 46655 46543 1795
48208 1551 2456 45 45752 45707 8101
48920 6970 10673 18 38247 38229 38229
49209 790 10706 36 38503 38467 38467
49346 5744 10725 38 38621 38583 38583
49516 7035 10782 46 38734 38688 38688
49711 2328 10825 28 38886 38858 38858
49835 7812 10847 39 38988 38949 38949
49994 5085 10868 5 39126 39121 39121
50195 2572 2559 90 47636 47546 8294
50872 2464 11078 46 39794 39748 39748
51783 5696 2688 70 49095 49025 8561
51833 8056 11308 49 40525 40476 40476
51982 6203 11330 12 40652 40640 40640
52775 3333 2729 82 50046 49964 8718
53126 3516 11558 14 41568 41554 41554
53842 9478 11741 45 42101 42056 42056
54088 2248 11791 29 42297 42268 42268
54915 6494 12013 36 42902 42866 42866
55458 131 12144 9 43314 43305 43305
55830 3182 12196 8 43634 43626 43626
56498 6012 12330 12 44168 44156 44156
56603 6652 12361 41 44242 44201 44201
57241 4283 12501 28 44740 44712 44712
57338 9930 12538 45 44800 44755 44755
57346 400 12544 7 44802 44795 44795
57354 7557 2870 57 54484 54427 9623
57599 4990 12600 20 44999 44979 44979
57726 9465 2882 76 54844 54768 9692
58200 7061 12734 49 45466 45417 45417
58509 7853 12837 9 45672 45663 45663
58582 9378 2943 111 55639 55528 9809
58972 8559 12946 31 46026 45995 45995
59266 9868 648 204 58618 58414 2246
59572 6914 669 152 58903 58751 2288
60121 1485 13235 25 46886 46861 46861
60224 7886 13241 20 46983 46963 46963
60528 2529 13303 26 47225 47199 47199
60571 458 13306 42 47265 47223 47223
61287 5851 13469 39 47818 47779 47779
61403 202 13510 7 47893 47886 47886
62846 8805 729 98 62117 62019 2356
64256 3446 14029 29 50227 50198 50198
64424 7026 14058 18 50366 50348 50348
65115 7313 14219 32 50896 50864 50864
65680 7454 14282 47 51398 51351 51351
65804 5270 3258 58 62546 62488 11001
65817 9973 14312 12 51505 51493 51493
65867 4650 14319 14 51548 51534 51534
65988 4326 14322 18 51666 51648 51648
66188 9759 3259 94 62929 62835 11051
67306 7436 14630 25 52676 52651 52651
67420 480 14654 11 52766 52755 52755
67454 3484 14655 33 52799 52766 52766
68410 1675 14799 34 53611 53577 53577
69561 5076 15064 20 54497 54477 54477
69987 1137 3396 83 66591 66508 11671
70350 9411 3397 75 66953 66878 11772
71107 2284 15370 34 55737 55703 55703
71469 1168 3423 155 68046 67891 11872
71480 7368 15424 10 56056 56046 56046
72304 3630 15545 14 56759 56745 56745
72623 4528 15589 43 57034 56991 56991
72912 8588 805 151 72107 71956 2633
73960 1526 15882 1 58078 58077 58077
74976 1945 3607 156 71369 71213 12325
75623 9165 833 159 74790 74631 2787
76127 1291 16284 37 59843 59806 59806
76224 5090 3721 95 72503 72408 12546
77341 728 16654 7 60687 60680 60680
78401 4668 3836 53 74565 74512 13010
78670 3318 16948 20 61722 61702 61702
78859 3935 871 175 77988 77813 2914
79175 3619 17035 17 62140 62123 62123
79250 8718 3839 73 75411 75338 13156
80860 5592 17489 31 63371 63340 63340
80880 3554 17501 19 63379 63360 63360
81168 2497 17552 28 63616 63588 63588
81398 1920 3938 122 77460 77338 13565
81414 3327 3969 56 77445 77389 13589
81511 6891 17616 45 63895 63850 63850
82555 9993 17816 20 64739 64719 64719
82766 3459 17864 7 64902 64895 64895
83162 3205 17928 37 65234 65197 65197
85688 2382 18429 18 67259 67241 67241
85733 3315 18436 32 67297 67265 67265
86030 5008 18469 22 67561 67539 67539
86609 3936 18579 44 68030 67986 67986
86771 3610 18655 19 68116 68097 68097
87026 533 18685 29 68341 68312 68312
87234 4099 4171 72 83063 82991 14490
87325 7624 18751 8 68574 68566 68566
87592 8691 18821 7 68771 68764 68764
87898 6326 18900 12 68998 68986 68986
88300 2373 4205 92 84095 84003 14698
89480 8222 19122 39 70358 70319 70319
91111 7187 19475 36 71636 71600 71600
91289 4373 252 260 91037 90777 655
92072 688 4371 135 87701 87566 15236
92402 8898 19791 17 72611 72594 72594
92824 4941 19846 18 72978 72960 72960
94699 3931 20228 4 74471 74467 74467
94806 3328 20254 42 74552 74510 74510
94895 420 20277 37 74618 74581 74581
95525 3820 20397 32 75128 75096 75096
95619 6673 4536 108 91083 90975 15781
96052 7389 20450 6 75602 75596 75596
96190 8013 1025 104 95165 95061 3484
96390 7340 20510 40 75880 75840 75840
96838 7603 4600 99 92238 92139 15895
97574 3206 4627 88 92947 92859 16015
97613 1504 20704 38 76909 76871 76871
97699 1176 20728 27 76971 76944 76944
97768 3414 20728 17 77040 77023 77023
99125 8332 21036 37 78089 78052 78052
99459 8956 21107 10 78352 78342 78342
