194 4176 40 101 154 53 0
195 1479 145 3 50 47 47
524 4753 278 29 246 217 217
705 4207 126 165 579 414 0
777 4689 234 127 543 416 76
824 2037 240 96 584 488 138
1001 1959 271 95 730 635 218
1237 4959 187 157 1050 893 59
1262 3260 657 20 605 585 585
1272 763 319 59 953 894 308
1303 2812 170 193 1133 940 65
1512 4976 400 83 1112 1029 307
1812 1686 529 90 1283 1193 376
2059 4827 583 96 1476 1380 441
2084 3573 621 74 1463 1389 417
2290 110 200 177 2090 1913 70
2471 4185 657 73 1814 1741 581
2515 3775 1358 38 1157 1119 1119
2649 3109 748 73 1901 1828 675
2747 1725 736 147 2011 1864 663
2755 4352 777 57 1978 1921 713
2873 3061 795 54 2078 2024 720
3081 4512 1687 21 1394 1373 1373
3155 1430 166 246 2989 2743 30
3314 3721 1793 6 1521 1515 1515
3415 4910 1801 49 1614 1565 1565
3549 4372 67 276 3482 3206 0
3836 3692 2081 42 1755 1713 1713
3879 100 1101 67 2778 2711 984
3917 4123 285 230 3632 3402 240
4528 2051 131 343 4397 4054 10
4532 977 1279 143 3253 3110 1190
4556 2529 2596 27 1960 1933 1933
4598 2366 1411 69 3187 3118 1189
4605 4254 2695 12 1910 1898 1898
4693 98 2738 45 1955 1910 1910
5113 1345 828 185 4285 4100 738
5151 3445 1656 158 3495 3337 1284
5189 106 3092 37 2097 2060 2060
5239 4457 3107 43 2132 2089 2089
5350 2079 3156 7 2194 2187 2187
5524 1963 1728 95 3796 3701 1428
5547 1846 1743 59 3804 3745 1469
5709 2576 3349 15 2360 2345 2345
5746 4436 896 178 4850 4672 802
5748 1965 3377 1 2371 2370 2370
5904 3605 3442 22 2462 2440 2440
6142 861 3552 16 2590 2574 2574
6176 2155 3570 7 2606 2599 2599
6226 512 981 186 5245 5059 859
6266 2595 3587 39 2679 2640 2640
6358 4446 3654 18 2704 2686 2686
6598 2599 3842 23 2756 2733 2733
6681 677 3885 50 2796 2746 2746
6994 1313 2300 66 4694 4628 1718
7005 2578 2249 139 4756 4617 1693
7193 967 4167 48 3026 2978 2978
7563 169 1224 132 6339 6207 1129
7676 4776 4378 15 3298 3283 3283
8336 3777 4686 14 3650 3636 3636
8382 1612 4725 27 3657 3630 3630
8452 1017 4743 34 3709 3675 3675
8882 646 2881 70 6001 5931 2030
9675 1674 1697 167 7978 7811 1385
9792 2848 3178 145 6614 6469 2173
9875 1709 463 327 9412 9085 362
10001 1706 5605 8 4396 4388 4388
10291 4751 5704 35 4587 4552 4552
10584 90 21 503 10563 10060 0
10803 1909 3456 82 7347 7265 2442
10835 549 3467 61 7368 7307 2438
11406 4279 3593 74 7813 7739 2652
11609 1163 3666 68 7943 7875 2681
11716 4561 1043 221 10673 10452 872
11879 4391 1080 204 10799 10595 942
11999 1337 3818 49 8181 8132 2731
12045 3872 2074 107 9971 9864 1702
12104 1088 6667 28 5437 5409 5409
12511 572 3996 148 8515 8367 2814
12528 1361 1120 291 11408 11117 1024
12540 3841 4053 57 8487 8430 2867
12662 2329 1122 307 11540 11233 1065
12937 3280 2352 130 10585 10455 1814
13105 1586 2370 186 10735 10549 1801
13224 2345 311 352 12913 12561 265
13302 232 7497 17 5805 5788 5788
13320 2165 4318 57 9002 8945 3137
13515 4405 2445 130 11070 10940 1840
13539 904 2391 215 11148 10933 1829
13945 3447 4411 61 9534 9473 3334
14326 2556 7974 7 6352 6345 6345
14379 295 4559 62 9820 9758 3404
14617 2176 701 251 13916 13665 603
15087 2411 8439 9 6648 6639 6639
15136 422 8466 4 6670 6666 6666
15361 2589 8575 32 6786 6754 6754
15561 4093 8702 34 6859 6825 6825
15779 3342 4935 87 10844 10757 3833
16076 1431 8974 4 7102 7098 7098
16259 2647 1555 370 14704 14334 1245
16333 3571 2934 204 13399 13195 2041
16387 1771 9121 40 7266 7226 7226
16666 2851 2976 156 13690 13534 2089
16689 1728 9281 7 7408 7401 7401
17427 3286 5399 72 12028 11956 4199
18103 887 10068 16 8035 8019 8019
18191 424 10115 14 8076 8062 8062
18225 1051 3277 169 14948 14779 2281
18331 589 5688 84 12643 12559 4486
18508 4461 3343 115 15165 15050 2300
18727 1295 1774 166 16953 16787 1524
18965 2292 5864 100 13101 13001 4721
19151 630 5895 89 13256 13167 4825
19199 2911 10789 47 8410 8363 8363
19234 4701 10799 34 8435 8401 8401
19515 3560 3485 162 16030 15868 2471
19677 905 11072 12 8605 8593 8593
19868 1947 6150 61 13718 13657 5027
19881 4060 6099 132 13782 13650 5015
20092 2479 11341 11 8751 8740 8740
20096 1684 6166 103 13930 13827 5088
20226 1333 6302 61 13924 13863 5104
20244 50 11437 50 8807 8757 8757
20252 515 11466 7 8786 8779 8779
20270 4618 11486 3 8784 8781 8781
20312 95 11523 7 8789 8782 8782
20597 2804 6409 71 14188 14117 5231
20909 437 6493 92 14416 14324 5318
21050 634 6543 81 14507 14426 5403
21402 4396 12207 3 9195 9192 9192
21429 3356 12179 42 9250 9208 9208
21555 2333 12241 36 9314 9278 9278
21657 1074 1086 352 20571 20219 948
21661 456 6835 53 14826 14773 5417
21779 2236 12336 5 9443 9438 9438
22459 2689 7144 60 15315 15255 5519
22700 872 7213 66 15487 15421 5554
22766 1890 642 280 22124 21844 498
22838 973 12894 41 9944 9903 9903
22993 2999 7286 94 15707 15613 5605
23019 4426 12964 25 10055 10030 10030
23071 3965 1206 252 21865 21613 1091
23221 1442 4256 155 18965 18810 3046
23585 1248 13218 46 10367 10321 10321
23599 2272 13234 13 10365 10352 10352
23612 3951 13241 26 10371 10345 10345
23706 4106 13281 32 10425 10393 10393
23917 1324 2400 245 21517 21272 1851
23994 3754 13389 25 10605 10580 10580
24117 79 13452 27 10665 10638 10638
24679 4134 655 323 24024 23701 536
24718 2418 4374 186 20344 20158 3269
24810 724 7722 88 17088 17000 6009
24833 4291 7748 62 17085 17023 6019
24987 2592 13956 26 11031 11005 11005
25035 3922 13971 18 11064 11046 11046
25258 4579 14055 45 11203 11158 11158
25548 746 7932 76 17616 17540 6215
25921 3069 698 419 25223 24804 575
25926 1217 8042 67 17884 17817 6338
25987 3125 14452 9 11535 11526 11526
25996 2590 8054 65 17942 17877 6384
26025 1608 8080 69 17945 17876 6409
26045 4097 4582 198 21463 21265 3416
26107 4182 8102 80 18005 17925 6445
26259 1343 8127 110 18132 18022 6456
26800 4193 235 519 26565 26046 92
26829 3035 14942 41 11887 11846 11846
26852 3979 8353 72 18499 18427 6554
26855 3898 8298 109 18557 18448 6558
26945 3535 8377 87 18568 18481 6581
27359 3689 1502 235 25857 25622 1229
27367 505 15247 25 12120 12095 12095
27588 2892 4773 207 22815 22608 3683
27948 3583 15433 12 12515 12503 12503
28014 828 4848 130 23166 23036 3755
28086 4006 15521 6 12565 12559 12559
28178 2085 15589 37 12589 12552 12552
28234 1606 15606 1 12628 12627 12627
28520 4912 726 531 27794 27263 651
28654 1285 8832 80 19822 19742 6926
28843 1934 15892 19 12951 12932 12932
28911 762 8923 66 19988 19922 6971
28940 3433 15972 3 12968 12965 12965
29085 4705 8940 97 20145 20048 7052
29371 491 5034 119 24337 24218 3910
29515 319 419 414 29096 28682 341
29627 2082 16369 15 13258 13243 13243
29712 2922 874 260 28838 28578 705
29806 2977 9149 52 20657 20605 7264
29958 2558 9177 100 20781 20681 7330
29962 4338 5139 104 24823 24719 4006
30176 802 2996 186 27180 26994 2081
30245 3974 9243 92 21002 20910 7388
30307 4337 5139 206 25168 24962 4027
30426 4058 16818 9 13608 13599 13599
30530 519 9373 76 21157 21081 7417
30702 2843 9401 68 21301 21233 7521
30762 2116 5236 167 25526 25359 4127
30879 4222 17077 34 13802 13768 13768
30978 4792 17143 34 13835 13801 13801
31288 2422 17282 14 14006 13992 13992
31320 1925 5267 121 26053 25932 4195
31410 3828 17373 45 14037 13992 13992
31799 3446 17554 37 14245 14208 14208
31916 1790 3185 183 28731 28548 2197
31973 3047 3191 234 28782 28548 2232
32132 674 17743 28 14389 14361 14361
32197 1122 9876 63 22321 22258 7833
32296 367 3205 202 29091 28889 2264
32368 3513 9932 83 22436 22353 7879
32412 4004 5495 231 26917 26686 4292
32582 2080 1729 246 30853 30607 1432
32698 1389 18028 48 14670 14622 14622
32795 3706 10030 106 22765 22659 7971
33050 4010 254 447 32796 32349 184
33111 455 18325 9 14786 14777 14777
33868 3519 10330 88 23538 23450 8264
33918 2957 18655 22 15263 15241 15241
34235 2570 5709 192 28526 28334 4597
34449 1645 18834 49 15615 15566 15566
34504 3502 18859 13 15645 15632 15632
34597 622 18880 18 15717 15699 15699
34668 582 18913 32 15755 15723 15723
34921 3887 10663 90 24258 24168 8330
34980 1950 10696 24 24284 24260 8366
35925 2066 3499 179 32426 32247 2480
35994 3119 3487 210 32507 32297 2491
36044 4989 6028 199 30016 29817 4863
36155 3613 6064 100 30091 29991 4898
36346 3276 19739 40 16607 16567 16567
36422 3241 269 495 36153 35658 175
36567 1522 19896 4 16671 16667 16667
36675 2915 11276 59 25399 25340 8667
36703 2437 1911 277 34792 34515 1608
36712 3344 1874 271 34838 34567 1601
36802 4326 11304 97 25498 25401 8709
36878 2661 6166 143 30712 30569 5062
36975 2969 532 430 36443 36013 383
36993 4425 20205 25 16788 16763 16763
37059 4868 1883 281 35176 34895 1595
37275 1133 563 340 36712 36372 425
37281 4771 1926 262 35355 35093 1624
37417 2435 11572 57 25845 25788 8792
37481 874 1906 352 35575 35223 1597
37548 1271 20476 33 17072 17039 17039
37789 3494 11678 87 26111 26024 8847
37824 1458 20590 15 17234 17219 17219
37898 4043 547 373 37351 36978 419
37979 3785 11701 79 26278 26199 8897
38277 3348 20790 29 17487 17458 17458
38476 27 20906 8 17570 17562 17562
39032 1290 21235 21 17797 17776 17776
39154 540 12152 63 27002 26939 9091
39283 3561 6672 135 32611 32476 5452
39592 3861 21519 19 18073 18054 18054
39608 3207 6739 205 32869 32664 5428
40039 3731 6780 199 33259 33060 5441
40329 2602 2112 358 38217 37859 1725
40420 3117 22064 29 18356 18327 18327
40454 938 22073 46 18381 18335 18335
40782 1425 2277 272 38505 38233 1697
41069 1307 4062 285 37007 36722 2883
41119 280 12720 77 28399 28322 9775
41579 4626 12880 90 28699 28609 9887
41728 2212 7259 107 34469 34362 5630
41822 1096 4198 174 37624 37450 2996
41825 3894 22953 39 18872 18833 18833
41836 1100 22981 13 18855 18842 18842
42199 1142 1144 466 41055 40589 1092
42373 2816 7367 126 35006 34880 5711
43122 3599 13316 88 29806 29718 10442
43170 2434 7495 163 35675 35512 5765
43224 2932 4311 156 38913 38757 3138
43518 4834 24081 34 19437 19403 19403
43551 3349 1236 294 42315 42021 1135
43977 1002 4335 283 39642 39359 3171
44012 3641 7630 86 36382 36296 5886
44127 3624 24382 12 19745 19733 19733
44392 3234 7686 125 36706 36581 5942
44527 1485 24600 18 19927 19909 19909
44695 1889 4347 257 40348 40091 3245
44803 3231 24721 40 20082 20042 20042
44837 2996 7705 123 37132 37009 5985
45095 2276 24862 50 20233 20183 20183
45107 1918 13862 65 31245 31180 10979
45177 2955 24906 17 20271 20254 20254
45667 2995 25235 30 20432 20402 20402
45879 4490 25341 32 20538 20506 20506
46282 66 14221 98 32061 31963 11320
46330 3239 1265 398 45065 44667 1169
46472 2317 14256 136 32216 32080 11372
46491 4509 14298 67 32193 32126 11394
46717 4485 25893 12 20824 20812 20812
46747 2387 25903 30 20844 20814 20814
46848 3747 717 404 46131 45727 609
47119 2738 26077 12 21042 21030 21030
47282 416 2606 235 44676 44441 1927
47348 694 14611 100 32737 32637 11497
47426 4434 14615 86 32811 32725 11549
47554 1907 702 538 46852 46314 610
47599 222 8163 155 39436 39281 6469
47876 1230 26475 21 21401 21380 21380
47908 3271 14760 81 33148 33067 11665
47991 3994 8228 137 39763 39626 6507
48123 2261 26633 19 21490 21471 21471
48350 2400 26747 32 21603 21571 21571
48583 2194 14957 61 33626 33565 11866
48622 1504 26870 50 21752 21702 21702
48879 2326 26998 31 21881 21850 21850
48992 4830 27092 2 21900 21898 21898
49033 3068 15093 76 33940 33864 11973
49103 3594 750 430 48353 47923 691
49106 3862 27156 19 21950 21931 21931
49108 53 4728 162 44380 44218 3655
50319 96 4785 273 45534 45261 3722
50340 2763 15387 129 34953 34824 12410
50376 415 15433 60 34943 34883 12488
50409 2168 27975 32 22434 22402 22402
50665 1717 2832 267 47833 47566 1940
51133 22 4855 263 46278 46015 3774
51190 3728 28417 10 22773 22763 22763
51380 475 28507 8 22873 22865 22865
51507 1126 8782 122 42725 42603 6889
51514 2035 28619 6 22895 22889 22889
51927 348 402 478 51525 51047 355
52136 3354 15876 88 36260 36172 12897
52587 4616 2900 248 49687 49439 2037
52649 4397 16037 147 36612 36465 12954
52740 2357 16090 97 36650 36553 13060
52793 4961 16066 127 36727 36600 13028
53130 4930 16181 62 36949 36887 13191
53181 1198 9030 193 44151 43958 7128
53191 1182 29519 9 23672 23663 23663
53222 3236 29527 30 23695 23665 23665
53256 2939 29551 5 23705 23700 23700
53458 4269 16366 59 37092 37033 13195
53477 4820 16354 87 37123 37036 13207
53482 4786 29614 23 23868 23845 23845
53497 1284 9040 200 44457 44257 7139
53538 3716 16318 160 37220 37060 13204
53733 1173 1602 423 52131 51708 1272
53812 256 29750 31 24062 24031 24031
53949 3864 29784 18 24165 24147 24147
54060 4039 5065 395 48995 48600 3910
54094 2732 29863 46 24231 24185 24185
54293 1637 16546 95 37747 37652 13330
54625 536 16626 59 37999 37940 13452
54635 4867 16643 54 37992 37938 13437
54879 3414 30281 7 24598 24591 24591
54977 1537 9253 173 45724 45551 7414
55038 2566 9301 109 45737 45628 7433
55086 4313 16788 97 38298 38201 13578
55133 399 30479 10 24654 24644 24644
55361 293 16835 136 38526 38390 13666
55560 1610 30704 4 24856 24852 24852
55580 3870 30700 33 24880 24847 24847
55678 1603 30778 1 24900 24899 24899
55838 3173 17056 84 38782 38698 13738
55963 976 30892 34 25071 25037 25037
56220 4674 31072 50 25148 25098 25098
56338 4018 9456 167 46882 46715 7659
56871 1352 31433 36 25438 25402 25402
57000 4055 17406 59 39594 39535 14056
57001 777 31513 42 25488 25446 25446
57326 751 31732 11 25594 25583 25583
57448 1813 17551 83 39897 39814 14160
57495 3201 881 447 56614 56167 749
57656 629 31880 40 25776 25736 25736
57707 4233 31915 16 25792 25776 25776
57854 4891 9829 127 48025 47898 7790
58146 4108 32160 28 25986 25958 25958
58324 1004 17813 79 40511 40432 14461
58514 3389 17897 75 40617 40542 14546
58861 3160 32685 23 26176 26153 26153
59268 4159 32920 45 26348 26303 26303
59489 2351 3265 289 56224 55935 2283
59620 987 5682 167 53938 53771 4487
59930 274 10244 149 49686 49537 8139
59952 865 33367 1 26585 26584 26584
59963 2531 18483 60 41480 41420 14855
60049 4417 5677 238 54372 54134 4480
60269 2295 10267 146 50002 49856 8218
60589 1482 18589 143 42000 41857 15008
60679 4679 18611 85 42068 41983 15081
61425 4931 18769 86 42656 42570 15467
61464 2735 5744 311 55720 55409 4593
61490 4963 18803 65 42687 42622 15484
61615 4893 5766 201 55849 55648 4683
62141 60 10596 140 51545 51405 8268
62184 821 5793 216 56391 56175 4707
62266 2318 10662 108 51604 51496 8307
62367 1869 5863 265 56504 56239 4704
62380 576 19016 93 43364 43271 15787
62434 279 34880 15 27554 27539 27539
62579 2709 19070 68 43509 43441 15886
62753 2024 35104 37 27649 27612 27612
62869 2250 3395 338 59474 59136 2357
63268 3055 19180 157 44088 43931 16128
63458 1001 19278 64 44180 44116 16221
63612 2710 10819 159 52793 52634 8402
63700 3654 35643 39 28057 28018 28018
63779 2966 10831 192 52948 52756 8417
63803 4874 19368 81 44435 44354 16298
64591 1546 19593 97 44998 44901 16477
64798 1187 36263 16 28535 28519 28519
65200 4320 19746 86 45454 45368 16601
65297 2695 6082 227 59215 58988 4982
65305 1556 19768 100 45537 45437 16621
65689 3846 19950 82 45739 45657 16674
65877 4063 11253 258 54624 54366 8666
65929 740 20135 61 45794 45733 16761
66203 1161 37050 41 29153 29112 29112
66265 1928 37085 10 29180 29170 29170
66754 3172 37309 23 29445 29422 29422
66780 4031 20365 96 46415 46319 16911
66916 4019 3585 415 63331 62916 2609
67019 2643 37564 11 29455 29444 29444
67041 4558 20484 71 46557 46486 17044
67131 3439 20487 85 46644 46559 17062
67269 1266 37653 39 29616 29577 29577
67441 4073 37731 32 29710 29678 29678
67585 2284 37844 6 29741 29735 29735
67755 1467 20634 54 47121 47067 17265
67778 3360 20633 95 47145 47050 17259
67820 3311 1965 380 65855 65475 1625
67876 654 20662 69 47214 47145 17325
68011 39 622 343 67389 67046 423
68265 3678 11789 123 56476 56353 8951
68394 2488 11749 200 56645 56445 8936
68506 4884 38406 42 30100 30058 30058
68648 1970 20844 58 47804 47746 17537
68656 18 38439 7 30217 30210 30210
68689 3184 38448 32 30241 30209 30209
68799 1670 6470 313 62329 62016 5272
68837 469 11837 200 57000 56800 8960
69060 3190 6496 182 62564 62382 5384
69169 4911 21035 76 48134 48058 17628
69200 251 1071 441 68129 67688 895
69288 1156 38828 30 30460 30430 30430
69522 4665 21155 87 48367 48280 17677
69834 3217 39055 38 30779 30741 30741
70002 4697 12134 141 57868 57727 9072
70187 700 21305 60 48882 48822 17886
70515 3941 3821 384 66694 66310 2732
70518 2297 39386 44 31132 31088 31088
70654 2754 21437 58 49217 49159 17983
70692 3322 21454 83 49238 49155 18001
70978 1888 39654 35 31324 31289 31289
71662 427 12302 190 59360 59170 9356
71839 4923 40131 38 31708 31670 31670
71921 3957 21868 85 50053 49968 18294
71933 2895 40239 43 31694 31651 31651
72045 3525 1116 387 70929 70542 1019
72326 1449 22006 128 50320 50192 18288
72500 2065 40522 48 31978 31930 31930
72527 2898 12476 191 60051 59860 9507
72643 1015 40588 11 32055 32044 32044
72729 2253 22131 84 50598 50514 18423
72830 3858 40693 8 32137 32129 32129
73106 2313 40805 35 32301 32266 32266
73135 4826 22262 78 50873 50795 18523
73197 4329 40891 10 32306 32296 32296
73228 554 1144 422 72084 71662 1102
73300 2579 22277 138 51023 50885 18557
73646 335 41123 26 32523 32497 32497
73696 2770 41129 35 32567 32532 32532
73851 1071 22570 71 51281 51210 18559
73883 4245 12752 97 61131 61034 9810
74035 2600 2329 357 71706 71349 1740
74037 354 4143 230 69894 69664 2951
74092 3363 41326 46 32766 32720 32720
74131 3603 12778 163 61353 61190 9846
74357 2229 22786 77 51571 51494 18674
74403 2102 41513 45 32890 32845 32845
74595 2439 41620 20 32975 32955 32955
74626 2332 7176 265 67450 67185 5581
74681 463 41654 5 33027 33022 33022
74854 3917 22941 68 51913 51845 18817
74938 19 41880 7 33058 33051 33051
75099 1707 23098 44 52001 51957 18807
75207 4604 41984 5 33223 33218 33218
75324 2953 42008 23 33316 33293 33293
75335 4321 42015 10 33320 33310 33310
76134 2442 13166 201 62968 62767 10144
76396 2830 23486 114 52910 52796 19097
76560 2673 42734 40 33826 33786 33786
76578 2789 42832 6 33746 33740 33740
76583 3243 13204 196 63379 63183 10272
76883 4257 7370 401 69513 69112 5736
76896 1272 23679 53 53217 53164 19181
77074 3958 317 597 76757 76160 264
77210 2960 43111 33 34099 34066 34066
77239 2544 43128 16 34111 34095 34095
77484 2109 43295 45 34189 34144 34144
77833 4253 13373 188 64460 64272 10508
78061 4116 43510 4 34551 34547 34547
78107 2181 43515 10 34592 34582 34582
78286 216 43597 22 34689 34667 34667
78485 3022 13429 161 65056 64895 10659
78532 1940 43746 46 34786 34740 34740
78645 2603 4343 216 74302 74086 3221
78930 3411 7628 199 71302 71103 5833
79190 2394 13600 137 65590 65453 10765
79299 3040 24436 93 54863 54770 19743
79463 3850 44467 26 34996 34970 34970
79639 812 24604 71 55035 54964 19924
79670 3819 24606 49 55064 55015 19973
79776 1632 44724 1 35052 35051 35051
80000 1165 13696 189 66304 66115 10905
80176 533 24762 91 55414 55323 20076
80210 3697 44922 33 35288 35255 35255
80229 43 13760 127 66469 66342 10969
80290 998 7724 194 72566 72372 6017
80363 182 4392 197 75971 75774 3302
80453 1665 24858 83 55595 55512 20171
80516 3526 45161 5 35355 35350 35350
80965 3578 25061 41 55904 55863 20308
81062 1503 45435 22 35627 35605 35605
81211 1960 2462 329 78749 78420 1891
81363 3674 14034 176 67329 67153 11079
81365 3384 25230 51 56135 56084 20383
81621 2263 45798 26 35823 35797 35797
81783 4549 25351 67 56432 56365 20529
82083 2298 2506 381 79577 79196 1881
82246 357 4459 292 77787 77495 3338
82550 1053 14234 122 68316 68194 11315
82781 2023 25687 81 57094 57013 20644
82880 2764 46391 47 36489 36442 36442
83101 2025 25740 69 57361 57292 20733
83182 2280 46547 29 36635 36606 36606
83190 1656 25773 72 57417 57345 20742
83329 2511 14287 169 69042 68873 11398
83403 2991 14349 86 69054 68968 11439
83415 830 7961 241 75454 75213 6303
83657 3209 25912 60 57745 57685 20836
83990 1226 25987 97 58003 57906 20908
84003 2810 46982 11 37021 37010 37010
84078 4340 25990 142 58088 57946 20908
84140 3423 8005 280 76135 75855 6338
84375 3141 8061 212 76314 76102 6409
84505 1562 47281 27 37224 37197 37197
84541 3795 47287 35 37254 37219 37219
84678 4806 14585 166 70093 69927 11489
84886 2047 47420 44 37466 37422 37422
85077 3472 4589 295 80488 80193 3460
85238 4025 47601 20 37637 37617 37617
85262 3830 26302 89 58960 58871 21253
85391 2656 47703 9 37688 37679 37679
85612 1825 47840 3 37772 37769 37769
85653 930 14748 164 70905 70741 11642
85840 4117 47938 39 37902 37863 37863
86082 2101 4613 313 81469 81156 3519
86156 2728 14843 138 71313 71175 11693
86424 587 210 607 86214 85607 81
86971 3076 4660 369 82311 81942 3565
87056 3323 48609 4 38447 38443 38443
87404 390 48751 43 38653 38610 38610
87404 3083 26913 93 60491 60398 21799
87466 2167 48815 49 38651 38602 38602
87472 3031 26929 94 60543 60449 21818
87682 4243 48894 36 38788 38752 38752
87697 3774 4698 321 82999 82678 3639
88041 253 49102 15 38939 38924 38924
88276 2638 49202 36 39074 39038 39038
88284 2858 49252 7 39032 39025 39025
88919 3768 27360 105 61559 61454 22011
89034 2436 15263 165 73771 73606 12105
89153 1277 8510 221 80643 80422 6703
89499 3100 27566 81 61933 61852 22130
89662 4183 49880 33 39782 39749 39749
89922 1867 27746 57 62176 62119 22204
90173 3542 15385 115 74788 74673 12398
90292 4686 27805 128 62487 62359 22298
90332 2281 27849 89 62483 62394 22337
90388 3456 1546 340 88842 88502 1233
90468 4327 15398 175 75070 74895 12442
90616 28 15421 147 75195 75048 12464
90648 2632 50436 30 40212 40182 40182
90830 3989 50560 21 40270 40249 40249
90965 4937 4807 348 86158 85810 3727
91029 162 2833 321 88196 87875 1963
91312 52 15513 200 75799 75599 12534
91319 1831 28158 83 63161 63078 22602
91735 4282 51007 10 40728 40718 40718
91862 4857 15594 213 76268 76055 12618
92001 285 15620 241 76381 76140 12615
92092 681 28409 75 63683 63608 22749
92127 2444 51221 34 40906 40872 40872
92149 2475 51229 38 40920 40882 40882
92312 1061 15663 216 76649 76433 12713
92410 4443 28556 132 63854 63722 22825
92552 1140 15714 122 76838 76716 12858
92729 2376 28705 71 64024 63953 22939
92816 4982 51745 38 41071 41033 41033
92844 3698 51759 34 41085 41051 41051
92884 2704 51765 16 41119 41103 41103
92976 2639 28717 96 64259 64163 23029
93039 1011 28721 91 64318 64227 23071
93116 2691 8815 248 84301 84053 6919
93810 385 52357 25 41453 41428 41428
93860 4518 52400 49 41460 41411 41411
94311 3352 29079 96 65232 65136 23429
94551 69 5021 216 89530 89314 3913
94631 4584 16113 192 78518 78326 13042
94636 3726 52842 1 41794 41793 41793
94979 141 8994 175 85985 85810 7110
95124 624 8995 252 86129 85877 7112
95262 900 29424 97 65838 65741 23675
95575 3406 53361 44 42214 42170 42170
96227 3516 53735 44 42492 42448 42448
96262 373 53802 11 42460 42449 42449
96504 1237 53889 34 42615 42581 42581
96594 2633 53927 38 42667 42629 42629
96615 2428 16385 188 80230 80042 13301
96776 1108 54036 8 42740 42732 42732
96924 2111 54135 5 42789 42784 42784
97004 781 54197 32 42807 42775 42775
97333 2256 1630 452 95703 95251 1295
97338 4187 29970 54 67368 67314 24375
97389 704 54445 34 42944 42910 42910
97431 1129 30020 64 67411 67347 24427
97575 4496 16622 101 80953 80852 13405
97657 3122 54672 21 42985 42964 42964
97657 3871 30179 68 67478 67410 24457
97661 2823 54689 3 42972 42969 42969
97776 2087 16643 125 81133 81008 13486
97915 3228 30206 133 67709 67576 24490
97980 458 16677 129 81303 81174 13514
97987 813 9224 245 88763 88518 7374
98186 2684 54976 26 43210 43184 43184
98253 1724 9300 195 88953 88758 7390
98359 3422 55138 18 43221 43203 43203
98658 2808 55294 39 43364 43325 43325
98809 1540 30582 95 68227 68132 24721
99264 4706 9398 201 89866 89665 7494
99341 3227 16960 181 82381 82200 13688
99359 752 3044 341 96315 95974 2070
99493 4722 55817 32 43676 43644 43644
99572 4848 55888 19 43684 43665 43665
99587 3155 55879 39 43708 43669 43669
99896 1770 55995 39 43901 43862 43862
99930 917 17131 119 82799 82680 13783
