158 1479 145 3 13 10 10
167 4176 40 101 127 26 0
645 4753 278 29 367 338 34
1183 3260 657 20 526 506 96
1206 4689 234 127 972 845 17
1215 4207 126 165 1089 924 0
1687 4959 187 157 1500 1343 11
1763 763 319 59 1444 1385 52
2023 2812 170 193 1853 1660 10
2335 3721 1793 6 542 536 255
2700 3109 748 73 1952 1879 124
3156 4827 583 96 2573 2477 75
3219 4512 1687 21 1532 1511 239
3523 3061 795 54 2728 2674 129
3639 2037 240 96 3399 3303 23
3736 1959 271 95 3465 3370 35
3827 3775 1358 38 2469 2431 194
3830 1965 3377 1 453 452 452
3906 4185 657 73 3249 3176 95
3923 4254 2695 12 1228 1216 348
3957 4352 777 57 3180 3123 126
4015 4976 400 83 3615 3532 54
4069 2079 3156 7 913 906 410
4604 2155 3570 7 1034 1027 491
4720 3573 621 74 4099 4025 79
4883 2576 3349 15 1534 1519 453
5115 110 200 177 4915 4738 15
5482 2529 2596 27 2886 2859 339
5876 1686 529 90 5347 5257 66
5902 861 3552 16 2350 2334 488
6075 4446 3654 18 2421 2403 498
6434 4776 4378 15 2056 2041 586
6530 4910 1801 49 4729 4680 261
6558 3605 3442 22 3116 3094 473
6601 3692 2081 42 4520 4478 288
6766 169 1224 132 5542 5410 184
6889 100 1101 67 5788 5721 161
6905 3777 4686 14 2219 2205 627
7137 2578 2249 139 4888 4749 292
7259 1706 5605 8 1654 1646 771
7281 2599 3842 23 3439 3416 506
8036 1846 1743 59 6293 6234 247
8198 1337 3818 49 4380 4331 502
8482 3872 2074 107 6408 6301 283
8546 106 3092 37 5454 5417 396
8563 2366 1411 69 7152 7083 201
8575 98 2738 45 5837 5792 359
8993 3445 1656 158 7337 7179 222
9066 977 1279 143 7787 7644 195
9096 1345 828 185 8268 8083 132
9604 422 8466 4 1138 1134 1134
9728 4457 3107 43 6621 6578 399
9955 2595 3587 39 6368 6329 495
10181 1612 4725 27 5456 5429 627
10190 1431 8974 4 1216 1212 1212
10275 2556 7974 7 2301 2294 1068
10671 1725 736 147 9935 9788 119
10894 2411 8439 9 2455 2446 1130
11223 4372 67 276 11156 10880 0
11563 2848 3178 145 8385 8240 409
11607 1017 4743 34 6864 6830 633
11955 1728 9281 7 2674 2667 1254
12413 232 7497 17 4916 4899 971
13012 4618 11486 3 1526 1523 1523
13466 1313 2300 66 11166 11100 306
13825 4396 12207 3 1618 1615 1615
13941 4751 5704 35 8237 8202 796
13959 677 3885 50 10074 10024 522
13986 2236 12336 5 1650 1645 1645
14188 1088 6667 28 7521 7493 902
14543 4436 896 178 13647 13469 138
14719 515 11466 7 3253 3246 1525
14740 3706 10030 106 4710 4604 1356
14757 424 10115 14 4642 4628 1377
14792 95 11523 7 3269 3262 1537
14808 967 4167 48 10641 10593 545
14877 1163 3666 68 11211 11143 498
14950 746 7932 76 7018 6942 1055
15300 1051 3277 169 12023 11854 438
15599 1950 10696 24 4903 4879 1428
16140 905 11072 12 5068 5056 1474
16530 2479 11341 11 5189 5178 1513
16660 1430 166 246 16494 16248 8
16668 887 10068 16 6600 6584 1366
16970 646 2881 70 14089 14019 366
17215 512 981 186 16234 16048 143
17725 1606 15606 1 2119 2118 2118
18148 3433 15972 3 2176 2173 2173
18236 549 3467 61 14769 14708 481
18379 4338 5139 104 13240 13136 692
18543 3841 4053 57 14490 14433 531
18651 3125 14452 9 4199 4190 1957
18681 572 3996 148 14685 14537 528
19297 2272 13234 13 6063 6050 1764
19327 1963 1728 95 17599 17504 238
19534 2977 9149 52 10385 10333 1225
19749 4461 3343 115 16406 16291 447
19782 2165 4318 57 15464 15407 566
19965 3342 4935 87 15030 14943 672
19997 4006 15521 6 4476 4470 2108
20498 2851 2976 156 17522 17366 376
20763 2589 8575 32 12188 12156 1147
21029 4093 8702 34 12327 12293 1162
21704 4058 16818 9 4886 4877 2270
21798 2435 11572 57 10226 10169 1541
21984 1674 1697 167 20287 20120 241
22189 1361 1120 291 21069 20778 168
22597 3583 15433 12 7164 7152 2101
22602 1522 19896 4 2706 2702 2702
23165 3447 4411 61 18754 18693 596
23210 3922 13971 18 9239 9221 1868
23623 455 18325 9 5298 5289 2439
23770 295 4559 62 19211 19149 605
23988 2082 16369 15 7619 7604 2223
24069 4123 285 230 23784 23554 38
24192 724 7722 88 16470 16382 1015
24227 4279 3593 74 20634 20560 495
24453 4426 12964 25 11489 11464 1712
24991 1684 6166 103 18825 18722 860
25099 1771 9121 40 15978 15938 1221
25257 3754 13389 25 11868 11843 1796
25345 2422 17282 14 8063 8049 2312
25495 1343 8127 110 17368 17258 1082
26218 4701 10799 34 15419 15385 1445
26471 1934 15892 19 10579 10560 2158
26980 4930 16181 62 10799 10737 2195
26996 27 20906 8 6090 6082 2860
27269 4405 2445 130 24824 24694 328
27501 456 6835 53 20666 20613 925
27630 4626 12880 90 14750 14660 1700
27639 3502 18859 13 8780 8767 2548
27698 1285 8832 80 18866 18786 1185
28110 4060 6099 132 22011 21879 849
28348 3951 13241 26 15107 15081 1763
28772 505 15247 25 13525 13500 2029
28790 79 13452 27 15338 15311 1805
29910 2592 13956 26 15954 15928 1870
30023 3280 2352 130 27671 27541 314
30178 1458 20590 15 9588 9573 2809
30217 491 5034 119 25183 25064 685
30244 1909 3456 82 26788 26706 475
30507 2647 1555 370 28952 28582 209
30754 4830 27092 2 3662 3660 3660
31302 1925 5267 121 26035 25914 738
31414 622 18880 18 12534 12516 2552
31518 1790 3185 183 28333 28150 414
31982 1947 6150 61 25832 25771 853
32267 4106 13281 32 18986 18954 1772
32449 2689 7144 60 25305 25245 934
32679 1333 6302 61 26377 26316 866
33130 2763 15387 129 17743 17614 2081
33512 3898 8298 109 25214 25105 1110
33565 2939 29551 5 4014 4009 4009
33704 1100 22981 13 10723 10710 3126
33830 2333 12241 36 21589 21553 1617
34195 2176 701 251 33494 33243 111
34906 1610 30704 4 4202 4198 4198
34980 1603 30778 1 4202 4201 4201
35243 2957 18655 22 16588 16566 2507
35695 3624 24382 12 11313 11301 3283
35823 3861 21519 19 14304 14285 2949
36357 3286 5399 72 30958 30886 744
36651 3728 28417 10 8234 8224 3824
36768 475 28507 8 8261 8253 3845
36902 2035 28619 6 8283 8277 3853
37881 865 33367 1 4514 4513 4513
37890 4485 25893 12 11997 11985 3486
37988 674 17743 28 20245 20217 2363
38047 1182 29519 9 8528 8519 3999
38064 2345 311 352 37753 37401 42
38188 2738 26077 12 12111 12099 3526
38209 3356 12179 42 26030 25988 1618
38221 4425 20205 25 18016 17991 2750
38362 2911 10789 47 27573 27526 1443
39047 3414 30281 7 8766 8759 4130
39296 399 30479 10 8817 8807 4148
40074 1290 21235 21 18839 18818 2895
40167 4291 7748 62 32419 32357 1020
40348 973 12894 41 27454 27413 1704
40595 50 11437 50 29158 29108 1525
40818 1485 24600 18 16218 16200 3312
41405 2955 24906 17 16499 16482 3375
41575 4222 17077 34 24498 24464 2293
41681 3519 10330 88 31351 31263 1397
41693 2590 8054 65 33639 33574 1065
41710 4792 17143 34 24567 24533 2297
41719 1442 4256 155 37463 37308 547
42421 872 7213 66 35208 35142 939
42798 2804 6409 71 36389 36318 881
43020 2085 15589 37 27431 27394 2111
44093 4579 14055 45 30038 29993 1879
44235 2261 26633 19 17602 17583 3597
44407 2830 23486 114 20921 20807 3188
44599 3348 20790 29 23809 23780 2852
45061 3862 27156 19 17905 17886 3671
45121 4911 21035 76 24086 24010 2876
45228 4391 1080 204 44148 43944 148
45398 2915 11276 59 34122 34063 1500
45996 582 18913 32 27083 27051 2565
46380 751 31732 11 14648 14637 4327
46511 367 3205 202 43306 43104 421
46906 3035 14942 41 31964 31923 1999
46964 1248 13218 46 33746 33700 1756
47049 2661 6166 143 40883 40740 855
47192 1217 8042 67 39150 39083 1059
47222 463 41654 5 5568 5563 5563
47227 3117 22064 29 25163 25134 3008
47358 1608 8080 69 39278 39209 1074
47591 4604 41984 5 5607 5602 5602
47669 1928 37085 10 10584 10574 4953
48303 3446 17554 37 30749 30712 2348
48633 4430 7259 171 41374 41203 946
48635 2284 37844 6 10791 10785 5076
49162 589 5688 84 43474 43390 788
49331 4116 43510 4 5821 5817 5817
49427 18 38439 7 10988 10981 5145
49431 3864 29784 18 19647 19629 4077
49468 3389 17897 75 31571 31496 2401
49814 1271 20476 33 29338 29305 2789
49876 1230 26475 21 23401 23380 3579
49988 802 2996 186 46992 46806 386
50665 1632 44724 1 5941 5940 5940
50724 3641 7630 86 43094 43008 988
50853 279 34880 15 15973 15958 4682
51164 3526 45161 5 6003 5998 5998
51192 1122 9876 63 41316 41253 1337
51972 4806 14585 166 37387 37221 1961
52246 3858 40693 8 11553 11545 5442
52359 762 8923 66 43436 43370 1190
52520 4329 40891 10 11629 11619 5476
52868 4233 31915 16 20953 20937 4374
53170 53 4728 162 48442 48280 630
53762 2995 25235 30 28527 28497 3400
53806 19 41880 7 11926 11919 5580
53999 4321 42015 10 11984 11974 5618
54226 1825 47840 3 6386 6383 6383
54295 3828 17373 45 36922 36877 2329
54399 3276 19739 40 34660 34620 2691
54715 2643 37564 11 17151 17140 5026
54994 2789 42832 6 12162 12156 5672
55102 3323 48609 4 6493 6489 6489
55223 2843 9401 68 45822 45754 1279
55241 2387 25903 30 29338 29308 3488
55674 4786 29614 23 26060 26037 4033
55832 3979 8353 72 47479 47407 1114
55966 2181 43515 10 12451 12441 5822
56209 3535 8377 87 47832 47745 1120
56493 634 6543 81 49950 49869 897
56635 2966 10831 192 45804 45612 1455
56919 4561 1043 221 55876 55655 141
57440 3560 3485 162 53955 53793 481
57674 630 5895 89 51779 51690 820
57786 2511 14287 169 43499 43330 1924
58255 4834 24081 34 34174 34140 3239
59066 1015 40588 11 18478 18467 5427
59282 3613 6064 100 53218 53118 832
59503 3819 24606 49 34897 34848 3324
59741 1709 463 327 59278 58951 65
59837 1187 36263 16 23574 23558 4837
59870 3726 52842 1 7028 7027 7027
60080 293 16835 136 43245 43109 2276
61265 4490 25341 32 35924 35892 3408
61273 4182 8102 80 53171 53091 1077
61278 2656 47703 9 13575 13566 6359
61316 3160 32685 23 28631 28608 4442
61352 2111 54135 5 7217 7212 7212
61964 2823 54689 3 7275 7272 7272
62082 2566 9301 109 52781 52672 1263
62707 3693 3786 287 58921 58634 496
62802 540 12152 63 50650 50587 1604
62838 3236 29527 30 33311 33281 4003
63087 3894 22953 39 40134 40095 3124
63126 2816 7367 126 55759 55633 955
63259 2858 49252 7 14007 14000 6598
63402 1918 13862 65 49540 49475 1857
63940 1389 18028 48 45912 45864 2426
64600 2400 26747 32 37853 37821 3603
64676 4961 16066 127 48610 48483 2183
65254 2326 26998 31 38256 38225 3653
65288 2317 14256 136 51032 50896 1921
65530 4282 51007 10 14523 14513 6831
65985 1482 18589 143 47396 47253 2483
66007 3234 7686 125 58321 58196 1004
66015 2051 131 343 65884 65541 1
66646 1645 18834 49 47812 47763 2538
66851 4867 16643 54 50208 50154 2249
67484 2168 27975 32 39509 39477 3755
67739 3231 24721 40 43018 42978 3351
68271 4868 1883 281 66388 66107 267
68311 2810 46982 11 21329 21318 6249
68345 4108 32160 28 36185 36157 4397
68463 3239 1265 398 67198 66800 192
68600 3578 25061 41 43539 43498 3384
68611 2439 41620 20 26991 26971 5561
69367 1108 54036 8 15331 15323 7203
69593 3966 54165 85 15428 15343 7218
69776 3172 37309 23 32467 32444 5003
70169 415 15433 60 54736 54676 2096
70380 2212 7259 107 63121 63014 947
70487 3527 62262 4 8225 8221 8221
70657 519 9373 76 61284 61208 1270
71105 2544 43128 16 27977 27961 5734
71277 4857 15594 213 55683 55470 2118
71442 253 49102 15 22340 22325 6578
71453 4009 43316 57 28137 28080 5761
71530 3953 49158 32 22372 22340 6585
71782 256 29750 31 42032 42001 4064
71904 4586 63507 1 8397 8396 8396
71937 437 6493 92 65444 65352 891
73013 69 5021 216 67992 67776 682
73181 4397 16037 147 57144 56997 2184
73667 2292 5864 100 67803 67703 821
73690 904 2391 215 71299 71084 322
74011 3870 30700 33 43311 43278 4196
74134 59 57791 9 16343 16334 7672
74407 4269 16366 59 58041 57982 2214
74430 976 30892 34 43538 43504 4212
75675 536 16626 59 59049 58990 2250
76487 4801 67494 1 8993 8992 8992
76671 609 67650 4 9021 9017 9017
77340 2194 14957 61 62383 62322 1999
77629 2892 4773 207 72856 72649 635
77818 938 22073 46 55745 55699 3011
77834 3689 1502 235 76332 76097 198
77925 3230 60726 10 17199 17189 8036
78226 373 53802 11 24424 24413 7146
78488 4025 47601 20 30887 30867 6351
78540 2953 42008 23 36532 36509 5613
78555 3571 2934 204 75621 75417 373
79142 4055 17406 59 61736 61677 2338
79219 2932 4311 156 74908 74752 561
79850 22 4855 263 74995 74732 664
79864 2999 7286 94 72578 72484 944
80366 2418 4374 186 75992 75806 579
80744 4340 25990 142 54754 54612 3503
81167 2922 874 260 80293 80033 140
81285 1676 63320 9 17965 17956 8364
81325 2557 10763 221 70562 70341 1431
81538 216 43597 22 37941 37919 5835
81589 1707 23098 44 58491 58447 3133
82316 1156 38828 30 43488 43458 5195
82760 1467 20634 54 62126 62072 2825
82988 1586 2370 186 80618 80432 319
83588 3083 26913 93 56675 56582 3642
83593 2183 73748 5 9845 9840 9840
83739 4509 14298 67 69441 69374 1925
83891 2531 18483 60 65408 65348 2460
84034 2991 14349 86 69685 69599 1930
84873 1503 45435 22 39438 39416 6032
84907 3513 9932 83 74975 74892 1349
85406 2704 51765 16 33641 33625 6897
85839 1352 31433 36 54406 54370 4287
86081 2087 16643 125 69438 69313 2251
86751 1255 36034 149 50717 50568 4809
87083 629 31880 40 55203 55163 4367
87139 335 41123 26 46016 45990 5499
87454 4466 60078 11 27376 27365 7969
87587 2276 24862 50 62725 62675 3373
87894 3785 11701 79 76193 76114 1548
87942 1284 9040 200 78902 78702 1221
87959 1988 77600 4 10359 10355 10355
88036 4258 60487 13 27549 27536 8025
88054 4874 19368 81 68686 68605 2650
88454 2205 68872 10 19582 19572 9161
88979 4087 69286 7 19693 19686 9215
89357 2579 22277 138 67080 66942 3040
89915 222 8163 155 81752 81597 1093
90310 3823 70307 9 20003 19994 9379
90587 4073 37731 32 52856 52824 5065
90880 3422 55138 18 35742 35724 7328
90942 2318 10662 108 80280 80172 1420
91660 182 4392 197 87268 87071 585
91826 43 13760 127 78066 77939 1855
92052 4848 55888 19 36164 36145 7408
92089 1474 43466 71 48623 48552 5795
92373 3184 38448 32 53925 53893 5151
93263 3190 6496 182 86767 86585 900
93687 2571 50126 55 43561 43506 6705
94106 3850 44467 26 49639 49613 5910
94448 1504 26870 50 67578 67528 3629
94463 3989 50560 21 43903 43882 6770
94525 4784 50585 28 43940 43912 6775
94553 1272 23679 53 70874 70821 3212
94643 502 73675 10 20968 20958 9832
94659 1970 20844 58 73815 73757 2860
94824 4337 5139 206 89685 89479 696
95243 1888 39654 35 55589 55554 5304
95617 2024 35104 37 60513 60476 4701
95648 280 12720 77 82928 82851 1682
95992 4665 21155 87 74837 74750 2889
96164 3768 27360 105 68804 68699 3701
96615 700 21305 60 75310 75250 2917
96712 529 75267 6 21445 21439 10086
96750 3294 31231 124 65519 65395 4267
96833 4963 18803 65 78030 77965 2533
97053 2263 45798 26 51255 51229 6086
97092 3654 35643 39 61449 61410 4764
97179 2754 21437 58 75742 75684 2937
97293 3322 21454 83 75839 75756 2944
97462 777 31513 42 65949 65907 4299
97892 385 52357 25 45535 45510 6976
97970 2313 40805 35 57165 57130 5468
97978 2350 86490 1 11488 11487 11487
98164 4409 86648 4 11516 11512 11512
98559 2280 46547 29 52012 51983 6184
98603 3019 36181 117 62422 62305 4829
98749 2770 41129 35 57620 57585 5505
98939 3014 67979 15 30960 30945 9060
99306 3055 19180 157 80126 79969 2625
99398 1001 19278 64 80120 80056 2650
99582 3137 60398 18 39184 39166 8008
99643 594 87956 1 11687 11686 11686
