143 4176 40 101 103 2 0
148 1479 145 3 3 0 0
418 4753 278 29 140 111 13
478 4207 126 165 352 187 0
547 4689 234 127 313 186 0
634 4959 187 157 447 290 1
699 2812 170 193 529 336 0
715 763 319 59 396 337 22
867 3260 657 20 210 190 42
879 2037 240 96 639 543 4
977 1959 271 95 706 611 11
996 110 200 177 796 619 0
1085 4372 67 276 1018 742 0
1202 4976 400 83 802 719 20
1332 4827 583 96 749 653 31
1388 3109 748 73 640 567 46
1539 4185 657 73 882 809 40
1574 1430 166 246 1408 1162 0
1598 3061 795 54 803 749 52
1625 3573 621 74 1004 930 36
1664 4352 777 57 887 830 52
1676 1686 529 90 1147 1057 28
2013 3721 1793 6 220 214 103
2147 3775 1358 38 789 751 75
2244 4512 1687 21 557 536 86
2437 2051 131 343 2306 1963 0
2501 4123 285 230 2216 1986 15
2504 100 1101 67 1403 1336 63
2536 1345 828 185 1708 1523 52
2556 1725 736 147 1820 1673 45
2683 169 1224 132 1459 1327 76
3076 2366 1411 69 1665 1596 80
3080 977 1279 143 1801 1658 78
3112 4910 1801 49 1311 1262 103
3144 4254 2695 12 449 437 136
3219 4436 896 178 2323 2145 53
3291 2345 311 352 2980 2628 13
3338 1846 1743 59 1595 1536 95
3369 3692 2081 42 1288 1246 119
3492 3445 1656 158 1836 1678 84
3497 2079 3156 7 341 334 160
3554 1965 3377 1 177 176 176
3557 2529 2596 27 961 934 134
3594 512 981 186 2613 2427 56
3741 2578 2249 139 1492 1353 115
3801 3872 2074 107 1727 1620 119
3876 90 21 503 3855 3352 0
3951 2576 3349 15 602 587 179
3982 2155 3570 7 412 405 196
4267 2176 701 251 3566 3315 41
4371 1361 1120 291 3251 2960 66
4427 861 3552 16 875 859 195
4439 98 2738 45 1701 1656 141
4524 1709 463 327 4061 3734 24
4524 3605 3442 22 1082 1060 187
4554 4446 3654 18 900 882 202
4594 4193 235 519 4359 3840 5
4767 106 3092 37 1675 1638 158
4893 1313 2300 66 2593 2527 118
4897 1963 1728 95 3169 3074 92
5047 2599 3842 23 1205 1182 211
5057 4457 3107 43 1950 1907 156
5177 4776 4378 15 799 784 243
5194 1674 1697 167 3497 3330 90
5327 1337 3818 49 1509 1460 206
5541 3777 4686 14 855 841 257
5604 2595 3587 39 2017 1978 203
5627 2848 3178 145 2449 2304 159
5709 4391 1080 204 4629 4425 61
5832 3241 269 495 5563 5068 10
6027 2647 1555 370 4472 4102 83
6231 646 2881 70 3350 3280 155
6261 4561 1043 221 5218 4997 56
6289 1706 5605 8 684 676 324
6612 1051 3277 169 3335 3166 170
6653 1612 4725 27 1928 1901 262
6687 2922 874 260 5813 5553 51
6835 677 3885 50 2950 2900 215
6841 1163 3666 68 3175 3107 205
6988 4405 2445 130 4543 4413 128
7031 2851 2976 156 4055 3899 149
7072 1017 4743 34 2329 2295 265
7110 3280 2352 130 4758 4628 122
7189 549 3467 61 3722 3661 189
7351 967 4167 48 3184 3136 232
7406 4461 3343 115 4063 3948 174
7769 3239 1265 398 6504 6106 79
7927 3841 4053 57 3874 3817 221
7964 572 3996 148 3968 3820 223
8126 1890 642 280 7484 7204 37
8365 4279 3593 74 4772 4698 203
8481 2165 4318 57 4163 4106 237
8489 4751 5704 35 2785 2750 336
8740 3689 1502 235 7238 7003 85
8859 1790 3185 183 5674 5491 163
8932 1909 3456 82 5476 5394 186
8935 2556 7974 7 961 954 462
8960 422 8466 4 494 490 490
9145 4338 5139 104 4006 3902 288
9188 2329 1122 307 8066 7759 67
9232 3447 4411 61 4821 4760 244
9302 3342 4935 87 4367 4280 280
9359 4868 1883 281 7476 7195 105
9374 1088 6667 28 2707 2679 388
9408 232 7497 17 1911 1894 423
9462 2411 8439 9 1023 1014 493
9495 295 4559 62 4936 4874 248
9500 1431 8974 4 526 522 522
9911 4043 547 373 9364 8991 30
10181 3069 698 419 9483 9064 41
10404 1728 9281 7 1123 1116 539
10470 802 2996 186 7474 7288 149
10491 348 402 478 10089 9611 23
10566 367 3205 202 7361 7159 163
10619 2969 532 430 10087 9657 31
10623 746 7932 76 2691 2615 459
10928 1074 1086 352 9842 9490 65
10977 904 2391 215 8586 8371 123
11162 1295 1774 166 9388 9222 100
11212 3747 717 404 10495 10091 41
11270 491 5034 119 6236 6117 287
11364 1586 2370 186 8994 8808 124
11624 1684 6166 103 5458 5355 366
11780 2080 1729 246 10051 9805 95
11806 1925 5267 121 6539 6418 304
11895 1442 4256 155 7639 7484 233
11985 3706 10030 106 1955 1849 585
12004 424 10115 14 1889 1875 598
12158 4618 11486 3 672 669 669
12183 4060 6099 132 6084 5952 361
12245 3344 1874 271 10371 10100 104
12307 3560 3485 162 8822 8660 195
12371 3965 1206 252 11165 10913 73
12644 887 10068 16 2576 2560 591
12663 3594 750 430 11913 11483 50
12677 3286 5399 72 7278 7206 308
12686 1950 10696 24 1990 1966 616
12726 251 1071 441 11655 11214 58
12760 456 6835 53 5925 5872 392
12771 3571 2934 204 9837 9633 153
12780 2589 8575 32 4205 4173 502
12835 515 11466 7 1369 1362 667
12838 874 1906 352 10932 10580 108
12899 95 11523 7 1376 1369 668
12906 4396 12207 3 699 696 696
12907 2977 9149 52 3758 3706 534
12913 4134 655 323 12258 11935 38
12921 1947 6150 61 6771 6710 365
12956 724 7722 88 5234 5146 436
12966 4093 8702 34 4264 4230 510
13049 2236 12336 5 713 708 708
13119 2437 1911 277 11208 10931 109
13122 905 11072 12 2050 2038 645
13137 4912 726 531 12411 11880 44
13195 1333 6302 61 6893 6832 368
13430 2479 11341 11 2089 2078 656
13543 3693 3786 287 9757 9470 209
13621 1343 8127 110 5494 5384 480
13710 1133 563 340 13147 12807 32
13722 4010 254 447 13468 13021 10
14023 53 4728 162 9295 9133 262
14089 2689 7144 60 6945 6885 398
14181 39 622 343 13559 13216 37
14267 1907 702 538 13565 13027 43
14343 1771 9121 40 5222 5182 532
14444 3201 881 447 13563 13116 53
14755 1285 8832 80 5923 5843 518
14946 4741 505 539 14441 13902 24
14946 589 5688 84 9258 9174 331
15006 2804 6409 71 8597 8526 374
15360 2435 11572 57 3788 3731 668
15370 554 1144 422 14226 13804 72
15399 2661 6166 143 9233 9090 364
15477 2351 3265 289 12212 11923 170
15552 3898 8298 109 7254 7145 487
15626 3047 3191 234 12435 12201 164
15658 2272 13234 13 2424 2411 750
15658 162 2833 321 12825 12504 150
15811 1142 1144 466 14667 14201 71
15880 2932 4311 156 11569 11413 234
15901 319 419 414 15482 15068 24
15902 3349 1236 294 14666 14372 78
15927 872 7213 66 8714 8648 400
16020 4701 10799 34 5221 5187 618
16186 3125 14452 9 1734 1725 839
16225 4291 7748 62 8477 8415 445
16282 2418 4374 186 11908 11722 241
16452 630 5895 89 10557 10468 347
16523 1606 15606 1 917 916 916
16576 2602 2112 358 14464 14106 123
16720 2892 4773 207 11947 11740 263
16752 4616 2900 248 13852 13604 154
16825 69 5021 216 11804 11588 285
16837 3613 6064 100 10773 10673 352
16876 2590 8054 65 8822 8757 470
16895 3433 15972 3 923 920 920
16940 1820 3214 325 13726 13401 171
17091 1324 2400 245 14691 14446 122
17160 4430 7259 171 9901 9730 404
17165 634 6543 81 10622 10541 386
17183 4426 12964 25 4219 4194 734
17295 182 4392 197 12903 12706 245
17359 22 4855 263 12504 12241 275
17387 4006 15521 6 1866 1860 913
17419 3456 1546 340 15873 15533 83
17515 3922 13971 18 3544 3526 800
17754 3754 13389 25 4365 4340 765
17822 1217 8042 67 9780 9713 467
17884 3641 7630 86 10254 10168 427
17895 1608 8080 69 9815 9746 476
18106 4626 12880 90 5226 5136 728
18194 3119 3487 210 14707 14497 194
18266 3583 15433 12 2833 2821 907
18270 2292 5864 100 12406 12306 350
18415 2298 2506 381 15909 15528 135
18472 1173 1602 423 16870 16447 85
18546 3951 13241 26 5305 5279 751
18808 4058 16818 9 1990 1981 967
18849 79 13452 27 5397 5370 774
18918 2911 10789 47 8129 8082 616
18926 828 4848 130 14078 13948 270
18952 96 4785 273 14167 13894 266
19029 437 6493 92 12536 12444 380
19151 4337 5139 206 14012 13806 288
19182 2333 12241 36 6941 6905 699
19239 3519 10330 88 8909 8821 603
19300 2816 7367 126 11933 11807 409
19339 2082 16369 15 2970 2955 936
19423 1096 4198 174 15225 15051 230
19452 1436 440 424 19012 18588 25
19474 3979 8353 72 11121 11049 491
19531 2592 13956 26 5575 5549 795
19590 3535 8377 87 11213 11126 487
19678 762 8923 66 10755 10689 517
19679 4106 13281 32 6398 6366 759
19903 1934 15892 19 4011 3992 924
20046 4182 8102 80 11944 11864 482
20059 50 11437 50 8622 8572 664
20088 2212 7259 107 12829 12722 408
20195 505 15247 25 4948 4923 880
20197 3356 12179 42 8018 7976 696
20222 3234 7686 125 12536 12411 434
20291 4930 16181 62 4110 4048 927
20441 2422 17282 14 3159 3145 981
20498 455 18325 9 2173 2164 1037
20570 1122 9876 63 10694 10631 583
20715 2843 9401 68 11314 11246 547
20738 416 2606 235 18132 17897 136
20892 3958 317 597 20575 19978 18
20969 2915 11276 59 9693 9634 654
21053 1522 19896 4 1157 1153 1153
21231 1307 4062 285 17169 16884 224
21232 587 210 607 21022 20415 3
21364 2999 7286 94 14078 13984 412
21396 973 12894 41 8502 8461 728
21543 3190 6496 182 15047 14865 380
21587 354 4143 230 17444 17214 229
21598 1425 2277 272 19321 19049 111
21650 1889 4347 257 17303 17046 238
21683 2763 15387 129 6296 6167 899
21745 2566 9301 109 12444 12335 539
22339 3502 18859 13 3480 3467 1086
22418 4097 4582 198 17836 17638 250
22433 2570 5709 192 16724 16532 338
22685 2066 3499 179 19186 19007 194
22733 2966 10831 192 11902 11710 626
22743 4771 1926 262 20817 20555 110
22806 2534 918 590 21888 21298 58
23049 519 9373 76 13676 13600 541
23159 1248 13218 46 9941 9895 745
23324 4579 14055 45 9269 9224 810
23393 27 20906 8 2487 2479 1208
23534 3525 1116 387 22418 22031 65
23642 622 18880 18 4762 4744 1087
23656 752 3044 341 20612 20271 159
23908 1717 2832 267 21076 20809 150
24029 222 8163 155 15866 15711 483
24362 1458 20590 15 3772 3757 1189
24365 1869 5863 265 18502 18237 346
24410 2085 15589 37 8821 8784 909
24701 2957 18655 22 6046 6024 1064
24798 3035 14942 41 9856 9815 869
24799 3207 6739 205 18060 17855 388
24844 674 17743 28 7101 7073 1005
25085 2332 7176 265 17909 17644 398
25143 1284 9040 200 16103 15903 533
25224 540 12152 63 13072 13009 694
25292 4222 17077 34 8215 8181 977
25368 4792 17143 34 8225 8191 976
25656 2116 5236 167 20420 20253 299
25736 4806 14585 166 11151 10985 845
25857 3513 9932 83 15925 15842 590
26482 3731 6780 199 19702 19503 391
26634 1938 630 474 26004 25530 37
26640 2557 10763 221 15877 15656 615
26692 2511 14287 169 12405 12236 824
26757 4425 20205 25 6552 6527 1161
26770 2996 7705 123 19065 18942 439
26918 3861 21519 19 5399 5380 1239
26921 998 7724 194 19197 19003 439
26986 3974 9243 92 17743 17651 540
27137 4004 5495 231 21642 21411 317
27189 1100 22981 13 4208 4195 1321
27193 1918 13862 65 13331 13266 792
27468 3446 17554 37 9914 9877 992
27606 2434 7495 163 20111 19948 419
27659 4705 8940 97 18719 18622 523
27761 987 5682 167 22079 21912 329
27799 3058 9475 148 18324 18176 556
27849 2318 10662 108 17187 17079 609
27944 4989 6028 199 21916 21717 350
28043 582 18913 32 9130 9098 1092
28093 2317 14256 136 13837 13701 819
28094 3389 17897 75 10197 10122 1013
28108 3411 7628 199 20480 20281 424
28114 1290 21235 21 6879 6858 1226
28333 2558 9177 100 19156 19056 536
28345 3472 4589 295 23756 23461 253
28661 4830 27092 2 1569 1567 1567
28728 3785 11701 79 17027 16948 676
28774 3828 17373 45 11401 11356 984
28856 3624 24382 12 4474 4462 1397
28945 699 10344 340 18601 18261 604
29022 2677 9888 223 19134 18911 587
29137 3348 20790 29 8347 8318 1202
29344 4962 3211 426 26133 25707 165
29408 3887 10663 90 18745 18655 610
29531 4911 21035 76 8496 8420 1210
29621 4417 5677 238 23944 23706 328
29678 293 16835 136 12843 12707 967
29816 2695 6082 227 23734 23507 356
29843 4961 16066 127 13777 13650 921
30074 2295 10267 146 19807 19661 600
30265 415 15433 60 14832 14772 903
30339 1271 20476 33 9863 9830 1178
30391 4891 9829 127 20562 20435 575
30575 3561 6672 135 23903 23768 388
30656 4485 25893 12 4763 4751 1490
30740 4062 5266 329 25474 25145 304
30813 4857 15594 213 15219 15006 910
30817 1485 24600 18 6217 6199 1412
30879 4867 16643 54 14236 14182 956
30884 2738 26077 12 4807 4795 1509
30933 3117 22064 29 8869 8840 1260
30975 3276 19739 40 11236 11196 1139
31097 2194 14957 61 16140 16079 867
31201 2955 24906 17 6295 6278 1436
31230 2830 23486 114 7744 7630 1349
31263 2939 29551 5 1712 1707 1707
31307 280 12720 77 18587 18510 729
31322 1478 3200 461 28122 27661 162
31435 4509 14298 67 17137 17070 823
31452 1002 4335 283 27117 26834 238
31544 3941 3821 384 27723 27339 212
31569 4397 16037 147 15532 15385 920
31569 2991 14349 86 17220 17134 829
31575 2603 4343 216 27232 27016 236
31633 1389 18028 48 13605 13557 1029
31748 929 6105 275 25643 25368 361
31820 3728 28417 10 3403 3393 1643
31914 475 28507 8 3407 3399 1643
31941 821 5793 216 26148 25932 344
32045 2035 28619 6 3426 3420 1654
32096 4269 16366 59 15730 15671 932
32097 43 13760 127 18337 18210 787
32114 3494 11678 87 20436 20349 677
32500 1610 30704 4 1796 1792 1792
32542 2600 2329 357 30213 29856 117
32555 3452 3180 397 29375 28978 163
32572 1603 30778 1 1794 1793 1793
32632 536 16626 59 16006 15947 955
32733 60 10596 140 22137 21997 607
32788 1482 18589 143 14199 14056 1054
33049 1182 29519 9 3530 3521 1702
33081 1645 18834 49 14247 14198 1081
33162 141 8994 175 24168 23993 526
33371 2261 26633 19 6738 6719 1531
33520 274 10244 149 23276 23127 602
33532 4893 5766 201 27766 27565 346
33826 3994 8228 137 25598 25461 484
33881 1165 13696 189 20185 19996 792
33914 3414 30281 7 3633 3626 1766
33994 341 3131 449 30863 30414 160
34003 1126 8782 122 25221 25099 509
34036 3862 27156 19 6880 6861 1571
34041 1537 9253 173 24788 24615 537
34113 399 30479 10 3634 3624 1765
34124 4055 17406 59 16718 16659 993
34602 3311 1965 380 32637 32257 113
34627 1528 8872 250 25755 25505 521
34637 2250 3395 338 31242 30904 179
34690 2087 16643 125 18047 17922 957
34708 3793 1110 481 33598 33117 65
34781 4019 3585 415 31196 30781 199
34901 4326 11304 97 23597 23500 657
35080 1230 26475 21 8605 8584 1532
35140 3022 13429 161 21711 21550 771
35142 3423 8005 280 27137 26857 462
35271 865 33367 1 1904 1903 1903
35371 2995 25235 30 10136 10106 1457
35692 4834 24081 34 11611 11577 1372
35702 68 4609 341 31093 30752 253
35982 3894 22953 39 13029 12990 1320
36163 4551 9828 220 26335 26115 576
36261 2531 18483 60 17778 17718 1042
36296 2387 25903 30 10393 10363 1492
36416 357 4459 292 31957 31665 246
36471 2691 8815 248 27656 27408 517
36485 3819 24606 49 11879 11830 1414
36505 4257 7370 401 29135 28734 412
36621 3599 13316 88 23305 23217 760
36704 4018 9456 167 27248 27081 554
36720 3392 5295 340 31425 31085 307
36809 4888 4269 303 32540 32237 234
36896 2887 10037 223 26859 26636 587
37048 3068 15093 76 21955 21879 876
37086 4245 12752 97 24334 24237 733
37137 1899 5098 282 32039 31757 287
37231 4039 5065 395 32166 31771 287
37253 3864 29784 18 7469 7451 1733
37481 751 31732 11 5749 5738 1837
37508 4490 25341 32 12167 12135 1459
37866 813 9224 245 28642 28397 536
37933 4327 15398 175 22535 22360 901
38013 4874 19368 81 18645 18564 1126
38202 2759 3962 286 34240 33954 221
38214 1467 20634 54 17580 17526 1191
38312 3271 14760 81 23552 23471 856
38666 938 22073 46 16593 16547 1263
38696 3231 24721 40 13975 13935 1425
38886 4896 14140 129 24746 24617 815
38969 4963 18803 65 20166 20101 1081
39025 4063 11253 258 27772 27514 651
39066 4253 13373 188 25693 25505 761
39121 4786 29614 23 9507 9484 1719
39220 1198 9030 193 30190 29997 531
39227 3578 25061 41 14166 14125 1451
39282 396 1500 427 37782 37355 86
39360 3603 12778 163 26582 26419 728
39425 4697 12134 141 27291 27150 693
39554 2400 26747 32 12807 12775 1537
39728 1670 6470 313 33258 32945 377
39807 365 4571 409 35236 34827 248
39842 4233 31915 16 7927 7911 1854
39906 3055 19180 157 20726 20569 1116
39935 2326 26998 31 12937 12906 1556
39971 1001 19278 64 20693 20629 1123
40099 3716 16318 160 23781 23621 933
40129 4434 14615 86 25514 25428 845
40162 427 12302 190 27860 27670 706
40396 1707 23098 44 17298 17254 1327
40554 3973 2994 384 37560 37176 147
40847 1970 20844 58 20003 19945 1205
40919 4175 3222 354 37697 37343 175
40974 3126 3423 351 37551 37200 186
41144 279 34880 15 6264 6249 1958
41177 3949 18749 144 22428 22284 1077
41222 3236 29527 30 11695 11665 1704
41310 2168 27975 32 13335 13303 1611
41349 1053 14234 122 27115 26993 818
41356 2579 22277 138 19079 18941 1283
41407 1928 37085 10 4322 4312 2087
41437 4665 21155 87 20282 20195 1218
41539 3141 8061 212 33478 33266 475
41677 700 21305 60 20372 20312 1232
41679 740 20135 61 21544 21483 1165
41683 245 3122 365 38561 38196 159
41771 2709 19070 68 22701 22633 1102
41888 2754 21437 58 20451 20393 1234
41997 3322 21454 83 20543 20460 1234
42008 2101 4613 313 37395 37082 255
42262 2284 37844 6 4418 4412 2146
42331 2001 11029 122 31302 31180 640
42340 2981 9706 349 32634 32285 567
42477 1724 9300 195 33177 32982 538
42901 2898 12476 191 30425 30234 707
42923 18 38439 7 4484 4477 2184
43019 285 15620 241 27399 27158 917
43084 4340 25990 142 17094 16952 1500
43099 3160 32685 23 10414 10391 1879
43212 1650 13979 270 29233 28963 802
43443 2276 24862 50 18581 18531 1435
43505 3354 15876 88 27629 27541 923
43587 2448 6391 207 37196 36989 376
43588 1004 17813 79 25775 25696 1016
43598 66 14221 98 29377 29279 819
43623 4419 19877 138 23746 23608 1151
43669 1185 12685 166 30984 30818 730
43745 1272 23679 53 20066 20013 1350
43901 256 29750 31 14151 14120 1728
43996 693 2287 426 41709 41283 113
44006 3725 9655 188 34351 34163 561
44012 463 41654 5 2358 2353 2353
44042 2735 5744 311 38298 37987 339
44139 3173 17056 84 27083 26999 974
44296 2643 37564 11 6732 6721 2118
44357 4604 41984 5 2373 2368 2368
44465 2256 1630 452 42835 42383 83
44507 3083 26913 93 17594 17501 1552
44513 1829 10929 209 33584 33375 629
44678 4820 16354 87 28324 28237 933
44756 1897 12313 238 32443 32205 708
44758 694 14611 100 30147 30047 843
44804 4108 32160 28 12644 12616 1856
45080 3678 11789 123 33291 33168 680
45151 654 20662 69 24489 24420 1199
45170 1187 36263 16 8907 8891 2038
45266 3870 30700 33 14566 14533 1787
45343 1813 17551 83 27792 27709 992
45418 3858 40693 8 4725 4717 2297
45499 4192 18587 89 26912 26823 1052
45560 976 30892 34 14668 14634 1795
45587 1140 15714 122 29873 29751 925
45614 469 11837 200 33777 33577 679
45640 4329 40891 10 4749 4739 2313
45642 3674 14034 176 31608 31432 803
45679 458 16677 129 29002 28873 958
45779 830 7961 241 37818 37577 463
45910 2986 1053 580 44857 44277 57
45975 4116 43510 4 2465 2461 2461
45978 1694 6019 315 39959 39644 347
46013 3948 11908 268 34105 33837 689
46480 2707 13504 229 32976 32747 774
46562 3384 25230 51 21332 21281 1456
46744 19 41880 7 4864 4857 2356
46847 1200 7744 169 39103 38934 443
46884 1504 26870 50 20014 19964 1548
46902 4321 42015 10 4887 4877 2371
47061 3063 12266 178 34795 34617 697
47080 3920 9132 353 37948 37595 535
47088 3542 15385 115 31703 31588 898
47151 4021 9756 239 37395 37156 576
47206 2083 2621 527 44585 44058 135
47219 3284 5763 383 41456 41073 343
47241 1632 44724 1 2517 2516 2516
47244 3940 4807 503 42437 41934 270
47286 4558 20484 71 26802 26731 1179
47477 3076 4660 369 42817 42448 256
47652 2442 13166 201 34486 34285 737
47683 1394 5536 440 42147 41707 321
47702 3526 45161 5 2541 2536 2536
47731 1637 16546 95 31185 31090 948
47774 3768 27360 105 20414 20309 1585
47788 2789 42832 6 4956 4950 2407
47853 1015 40588 11 7265 7254 2293
47951 4706 9398 201 38553 38352 544
47959 4854 17527 164 30432 30268 988
48096 4679 18611 85 29485 29400 1060
48126 1449 22006 128 26120 25992 1254
48168 3983 3383 385 44785 44400 179
48360 1073 14061 229 34299 34070 810
48560 2181 43515 10 5045 5035 2464
48915 1352 31433 36 17482 17446 1823
48978 159 12727 258 36251 35993 730
49061 2710 10819 159 38242 38083 625
49110 2357 16090 97 33020 32923 925
49130 3172 37309 23 11821 11798 2106
49165 2390 20126 101 29039 28938 1167
49281 2394 13600 137 35681 35544 782
49335 3222 14373 205 34962 34757 834
49419 4549 25351 67 24068 24001 1467
49477 3407 13661 201 35816 35615 783
49510 2436 15263 165 34247 34082 886
49581 629 31880 40 17701 17661 1853
49650 4211 13684 185 35966 35781 790
49999 3917 22941 68 27058 26990 1317
50137 2218 16376 219 33761 33542 938
50394 2346 4959 375 45435 45060 284
50412 2423 4983 249 45429 45180 287
50454 2992 2450 406 48004 47598 131
50462 3774 4698 321 45764 45443 257
50468 3209 25912 60 24556 24496 1491
50532 1825 47840 3 2692 2689 2689
50625 658 4468 382 46157 45775 249
50729 3243 13204 196 37525 37329 746
50733 4496 16622 101 34111 34010 953
50940 2323 7924 244 43016 42772 456
50958 4320 19746 86 31212 31126 1145
50994 128 2330 447 48664 48217 119
51074 533 24762 91 26312 26221 1430
51122 2360 13264 287 37858 37571 758
51233 4931 18769 86 32464 32378 1078
51243 4313 16788 97 34455 34358 962
51246 1665 24858 83 26388 26305 1438
51348 3323 48609 4 2739 2735 2735
51391 2872 8956 269 42435 42166 522
51435 3294 31231 124 20204 20080 1819
51457 3846 19950 82 31507 31425 1158
51564 942 6380 369 45184 44815 373
51796 1082 5707 341 46089 45748 339
51817 777 31513 42 20304 20262 1824
51856 2439 41620 20 10236 10216 2347
51963 2732 29863 46 22100 22054 1736
51984 1071 22570 71 29414 29343 1290
52116 4007 13617 135 38499 38364 781
52120 4584 16113 192 36007 35815 924
52241 2381 5145 460 47096 46636 289
52257 2175 6894 249 45363 45114 394
52322 3465 8091 419 44231 43812 481
52350 909 3832 500 48518 48018 207
52646 4443 28556 132 24090 23958 1651
52807 3439 20487 85 32320 32235 1182
52984 3077 11001 331 41983 41652 635
53025 2428 16385 188 36640 36452 941
53055 1255 36034 149 17021 16872 2026
53070 4831 7381 282 45689 45407 414
53112 1960 2462 329 50650 50321 131
53146 52 15513 200 37633 37433 909
53231 1540 30582 95 22649 22554 1777
53252 2656 47703 9 5549 5540 2683
53709 2544 43128 16 10581 10565 2427
53942 1867 27746 57 26196 26139 1600
53959 4674 31072 50 22887 22837 1797
53989 4009 43316 57 10673 10616 2441
54008 1156 38828 30 15180 15150 2205
54026 4159 32920 45 21106 21061 1883
54192 4826 22262 78 31930 31852 1280
54245 2979 22233 174 32012 31838 1278
54281 2330 4302 353 49979 49626 231
54460 2024 35104 37 19356 19319 1971
54741 3227 16960 181 37781 37600 964
54806 576 19016 93 35790 35697 1097
54811 896 9590 288 45221 44933 563
54901 2749 22518 150 32383 32233 1282
54952 2858 49252 7 5700 5693 2783
55050 4187 29970 54 25080 25026 1742
55267 2953 42008 23 13259 13236 2370
55295 3654 35643 39 19652 19613 1999
55360 2213 10324 192 45036 44844 601
55361 2810 46982 11 8379 8368 2636
55398 2229 22786 77 32612 32535 1300
55432 4073 37731 32 17701 17669 2142
55592 3228 30206 133 25386 25253 1751
55603 28 15421 147 40182 40035 902
55676 899 9180 350 46496 46146 538
55787 3726 52842 1 2945 2944 2944
55942 2025 25740 69 30202 30133 1479
56117 3360 20633 95 35484 35389 1192
56137 4914 20592 185 35545 35360 1188
56202 3019 36181 117 20021 19904 2031
56208 3957 21868 85 34340 34255 1248
56462 835 5265 373 51197 50824 303
56466 3184 38448 32 18018 17986 2181
56580 812 24604 71 31976 31905 1410
56730 1257 8408 291 48322 48031 488
56845 432 17596 213 39249 39036 997
56899 4282 51007 10 5892 5882 2880
56913 3991 7875 427 49038 48611 457
56919 2253 22131 84 34788 34704 1267
57070 3158 14875 270 42195 41925 860
57135 335 41123 26 16012 15986 2321
57147 2111 54135 5 3012 3007 3007
57156 4686 27805 128 29351 29223 1607
57187 3021 14934 250 42253 42003 869
57242 3718 17787 123 39455 39332 1011
57278 4423 23477 245 33801 33556 1350
57311 216 43597 22 13714 13692 2471
57372 20 9499 329 47873 47544 560
57374 2725 8934 429 48440 48011 518
57450 1277 8510 221 48940 48719 495
57724 2823 54689 3 3035 3032 3032
57854 253 49102 15 8752 8737 2776
57926 3953 49158 32 8768 8736 2777
58054 4767 1671 590 56383 55793 86
58194 1888 39654 35 18540 18505 2239
58385 1266 37653 39 20732 20693 2127
58487 3031 26929 94 31558 31464 1560
58682 569 37812 78 20870 20792 2142
58987 2373 22951 127 36036 35909 1319
58994 1340 7386 340 51608 51268 420
59114 1656 25773 72 33341 33269 1481
59240 4025 47601 20 11639 11619 2682
59303 2488 11749 200 47554 47354 681
59308 2289 9887 251 49421 49170 588
59449 930 14748 164 44701 44537 856
59541 4522 32523 51 27018 26967 1872
59568 1546 19593 97 39975 39878 1139
59591 1639 13207 227 46384 46157 743
59691 1503 45435 22 14256 14234 2547
59794 4680 11840 254 47954 47700 682
59843 1975 22033 91 37810 37719 1256
59849 2313 40805 35 19044 19009 2308
59891 1305 22039 116 37852 37736 1259
60063 868 16663 212 43400 43188 957
60094 1556 19768 100 40326 40226 1147
60221 1108 54036 8 6185 6177 3005
60326 2770 41129 35 19197 19162 2322
60373 1474 43466 71 16907 16836 2457
60437 3966 54165 85 6272 6187 3010
60530 3217 39055 38 21475 21437 2219
60658 1161 37050 41 23608 23567 2086
60888 951 13501 183 47387 47204 777
60905 4432 26528 138 34377 34239 1537
60912 1626 1694 421 59218 58797 88
61118 804 15175 231 45943 45712 881
61189 1708 7181 424 54008 53584 398
61467 1129 30020 64 31447 31383 1750
61483 917 17131 119 44352 44233 976
61687 3730 10927 230 50760 50530 631
61694 3850 44467 26 17227 17201 2501
61778 4031 20365 96 41413 41317 1174
61844 2683 17201 164 44643 44479 978
61897 4076 20371 141 41526 41385 1174
62056 3097 15398 237 46658 46421 900
62120 3036 33997 53 28123 28070 1929
62151 4923 40131 38 22020 21982 2267
62249 4644 32215 56 30034 29978 1854
62488 1900 8284 335 54204 53869 487
62572 4902 17421 200 45151 44951 992
62856 4884 38406 42 24450 24408 2171
63037 1061 15663 216 47374 47158 919
63138 2728 14843 138 48295 48157 854
63168 2960 43111 33 20057 20024 2426
63284 373 53802 11 9482 9471 2981
63389 3265 9438 319 53951 53632 548
63459 1532 14053 294 49406 49112 806
63516 2263 45798 26 17718 17692 2565
63622 3658 5670 380 57952 57572 327
63839 4937 4807 348 59032 58684 269
63930 624 8995 252 54935 54683 528
64045 3194 14195 247 49850 49603 814
64050 3492 12651 304 51399 51095 725
64312 2704 51765 16 12547 12531 2906
64364 1499 12020 270 52344 52074 692
64400 59 57791 9 6609 6600 3216
64470 2297 39386 44 25084 25040 2236
64536 3226 1884 482 62652 62170 110
64547 2280 46547 29 18000 17971 2611
64619 4186 21257 203 43362 43159 1228
64643 2311 25243 127 39400 39273 1456
64712 2328 6824 367 57888 57521 392
64972 681 28409 75 36563 36488 1639
65227 3871 30179 68 35048 34980 1754
65238 4435 31942 64 33296 33232 1853
65339 1919 4877 421 60462 60041 282
65562 1562 47281 27 18281 18254 2647
65563 2480 21658 109 43905 43796 1244
65598 2376 28705 71 36893 36822 1657
65678 2023 25687 81 39991 39910 1477
65710 2967 18331 153 47379 47226 1039
65720 3527 62262 4 3458 3454 3454
65782 2895 40239 43 25543 25500 2271
65810 3697 44922 33 20888 20855 2526
65827 2571 50126 55 15701 15646 2833
65837 1488 25719 171 40118 39947 1476
65882 1367 13116 247 52766 52519 732
65913 2355 16367 276 49546 49270 933
65921 2416 16419 208 49502 49294 945
66133 2673 42734 40 23399 23359 2399
66139 263 13194 146 52945 52799 741
66146 4654 19470 174 46676 46502 1125
66163 4682 4948 386 61215 60829 279
66169 2716 30628 88 35541 35453 1781
66205 4821 38272 105 27933 27828 2167
66375 3989 50560 21 15815 15794 2860
66410 4784 50585 28 15825 15797 2859
66464 754 18552 114 47912 47798 1046
66617 337 7479 385 59138 58753 422
66864 1844 18631 219 48233 48014 1060
66980 2781 10639 193 56341 56148 608
67044 4586 63507 1 3537 3536 3536
67358 1328 33004 112 34354 34242 1889
67362 4573 17784 154 49578 49424 1009
67492 4003 15051 164 52441 52277 872
67677 3230 60726 10 6951 6941 3359
67711 4221 37103 55 30608 30553 2091
67853 3337 6070 317 61783 61466 356
67855 2102 41513 45 26342 26297 2337
68033 4878 37243 86 30790 30704 2100
68088 103 28102 173 39986 39813 1624
68110 3295 5429 338 62681 62343 311
68160 2982 20149 113 48011 47898 1163
68271 759 7245 294 61026 60732 404
68502 3422 55138 18 13364 13346 3070
68503 2310 22654 162 45849 45687 1294
68686 385 52357 25 16329 16304 2918
68702 3372 35645 56 33057 33001 2000
68892 3923 37717 95 31175 31080 2133
68985 3079 20321 189 48664 48475 1168
69237 3795 47287 35 21950 21915 2647
69434 4848 55888 19 13546 13527 3104
69595 4748 3363 453 66232 65779 178
69711 898 40293 142 29418 29276 2273
69754 15 17336 315 52418 52103 983
69787 3040 24436 93 45351 45258 1397
69829 756 38238 103 31591 31488 2159
69864 3883 36250 59 33614 33555 2034
69918 2632 50436 30 19482 19452 2854
69964 2065 40522 48 29442 29394 2287
70158 1736 5613 330 64545 64215 322
70334 4796 38527 70 31807 31737 2187
70390 3100 27566 81 42824 42743 1592
70589 3840 27655 89 42934 42845 1599
70609 1676 63320 9 7289 7280 3529
70690 1030 34686 95 36004 35909 1955
70704 3482 26187 86 44517 44431 1519
70717 4466 60078 11 10639 10628 3335
70756 2109 43295 45 27461 27416 2438
70925 322 8938 306 61987 61681 519
70982 1917 22143 182 48839 48657 1269
70994 3830 26302 89 44692 44603 1522
71194 1901 2778 428 68416 67988 146
71204 4258 60487 13 10717 10704 3361
71282 4801 67494 1 3788 3787 3787
71298 4124 10107 231 61191 60960 598
71302 3363 41326 46 29976 29930 2328
71453 609 67650 4 3803 3799 3799
71544 17 2524 440 69020 68580 135
71574 4046 1566 604 70008 69404 90
71720 3122 54672 21 17048 17027 3031
71732 1531 8515 376 63217 62841 496
71803 4998 29752 98 42051 41953 1732
71849 1831 28158 83 43691 43608 1620
71879 600 25131 158 46748 46590 1453
71938 3744 13537 270 58401 58131 771
72169 4132 39478 155 32691 32536 2230
72246 3717 8544 317 63702 63385 500
72253 1363 22644 113 49609 49496 1296
72308 597 10791 368 61517 61149 619
72403 350 37581 59 34822 34763 2118
72576 1297 25369 174 47207 47033 1467
72609 2814 15326 189 57283 57094 891
72635 1350 23906 328 48729 48401 1365
72687 3268 37722 57 34965 34908 2138
72755 4916 13698 222 59057 58835 790
72881 0 37829 56 35052 34996 2146
72890 1056 31954 159 40936 40777 1852
72930 3604 13014 259 59916 59657 727
72997 1767 10368 236 62629 62393 603
73035 4183 49880 33 23155 23122 2816
73058 3657 5199 346 67859 67513 294
73086 1956 22903 121 50183 50062 1311
73129 1512 27092 144 46037 45893 1567
73241 1457 28711 152 44530 44378 1658
73392 1113 1762 600 71630 71030 98
73516 4622 47478 96 26038 25942 2673
73539 3106 25753 131 47786 47655 1478
73755 3508 21844 183 51911 51728 1242
74036 1190 47833 91 26203 26112 2685
74089 4240 36380 61 37709 37648 2052
74138 4117 47938 39 26200 26161 2701
74522 1968 23337 105 51185 51080 1350
74881 1726 26185 178 48696 48518 1517
75014 2444 51221 34 23793 23759 2892
75062 2281 27849 89 47213 47124 1611
75114 3137 60398 18 14716 14698 3350
75252 2588 2944 398 72308 71910 152
75323 1916 21020 312 54303 53991 1213
75363 4986 17846 128 57517 57389 1013
75392 725 7130 466 68262 67796 396
75450 3232 5700 351 69750 69399 333
75489 1940 43746 46 31743 31697 2477
75631 4243 48894 36 26737 26701 2766
75753 3698 51759 34 23994 23960 2903
75801 1891 21190 170 54611 54441 1220
75987 1881 20093 181 55894 55713 1159
76064 2638 49202 36 26862 26826 2783
76179 2684 54976 26 21203 21177 3061
76189 2226 41744 137 34445 34308 2351
76353 924 37475 114 38878 38764 2113
76553 1823 39692 141 36861 36720 2243
76803 2205 68872 10 7931 7921 3848
76815 2124 20291 297 56524 56227 1170
76816 2945 58476 103 18340 18237 3249
76907 2989 13678 290 63229 62939 786
76957 4414 25482 182 51475 51293 1465
77241 2036 34001 75 43240 43165 1930
77276 4087 69286 7 7990 7983 3875
77429 2047 47420 44 30009 29965 2668
77469 1024 62323 19 15146 15127 3458
77525 3266 36064 68 41461 41393 2037
77560 2178 13874 182 63686 63504 793
77634 2266 34162 74 43472 43398 1936
77638 3924 4870 502 72768 72266 278
77799 3381 36175 69 41624 41555 2029
77823 1794 4373 533 73450 72917 240
77888 2183 73748 5 4140 4135 4135
77945 4153 42702 150 35243 35093 2395
78319 4077 62983 18 15336 15318 3506
78330 1226 25987 97 52343 52246 1498
78369 1511 23194 246 55175 54929 1339
78425 3823 70307 9 8118 8109 3948
78482 4047 14819 225 63663 63438 858
78577 1745 1837 561 76740 76179 103
78895 1237 53889 34 25006 24972 2999
79162 1850 17713 190 61449 61259 999
79176 3746 10053 258 69123 68865 588
79218 1180 31153 85 48065 47980 1808
79242 2475 51229 38 28013 27975 2891
79338 781 54197 32 25141 25109 3014
79540 93 48622 127 30918 30791 2739
79644 390 48751 43 30893 30850 2753
79664 2778 37041 66 42623 42557 2082
79701 704 54445 34 25256 25222 3023
79765 581 23600 202 56165 55963 1346
79838 4081 7608 367 72230 71863 422
79882 936 25064 110 54818 54708 1451
79955 3274 28072 139 51883 51744 1625
79958 244 11988 348 67970 67622 690
79976 4982 51745 38 28231 28193 2900
80021 2764 46391 47 33630 33583 2598
80081 3014 67979 15 12102 12087 3811
80262 4300 6850 329 73412 73083 390
80483 2721 61305 22 19178 19156 3401
80517 1477 39565 62 40952 40890 2241
80540 1224 28262 149 52278 52129 1633
80841 3314 39730 62 41111 41049 2247
80960 305 26861 180 54099 53919 1545
80971 2752 10870 317 70101 69784 629
80980 3943 10268 298 70712 70414 603
81335 3705 12305 262 69030 68768 704
81357 2863 7794 240 73563 73323 448
81626 1011 28721 91 52905 52814 1660
81667 4722 55817 32 25850 25818 3102
81699 412 34031 131 47668 47537 1933
81852 3394 4620 475 77232 76757 257
81903 2562 23027 133 58876 58743 1324
81932 1988 77600 4 4332 4328 4328
82148 391 42591 140 39557 39417 2388
82154 502 73675 10 8479 8469 4126
82242 2771 10520 235 71722 71487 602
82271 2172 32370 154 49901 49747 1863
82425 1860 50437 100 31988 31888 2855
82647 1341 36387 73 46260 46187 2056
82691 4501 11136 409 71555 71146 647
82725 2091 40702 65 42023 41958 2300
82856 4530 8862 356 73994 73638 519
82956 2094 34576 78 48380 48302 1946
82966 4142 17600 160 65366 65206 1000
83101 3545 2706 572 80395 79823 137
83356 2633 53927 38 29429 29391 2999
83416 2958 7523 325 75893 75568 420
83572 611 43396 58 40176 40118 2445
83703 4521 31151 138 52552 52414 1804
83834 4720 1663 504 82171 81667 86
83842 4147 31239 87 52603 52516 1817
83848 3087 46048 51 37800 37749 2567
83930 2951 63890 23 20040 20017 3559
83932 529 75267 6 8665 8659 4227
84016 486 41275 133 42741 42608 2330
84091 3497 33152 82 50939 50857 1891
84113 2324 14103 492 70010 69518 809
84125 4808 6355 409 77770 77361 370
84165 2515 27978 192 56187 55995 1614
84190 2167 48815 49 35375 35326 2751
84342 3375 33175 178 51167 50989 1894
84576 557 26595 123 57981 57858 1531
84795 2943 7657 298 77138 76840 433
84796 1031 20089 288 64707 64419 1156
84827 1842 21277 233 63550 63317 1232
84841 2888 12845 258 71996 71738 727
84856 2628 57932 83 26924 26841 3227
84934 1206 72123 14 12811 12797 4043
85020 4552 10859 217 74161 73944 628
85023 4384 31691 87 53332 53245 1837
85124 270 58157 33 26967 26934 3234
85142 4810 20216 207 64926 64719 1167
85392 258 25367 215 60025 59810 1464
85444 2808 55294 39 30150 30111 3081
85480 927 4862 415 80618 80203 274
86113 832 58837 34 27276 27242 3277
86119 1715 24181 200 61938 61738 1377
86177 2639 28717 96 57460 57364 1663
86201 2512 58907 34 27294 27260 3287
86330 3155 55879 39 30451 30412 3106
86419 3546 7376 377 79043 78666 417
86443 2615 65846 24 20597 20573 3673
86518 112 24239 307 62279 61972 1385
86534 680 62423 27 24111 24084 3468
86545 1770 55995 39 30550 30511 3119
86621 2003 65970 26 20651 20625 3685
86623 1112 62492 28 24131 24103 3475
86900 4360 34319 81 52581 52500 1943
87073 3406 53361 44 33712 33668 2960
87250 3267 18546 151 68704 68553 1049
87318 3352 29079 96 58239 58143 1686
87340 848 36354 173 50986 50813 2048
87569 1452 2057 746 85512 84766 118
87642 3029 70466 18 17176 17158 3961
87662 3516 53735 44 33927 33883 2979
87745 2537 70545 16 17200 17184 3971
88062 1296 29309 175 58753 58578 1696
88135 353 74830 15 13305 13290 4202
88151 171 20807 399 67344 66945 1203
88183 4028 70873 16 17310 17294 3987
88304 900 29424 97 58880 58783 1701
88459 3090 75097 15 13362 13347 4223
88520 124 63778 27 24742 24715 3555
88591 1079 71193 19 17398 17379 4015
88728 2016 43659 66 45069 45003 2470
88844 32 6023 349 82821 82472 349
88910 2265 21141 182 67769 67587 1218
89031 1880 57574 39 31457 31418 3197
89079 2811 39226 71 49853 49782 2232
89174 3860 39273 74 49901 49827 2239
89217 4110 43796 187 45421 45234 2484
89390 3581 3854 503 85536 85033 211
89526 2283 80283 8 9243 9235 4478
89919 2565 5756 338 84163 83825 343
89928 4773 25303 196 64625 64429 1461
90123 3536 31763 179 58360 58181 1841
90183 4909 3432 630 86751 86121 185
90185 91 58354 40 31831 31791 3248
90283 4518 52400 49 37883 37834 2919
90342 333 44489 63 45853 45790 2501
90433 314 28400 291 62033 61742 1637
90469 4574 33774 167 56695 56528 1917
90508 3128 49724 52 40784 40732 2810
90560 2733 72827 19 17733 17714 4084
90562 2782 44594 63 45968 45905 2507
90674 315 12282 243 78392 78149 699
90704 3929 37764 226 52940 52714 2145
90738 3629 42285 68 48453 48385 2381
90854 4756 8681 418 82173 81755 501
90882 2994 42357 68 48525 48457 2378
90962 2054 7783 323 83179 82856 447
90991 1604 40106 109 50885 50776 2262
91060 2706 15418 346 75642 75296 899
91067 174 21642 255 69425 69170 1243
91179 4760 59005 39 32174 32135 3289
91179 3441 65764 26 25415 25389 3674
91215 4408 17314 248 73901 73653 979
91315 2482 13878 225 77437 77212 794
91325 2350 86490 1 4835 4834 4834
91480 1542 13126 310 78354 78044 735
91489 4409 86648 4 4841 4837 4837
91680 1402 32365 133 59315 59182 1862
91895 683 28927 219 62968 62749 1677
91935 1781 82445 10 9490 9480 4612
91979 1373 18477 239 73502 73263 1041
92030 2249 40580 75 51450 51375 2293
92087 573 47888 57 44199 44142 2699
92239 4927 3803 383 88436 88053 206
92417 496 63129 31 29288 29257 3515
92553 2243 59831 72 32722 32650 3327
92739 1153 30969 100 61770 61670 1795
92823 627 18654 189 74169 73980 1061
92877 4287 78868 11 14009 13998 4402
92890 594 87956 1 4934 4933 4933
92996 2635 24653 341 68343 68002 1425
93051 3906 79005 15 14046 14031 4409
93067 4361 11222 342 81845 81503 651
93214 856 24815 176 68399 68223 1428
93466 2119 33034 93 60432 60339 1888
93672 3939 19899 210 73773 73563 1155
93736 3857 84023 10 9713 9703 4718
93998 829 79790 11 14208 14197 4454
94100 3004 31423 96 62677 62581 1824
94155 2371 39251 78 54904 54826 2232
94248 1410 67924 28 26324 26296 3809
94308 3990 23742 140 70566 70426 1356
94418 4819 41618 75 52800 52725 2344
94444 1701 29722 239 64722 64483 1726
94554 2148 2777 600 91777 91177 144
94576 3802 31561 165 63015 62850 1829
94691 2541 39478 134 55213 55079 2231
94699 2140 12012 491 82687 82196 691
94710 4882 68274 29 26436 26407 3828
94767 4671 37381 130 57386 57256 2111
94807 1033 29911 189 64896 64707 1742
94829 2207 64734 33 30095 30062 3610
94859 3993 16114 243 78745 78502 927
94982 2042 25170 363 69812 69449 1455
95011 276 49400 86 45611 45525 2792
95120 4733 14385 386 80735 80349 835
95146 1895 37586 84 57560 57476 2119
95211 2098 28399 184 66812 66628 1637
95213 1468 31816 98 63397 63299 1851
95234 1078 52310 74 42924 42850 2923
95278 3972 58367 45 36911 36866 3248
95378 1171 6897 375 88481 88106 394
95478 4981 72702 23 22776 22753 4072
95753 3532 20373 256 75380 75124 1176
95841 1456 35746 281 60095 59814 2006
96100 1268 65642 33 30458 30425 3659
96136 2938 69344 30 26792 26762 3873
96232 1332 7392 366 88840 88474 421
96242 1508 91143 3 5099 5096 5096
96303 3955 62311 40 33992 33952 3458
96320 1578 73359 24 22961 22937 4108
96324 526 25729 129 70595 70466 1478
96352 3371 40256 76 56096 56020 2271
96527 467 32287 182 64240 64058 1858
96536 440 38163 89 58373 58284 2159
96538 119 69631 27 26907 26880 3902
96597 1037 44986 154 51611 51457 2532
96668 3735 82102 13 14566 14553 4587
96713 2713 12369 464 84344 83880 711
96766 4994 77853 16 18913 18897 4344
96887 1635 91752 1 5135 5134 5134
96944 4234 36227 180 60717 60537 2033
97066 3341 42837 73 54229 54156 2411
97281 2356 15590 387 81691 81304 911
97407 4219 30742 201 66665 66464 1793
97411 921 1555 669 95856 95187 85
97415 2474 56469 137 40946 40809 3141
97484 2117 10546 320 86938 86618 606
97515 996 70325 28 27190 27162 3946
97523 4600 92363 1 5160 5159 5159
97549 3417 15654 229 81895 81666 919
97677 516 48060 133 49617 49484 2706
97697 1050 7496 408 90201 89793 421
97804 702 30873 179 66931 66752 1798
97833 1205 3345 549 94488 93939 177
97864 459 74537 25 23327 23302 4177
97925 1739 43214 71 54711 54640 2427
97951 2751 27626 177 70325 70148 1598
98152 65 34734 92 63418 63326 1955
98401 2424 29382 129 69019 68890 1701
98549 605 43403 119 55146 55027 2449
98623 1690 83714 14 14909 14895 4691
98839 1427 71203 28 27636 27608 4015
98959 3365 75303 23 23656 23633 4230
98975 2302 29559 193 69416 69223 1705
98979 4129 71301 28 27678 27650 4019
99085 300 46161 66 52924 52858 2576
99365 842 35134 95 64231 64136 1977
99396 3060 89104 8 10292 10284 4996
99455 161 4254 573 95201 94628 230
99516 3512 46292 161 53224 53063 2584
99535 1433 75690 93 23845 23752 4236
99703 4418 46390 160 53313 53153 2595
99759 913 84669 12 15090 15078 4750
