142 4176 40 101 102 1 0
148 1479 145 3 3 0 0
362 4753 278 29 84 55 55
474 4207 126 165 348 183 0
511 4689 234 127 277 150 16
521 2037 240 96 281 185 38
557 1959 271 95 286 191 54
563 4959 187 157 376 219 15
585 2812 170 193 415 222 12
612 4372 67 276 545 269 0
633 763 319 59 314 255 102
684 110 200 177 484 307 3
770 1430 166 246 604 358 0
778 4976 400 83 378 295 158
859 3260 657 20 202 182 182
1045 1686 529 90 516 426 156
1133 3573 621 74 512 438 129
1134 4827 583 96 551 455 153
1207 2051 131 343 1076 733 0
1216 4185 657 73 559 486 173
1243 4123 285 230 958 728 78
1345 90 21 503 1324 821 0
1379 3109 748 73 631 558 274
1438 4352 777 57 661 604 281
1438 1725 736 147 702 555 257
1544 3061 795 54 749 695 300
1845 3775 1358 38 487 449 449
1918 100 1101 67 817 750 308
2176 1345 828 185 1348 1163 288
2202 4512 1687 21 515 494 494
2302 3721 1793 6 509 503 503
2343 4436 896 178 1447 1269 312
2385 4910 1801 49 584 535 535
2405 977 1279 143 1126 983 419
2422 1709 463 327 1959 1632 150
2442 512 981 186 1461 1275 272
2452 2345 311 352 2141 1789 66
2516 2366 1411 69 1105 1036 445
2773 3692 2081 42 692 650 650
2926 3445 1656 158 1270 1112 453
2933 169 1224 132 1709 1577 407
2988 1963 1728 95 1260 1165 495
2989 1846 1743 59 1246 1187 491
3093 2176 701 251 2392 2141 192
3182 4193 235 519 2947 2428 35
3231 4010 254 447 2977 2530 50
3284 4561 1043 221 2241 2020 274
3311 4391 1080 204 2231 2027 288
3363 2529 2596 27 767 740 740
3423 4254 2695 12 728 716 716
3523 98 2738 45 785 740 740
3534 1361 1120 291 2414 2123 328
3609 1890 642 280 2967 2687 146
3609 2329 1122 307 2487 2180 338
3705 3241 269 495 3436 2941 52
3764 4134 655 323 3109 2786 154
3785 319 419 414 3366 2952 154
3863 1674 1697 167 2166 1999 491
3880 1313 2300 66 1580 1514 690
3912 2578 2249 139 1663 1524 669
3967 106 3092 37 875 838 838
4011 4457 3107 43 904 861 861
4048 2079 3156 7 892 885 885
4114 3069 698 419 3416 2997 177
4370 1133 563 340 3807 3467 155
4381 1965 3377 1 1004 1003 1003
4386 2576 3349 15 1037 1022 1022
4541 3605 3442 22 1099 1077 1077
4595 4043 547 373 4048 3675 167
4620 2969 532 430 4088 3658 153
4641 1074 1086 352 3555 3203 294
4707 2155 3570 7 1137 1130 1130
4712 861 3552 16 1160 1144 1144
4719 3872 2074 107 2645 2538 645
4762 4912 726 531 4036 3505 250
4802 2595 3587 39 1215 1176 1176
4835 4446 3654 18 1181 1163 1163
4880 646 2881 70 1999 1929 803
4904 3965 1206 252 3698 3446 385
4909 348 402 478 4507 4029 162
4937 2647 1555 370 3382 3012 424
5016 2922 874 260 4142 3882 301
5030 2599 3842 23 1188 1165 1165
5132 677 3885 50 1247 1197 1197
5221 587 210 607 5011 4404 4
5228 1295 1774 166 3454 3288 507
5253 3280 2352 130 2901 2771 692
5329 1586 2370 186 2959 2773 696
5435 2848 3178 145 2257 2112 878
5440 967 4167 48 1273 1225 1225
5444 4405 2445 130 2999 2869 698
5490 904 2391 215 3099 2884 699
5516 3747 717 404 4799 4395 220
5683 1907 702 538 4981 4443 199
5707 3958 317 597 5390 4793 97
5725 4776 4378 15 1347 1332 1332
5881 39 622 343 5259 4916 135
5987 3689 1502 235 4485 4250 417
6035 1909 3456 82 2579 2497 1066
6072 549 3467 61 2605 2544 1086
6120 3594 750 430 5370 4940 290
6168 3777 4686 14 1482 1468 1468
6202 1612 4725 27 1477 1450 1450
6239 1017 4743 34 1496 1462 1462
6346 4279 3593 74 2753 2679 1173
6411 1163 3666 68 2745 2677 1179
6570 1337 3818 49 2752 2703 1157
6581 1142 1144 466 5437 4971 379
6616 1436 440 424 6176 5752 169
6703 3349 1236 294 5467 5173 411
6721 3571 2934 204 3787 3583 823
6787 2851 2976 156 3811 3655 825
6880 2080 1729 246 5151 4905 501
6917 3841 4053 57 2864 2807 1191
6972 3239 1265 398 5707 5309 417
6986 3201 881 447 6105 5658 321
7020 572 3996 148 3024 2876 1222
7095 1324 2400 245 4695 4450 697
7291 1706 5605 8 1686 1678 1678
7329 2165 4318 57 3011 2954 1274
7349 3344 1874 271 5475 5204 574
7365 1051 3277 169 4088 3919 967
7431 4868 1883 281 5548 5267 570
7457 4751 5704 35 1753 1718 1718
7492 4741 505 539 6987 6448 135
7556 4461 3343 115 4213 4098 989
7559 2437 1911 277 5648 5371 594
7616 3447 4411 61 3205 3144 1366
7625 4771 1926 262 5699 5437 585
7693 251 1071 441 6622 6181 275
7757 874 1906 352 5851 5499 583
7780 3525 1116 387 6664 6277 323
7874 295 4559 62 3315 3253 1427
8140 3560 3485 162 4655 4493 1111
8499 554 1144 422 7355 6933 396
8625 3342 4935 87 3690 3603 1528
8667 1173 1602 423 7065 6642 431
8671 2602 2112 358 6559 6201 649
8731 1088 6667 28 2064 2036 2036
8911 802 2996 186 5915 5729 836
8953 1425 2277 272 6676 6404 673
9185 3286 5399 72 3786 3714 1657
9204 1790 3185 183 6019 5836 878
9255 367 3205 202 6050 5848 926
9292 3047 3191 234 6101 5867 909
9526 1442 4256 155 5270 5115 1274
9586 2534 918 590 8668 8078 311
9683 589 5688 84 3995 3911 1683
9773 232 7497 17 2276 2259 2259
9904 2418 4374 186 5530 5344 1334
10042 2292 5864 100 4178 4078 1778
10105 630 5895 89 4210 4121 1799
10135 416 2606 235 7529 7294 747
10429 2556 7974 7 2455 2448 2448
10458 3456 1546 340 8912 8572 407
10497 4097 4582 198 5915 5717 1436
10557 3793 1110 481 9447 8966 329
10569 1947 6150 61 4419 4358 1878
10581 3311 1965 380 8616 8236 605
10582 4060 6099 132 4483 4351 1865
10646 2066 3499 179 7147 6968 1122
10679 1684 6166 103 4513 4410 1905
10734 3119 3487 210 7247 7037 1117
10840 1333 6302 61 4538 4477 1945
10916 2892 4773 207 6143 5936 1467
10995 1938 630 474 10365 9891 149
11005 2411 8439 9 2566 2557 2557
11007 828 4848 130 6159 6029 1499
11027 2804 6409 71 4618 4547 1980
11042 422 8466 4 2576 2572 2572
11108 1717 2832 267 8276 8009 739
11221 2589 8575 32 2646 2614 2614
11225 437 6493 92 4732 4640 2007
11273 634 6543 81 4730 4649 2030
11302 4616 2900 248 8402 8154 806
11386 2256 1630 452 9756 9304 447
11390 4093 8702 34 2688 2654 2654
11412 491 5034 119 6378 6259 1539
11634 4338 5139 104 6495 6391 1583
11679 456 6835 53 4844 4791 2031
11838 1431 8974 4 2864 2860 2860
11859 4337 5139 206 6720 6514 1584
11986 2116 5236 167 6750 6583 1619
11989 1925 5267 121 6722 6601 1634
12026 2600 2329 357 9697 9340 664
12032 1771 9121 40 2911 2871 2871
12178 1307 4062 285 8116 7831 1194
12226 2689 7144 60 5082 5022 2069
12237 1728 9281 7 2956 2949 2949
12304 872 7213 66 5091 5025 2094
12318 1096 4198 174 8120 7946 1247
12346 1960 2462 329 9884 9555 693
12543 2999 7286 94 5257 5163 2129
12620 4004 5495 231 7125 6894 1663
12705 2932 4311 156 8394 8238 1280
12775 2298 2506 381 10269 9888 693
12887 2351 3265 289 9622 9333 968
13027 1002 4335 283 8692 8409 1307
13057 2570 5709 192 7348 7156 1726
13278 1889 4347 257 8931 8674 1347
13361 887 10068 16 3293 3277 3277
13435 724 7722 88 5713 5625 2311
13449 4291 7748 62 5701 5639 2319
13450 424 10115 14 3335 3321 3321
13663 396 1500 427 12163 11736 407
13681 2250 3395 338 10286 9948 988
13744 3613 6064 100 7680 7580 1811
13762 746 7932 76 5830 5754 2408
13790 4989 6028 199 7762 7563 1808
13905 1217 8042 67 5863 5796 2455
13906 2590 8054 65 5852 5787 2444
13936 1608 8080 69 5856 5787 2479
13987 4182 8102 80 5885 5805 2508
14052 2661 6166 143 7886 7743 1895
14062 1343 8127 110 5935 5825 2491
14076 53 4728 162 9348 9186 1462
14148 2911 10789 47 3359 3312 3312
14171 4701 10799 34 3372 3338 3338
14305 3898 8298 109 6007 5898 2520
14323 3979 8353 72 5970 5898 2518
14395 3535 8377 87 6018 5931 2531
14501 96 4785 273 9716 9443 1493
14543 905 11072 12 3471 3459 3459
14602 162 2833 321 11769 11448 759
14662 22 4855 263 9807 9544 1497
14689 4019 3585 415 11104 10689 1150
14732 921 1555 669 13177 12508 426
14844 2479 11341 11 3503 3492 3492
15006 50 11437 50 3569 3519 3519
15029 515 11466 7 3563 3556 3556
15037 4618 11486 3 3551 3548 3548
15089 3561 6672 135 8417 8282 2051
15096 95 11523 7 3573 3566 3566
15187 1285 8832 80 6355 6275 2721
15199 3941 3821 384 11378 10994 1158
15231 3207 6739 205 8492 8287 2025
15267 1626 1694 421 13573 13152 489
15356 762 8923 66 6433 6367 2767
15383 4039 5065 395 10318 9923 1547
15478 3731 6780 199 8698 8499 2049
15482 4705 8940 97 6542 6445 2805
15656 752 3044 341 12612 12271 843
15734 2977 9149 52 6585 6533 2869
15836 2558 9177 100 6659 6559 2903
15836 245 3122 365 12714 12349 857
15920 3356 12179 42 3741 3699 3699
15924 4396 12207 3 3717 3714 3714
15983 3974 9243 92 6740 6648 2939
15998 2333 12241 36 3757 3721 3721
16054 354 4143 230 11911 11681 1215
16068 341 3131 449 12937 12488 857
16104 2236 12336 5 3768 3763 3763
16129 3452 3180 397 12949 12552 883
16156 519 9373 76 6783 6707 2935
16174 1820 3214 325 12960 12635 941
16215 2992 2450 406 13765 13359 698
16216 2843 9401 68 6815 6747 2986
16294 2212 7259 107 9035 8928 2147
16513 4175 3222 354 13291 12937 963
16643 4962 3211 426 13432 13006 940
16658 2816 7367 126 9291 9165 2195
16761 3226 1884 482 14877 14395 572
16803 987 5682 167 11121 10954 1685
16845 973 12894 41 3951 3910 3910
16864 4417 5677 238 11187 10949 1673
16930 4426 12964 25 3966 3941 3941
16976 2434 7495 163 9481 9318 2242
16978 2603 4343 216 12635 12419 1346
17103 1122 9876 63 7227 7164 3196
17137 4893 5766 201 11371 11170 1764
17176 2735 5744 311 11432 11121 1725
17211 3641 7630 86 9581 9495 2279
17253 3513 9932 83 7321 7238 3242
17258 1248 13218 46 4040 3994 3994
17267 2272 13234 13 4033 4020 4020
17289 821 5793 216 11496 11280 1767
17294 3951 13241 26 4053 4027 4027
17311 182 4392 197 12919 12722 1352
17373 4106 13281 32 4092 4060 4060
17408 3234 7686 125 9722 9597 2287
17472 3706 10030 106 7442 7336 3245
17498 2996 7705 123 9793 9670 2310
17524 3754 13389 25 4135 4110 4110
17602 79 13452 27 4150 4123 4123
17634 1869 5863 265 11771 11506 1778
17670 2986 1053 580 16617 16037 288
17863 357 4459 292 13404 13112 1368
18010 3519 10330 88 7680 7592 3341
18208 2695 6082 227 12126 11899 1848
18336 2592 13956 26 4380 4354 4354
18348 3472 4589 295 13759 13464 1441
18364 3922 13971 18 4393 4375 4375
18462 3887 10663 90 7799 7709 3325
18514 1950 10696 24 7818 7794 3346
18518 4579 14055 45 4463 4418 4418
18559 2101 4613 313 13946 13633 1460
18589 222 8163 155 10426 10271 2498
18650 3076 4660 369 13990 13621 1461
18683 3994 8228 137 10455 10318 2520
18888 3774 4698 321 14190 13869 1474
19040 4046 1566 604 17474 16870 426
19050 3125 14452 9 4598 4589 4589
19179 4937 4807 348 14372 14024 1494
19415 1670 6470 313 12945 12632 1975
19433 2915 11276 59 8157 8098 3480
19433 3190 6496 182 12937 12755 2043
19501 4326 11304 97 8197 8100 3483
19547 4720 1663 504 17884 17380 456
19568 3693 3786 287 15782 15495 1136
19661 3035 14942 41 4719 4678 4678
19803 69 5021 216 14782 14566 1550
19838 2588 2944 398 16894 16496 821
19847 1126 8782 122 11065 10943 2681
19925 2435 11572 57 8353 8296 3546
19998 4767 1671 590 18327 17737 466
20024 505 15247 25 4777 4752 4752
20113 3494 11678 87 8435 8348 3560
20217 3785 11701 79 8516 8437 3581
20384 3583 15433 12 4951 4939 4939
20460 693 2287 426 18173 17747 693
20479 4006 15521 6 4958 4952 4952
20553 2085 15589 37 4964 4927 4927
20579 1606 15606 1 4973 4972 4972
20765 2759 3962 286 16803 16517 1206
20797 1198 9030 193 11767 11574 2861
20817 1284 9040 200 11777 11577 2887
20844 128 2330 447 18514 18067 694
20955 4062 5266 329 15689 15360 1617
20969 540 12152 63 8817 8754 3685
21012 1934 15892 19 5120 5101 5101
21055 3433 15972 3 5083 5080 5080
21191 2566 9301 109 11890 11781 2932
21215 1537 9253 173 11962 11789 2947
21469 2332 7176 265 14293 14028 2080
21498 1478 3200 461 18298 17837 915
21596 2082 16369 15 5227 5212 5212
21730 4018 9456 167 12274 12107 3021
21886 4888 4269 303 17617 17314 1271
21901 17 2524 440 19377 18937 693
21914 280 12720 77 9194 9117 3837
22064 1736 5613 330 16451 16121 1676
22083 2330 4302 353 17781 17428 1281
22129 4058 16818 9 5311 5302 5302
22183 4626 12880 90 9303 9213 3921
22247 4257 7370 401 14877 14476 2208
22357 4891 9829 127 12528 12401 3155
22405 4222 17077 34 5328 5294 5294
22535 4792 17143 34 5392 5358 5358
22659 2422 17282 14 5377 5363 5363
22762 3411 7628 199 15134 14935 2280
22777 3828 17373 45 5404 5359 5359
22903 3599 13316 88 9587 9499 4083
23024 3446 17554 37 5470 5433 5433
23131 998 7724 194 15407 15213 2326
23279 674 17743 28 5536 5508 5508
23368 658 4468 382 18900 18518 1360
23538 274 10244 149 13294 13145 3344
23553 2295 10267 146 13286 13140 3344
23590 3126 3423 351 20167 19816 1046
23627 3983 3383 385 20244 19859 999
23705 1389 18028 48 5677 5629 5629
23855 1918 13862 65 9993 9928 4283
23940 2083 2621 527 21319 20792 734
23975 830 7961 241 16014 15773 2440
24048 455 18325 9 5723 5714 5714
24070 3337 6070 317 18000 17683 1843
24126 60 10596 140 13530 13390 3320
24142 3423 8005 280 16137 15857 2470
24165 3141 8061 212 16104 15892 2447
24184 2318 10662 108 13522 13414 3305
24196 68 4609 341 19587 19246 1460
24519 2957 18655 22 5864 5842 5842
24675 66 14221 98 10454 10356 4478
24704 2710 10819 159 13885 13726 3359
24827 1645 18834 49 5993 5944 5944
24845 1901 2778 428 22067 21639 746
24859 3502 18859 13 6000 5987 5987
24878 622 18880 18 5998 5980 5980
24896 4509 14298 67 10598 10531 4551
24903 2317 14256 136 10647 10511 4520
24907 2966 10831 192 14076 13884 3354
24936 582 18913 32 6023 5991 5991
24970 477 1136 691 23834 23143 363
25156 4145 2056 581 23100 22519 636
25181 2448 6391 207 18790 18583 1979
25437 694 14611 100 10826 10726 4569
25480 4434 14615 86 10865 10779 4601
25527 1277 8510 221 17017 16796 2571
25532 942 6380 369 19152 18783 1976
25678 3271 14760 81 10918 10837 4639
25845 4063 11253 258 14592 14334 3480
25885 2423 4983 249 20902 20653 1539
25931 2526 2861 513 23070 22557 761
25944 4682 4948 386 20996 20610 1523
25975 2194 14957 61 11018 10957 4701
26034 3276 19739 40 6295 6255 6255
26101 2346 4959 375 21142 20767 1536
26206 4927 3803 383 22403 22020 1153
26211 1522 19896 4 6315 6311 6311
26226 3068 15093 76 11133 11057 4727
26241 1899 5098 282 21143 20861 1541
26401 2691 8815 248 17586 17338 2689
26605 3973 2994 384 23611 23227 831
26608 4425 20205 25 6403 6378 6378
26793 415 15433 60 11360 11300 4916
26799 2763 15387 129 11412 11283 4894
26870 3678 11789 123 15081 14958 3640
26912 1271 20476 33 6436 6403 6403
26961 2328 6824 367 20137 19770 2036
26965 2488 11749 200 15216 15016 3614
27158 1458 20590 15 6568 6553 6553
27196 469 11837 200 15359 15159 3647
27210 141 8994 175 18216 18041 2865
27252 2175 6894 249 20358 20109 2060
27313 3657 5199 346 22114 21768 1619
27422 624 8995 252 18427 18175 2865
27448 3348 20790 29 6658 6629 6629
27545 835 5265 373 22280 21907 1616
27554 27 20906 8 6648 6640 6640
27578 3392 5295 340 22283 21943 1623
27589 1113 1762 600 25827 25227 483
27654 4697 12134 141 15520 15379 3663
27689 4273 3094 494 24595 24101 860
27691 3354 15876 88 11815 11727 5074
27892 813 9224 245 18668 18423 2925
28007 1290 21235 21 6772 6751 6751
28059 2357 16090 97 11969 11872 5127
28065 4397 16037 147 12028 11881 5116
28086 1724 9300 195 18786 18591 2931
28088 4961 16066 127 12022 11895 5126
28192 427 12302 190 15890 15700 3763
28203 4930 16181 62 12022 11960 5188
28334 4706 9398 201 18936 18735 2986
28338 3861 21519 19 6819 6800 6800
28367 1745 1837 561 26530 25969 560
28387 4430 7259 171 21128 20957 2145
28400 4269 16366 59 12034 11975 5188
28415 4820 16354 87 12061 11974 5178
28441 3716 16318 160 12123 11963 5171
28468 2898 12476 191 15992 15801 3783
28569 3058 9475 148 19094 18946 3047
28615 759 7245 294 21370 21076 2113
28777 1637 16546 95 12231 12136 5254
28855 536 16626 59 12229 12170 5280
28872 4867 16643 54 12229 12175 5276
28903 4245 12752 97 16151 16054 3870
29024 3117 22064 29 6960 6931 6931
29038 3725 9655 188 19383 19195 3066
29053 938 22073 46 6980 6934 6934
29065 3603 12778 163 16287 16124 3881
29120 4313 16788 97 12332 12235 5279
29128 4831 7381 282 21747 21465 2232
29255 293 16835 136 12420 12284 5298
29342 3232 5700 351 23642 23291 1718
29366 4021 9756 239 19610 19371 3132
29409 1082 5707 341 23702 23361 1725
29461 3173 17056 84 12405 12321 5292
29518 4551 9828 220 19690 19470 3150
29702 2565 5756 338 23946 23608 1741
29732 2677 9888 223 19844 19621 3201
29798 2442 13166 201 16632 16431 3954
29857 3243 13204 196 16653 16457 3990
29893 3284 5763 383 24130 23747 1757
29992 4081 7608 367 22384 22017 2255
30026 4055 17406 59 12620 12561 5403
30130 2056 3342 601 26788 26187 990
30182 3894 22953 39 7229 7190 7190
30207 1100 22981 13 7226 7213 7213
30272 1813 17551 83 12721 12638 5435
30339 4253 13373 188 16966 16778 4087
30383 2943 7657 298 22726 22428 2308
30422 1200 7744 169 22678 22509 2314
30478 3022 13429 161 17049 16888 4134
30740 1004 17813 79 12927 12848 5556
30756 2394 13600 137 17156 17019 4188
30887 3389 17897 75 12990 12915 5572
31075 1165 13696 189 17379 17190 4236
31114 2213 10324 192 20790 20598 3340
31193 1694 6019 315 25174 24859 1792
31212 43 13760 127 17452 17325 4298
31237 2323 7924 244 23313 23069 2377
31301 365 4571 409 26730 26321 1428
31392 929 6105 275 25287 25012 1872
31399 3991 7875 427 23524 23097 2396
31501 4834 24081 34 7420 7386 7386
31682 2531 18483 60 13199 13139 5714
31754 3674 14034 176 17720 17544 4384
31893 3624 24382 12 7511 7499 7499
32020 4679 18611 85 13409 13324 5780
32076 1482 18589 143 13487 13344 5781
32106 2557 10763 221 21343 21122 3306
32184 1485 24600 18 7584 7566 7566
32355 4931 18769 86 13586 13500 5881
32381 3231 24721 40 7660 7620 7620
32408 4963 18803 65 13605 13540 5873
32411 1053 14234 122 18177 18055 4501
32451 3545 2706 572 29745 29173 735
32472 2840 3518 467 28954 28487 1137
32553 2276 24862 50 7691 7641 7641
32560 2601 4731 503 27829 27326 1472
32578 2955 24906 17 7672 7655 7655
32603 4552 10859 217 21744 21527 3370
32634 2991 14349 86 18285 18199 4560
32638 2511 14287 169 18351 18182 4539
32765 1829 10929 209 21836 21627 3384
32778 576 19016 93 13762 13669 5987
32820 3730 10927 230 21893 21663 3379
32885 2709 19070 68 13815 13747 6029
32952 2995 25235 30 7717 7687 7687
32993 2001 11029 122 21964 21842 3473
33031 1257 8408 291 24623 24332 2514
33060 1452 2057 746 31003 30257 644
33100 4490 25341 32 7759 7727 7727
33156 3077 11001 331 22155 21824 3425
33182 3055 19180 157 14002 13845 6130
33190 4806 14585 166 18605 18439 4577
33212 2148 2777 600 30435 29835 743
33291 1001 19278 64 14013 13949 6182
33436 4874 19368 81 14068 13987 6204
33508 930 14748 164 18760 18596 4619
33525 1531 8515 376 25010 24634 2584
33685 3924 4870 502 28815 28313 1509
33696 2728 14843 138 18853 18715 4630
33760 4485 25893 12 7867 7855 7855
33796 1546 19593 97 14203 14106 6251
33802 2387 25903 30 7899 7869 7869
34058 4320 19746 86 14312 14226 6251
34091 2738 26077 12 8014 8002 8002
34193 1556 19768 100 14425 14325 6279
34200 3115 1670 617 32530 31913 458
34465 3846 19950 82 14515 14433 6350
34570 4128 2155 697 32415 31718 666
34643 1230 26475 21 8168 8147 8147
34682 3048 5122 479 29560 29081 1550
34686 2436 15263 165 19423 19258 4768
34710 1528 8872 250 25838 25588 2747
34745 740 20135 61 14610 14549 6385
34841 2261 26633 19 8208 8189 8189
35036 3542 15385 115 19651 19536 4895
35037 2400 26747 32 8290 8258 8258
35126 4031 20365 96 14761 14665 6367
35137 4327 15398 175 19739 19564 4893
35171 28 15421 147 19750 19603 4910
35273 1504 26870 50 8403 8353 8353
35378 4558 20484 71 14894 14823 6433
35418 2326 26998 31 8420 8389 8389
35437 3439 20487 85 14950 14865 6460
35463 322 8938 306 26525 26219 2803
35500 4830 27092 2 8408 8406 8406
35587 3862 27156 19 8431 8412 8412
35632 52 15513 200 20119 19919 4948
35683 2872 8956 269 26727 26458 2840
35684 1467 20634 54 15050 14996 6555
35727 3360 20633 95 15094 14999 6556
35749 654 20662 69 15087 15018 6578
35784 4857 15594 213 20190 19977 4963
35882 285 15620 241 20262 20021 4960
35936 1061 15663 216 20273 20057 5005
36000 1171 6897 375 29103 28728 2071
36008 1140 15714 122 20294 20172 5055
36009 1970 20844 58 15165 15107 6625
36166 3056 3921 645 32245 31600 1221
36184 1499 12020 270 24164 23894 3690
36273 3920 9132 353 27141 26788 2861
36300 4911 21035 76 15265 15189 6657
36523 899 9180 350 27343 26993 2901
36533 4824 3140 579 33393 32814 872
36567 4665 21155 87 15412 15325 6715
36607 2168 27975 32 8632 8600 8600
36632 3063 12266 178 24366 24188 3719
36683 3295 5429 338 31254 30916 1678
36770 4695 5352 563 31418 30855 1659
36774 700 21305 60 15469 15409 6764
36866 4584 16113 192 20753 20561 5138
36950 1897 12313 238 24637 24399 3774
36959 2754 21437 58 15522 15464 6767
37015 725 7130 466 29885 29419 2070
37021 3322 21454 83 15567 15484 6762
37185 3728 28417 10 8768 8758 8758
37314 1394 5536 440 31778 31338 1645
37314 475 28507 8 8807 8799 8799
37415 2428 16385 188 21030 20842 5220
37452 2035 28619 6 8833 8827 8827
37889 1185 12685 166 25204 25038 3838
37906 3957 21868 85 16038 15953 6910
37918 4496 16622 101 21296 21195 5266
38024 896 9590 288 28434 28146 3074
38057 2087 16643 125 21414 21289 5296
38088 458 16677 129 21411 21282 5301
38097 1449 22006 128 16091 15963 6898
38198 3302 5575 545 32623 32078 1662
38325 2253 22131 84 16194 16110 6969
38335 3546 7376 377 30959 30582 2221
38350 161 4254 573 34096 33523 1263
38447 3658 5670 380 32777 32397 1675
38467 1340 7386 340 31081 30741 2249
38551 4826 22262 78 16289 16211 7011
38587 1332 7392 366 31195 30829 2246
38589 3227 16960 181 21629 21448 5257
38602 2579 22277 138 16325 16187 7017
38605 2981 9706 349 28899 28550 3142
38706 3604 13014 259 25692 25433 3944
38716 1182 29519 9 9197 9188 9188
38762 3236 29527 30 9235 9205 9205
38768 2939 29551 5 9217 9212 9212
38790 2958 7523 325 31267 30942 2279
38797 337 7479 385 31318 30933 2256
38869 1050 7496 408 31373 30965 2259
38922 4786 29614 23 9308 9285 9285
38976 917 17131 119 21845 21726 5360
38996 1071 22570 71 16426 16355 7058
39023 1367 13116 247 25907 25660 3957
39119 2289 9887 251 29232 28981 3189
39121 263 13194 146 25927 25781 3977
39147 256 29750 31 9397 9366 9366
39205 3864 29784 18 9421 9403 9403
39232 2683 17201 164 22031 21867 5381
39318 2732 29863 46 9455 9409 9409
39436 2229 22786 77 16650 16573 7130
39568 4748 3363 453 36205 35752 1013
39647 4902 17421 200 22226 22026 5393
39691 1794 4373 533 35318 34785 1329
39691 3917 22941 68 16750 16682 7190
39694 2360 13264 287 26430 26143 4048
39714 2887 10037 223 29677 29454 3249
39745 3746 10053 258 29692 29434 3241
39804 3414 30281 7 9523 9516 9516
39829 1205 3345 549 36484 35935 998
39836 4854 17527 164 22309 22145 5425
39895 1707 23098 44 16797 16753 7229
39898 1393 7643 436 32255 31819 2301
40018 399 30479 10 9539 9529 9529
40034 432 17596 213 22438 22225 5441
40158 951 13501 183 26657 26474 4134
40257 2352 4450 523 35807 35284 1345
40271 2707 13504 229 26767 26538 4150
40378 1610 30704 4 9674 9670 9670
40380 3870 30700 33 9680 9647 9647
40409 2054 7783 323 32626 32303 2335
40484 1603 30778 1 9706 9705 9705
40558 4007 13617 135 26941 26806 4213
40654 976 30892 34 9762 9728 9728
40659 2830 23486 114 17173 17059 7325
40738 4211 13684 185 27054 26869 4215
40749 3407 13661 201 27088 26887 4220
40860 1272 23679 53 17181 17128 7302
40879 4916 13698 222 27181 26959 4236
40930 4674 31072 50 9858 9808 9808
40943 2584 4472 561 36471 35910 1378
41008 32 6023 349 34985 34636 1798
41047 3943 10268 298 30779 30481 3353
41100 1767 10368 236 30732 30496 3347
41105 1821 3420 562 37685 37123 1018
41291 2482 13878 225 27413 27188 4279
41332 2771 10520 235 30812 30577 3324
41416 1352 31433 36 9983 9947 9947
41501 2117 10546 320 30955 30635 3319
41521 777 31513 42 10008 9966 9966
41618 2967 18331 153 23287 23134 5710
41732 2781 10639 193 31093 30900 3298
41748 4909 3432 630 38316 37686 1049
41790 751 31732 11 10058 10047 10047
41831 1650 13979 270 27852 27582 4386
41985 3267 18546 151 23439 23288 5718
42026 629 31880 40 10146 10106 10106
42029 754 18552 114 23477 23363 5747
42052 3465 8091 419 33961 33542 2497
42055 1532 14053 294 28002 27708 4406
42072 4233 31915 16 10157 10141 10141
42078 4192 18587 89 23491 23402 5761
42105 1073 14061 229 28044 27815 4449
42146 3394 4620 475 37526 37051 1461
42173 3040 24436 93 17737 17644 7509
42254 4896 14140 129 28114 27985 4450
42355 4108 32160 28 10195 10167 10167
42458 812 24604 71 17854 17783 7562
42489 3819 24606 49 17883 17834 7590
42568 3194 14195 247 28373 28126 4446
42741 533 24762 91 17979 17888 7650
42817 1665 24858 83 17959 17876 7633
42913 1900 8284 335 34629 34294 2520
42981 3160 32685 23 10296 10273 10273
42996 2926 2704 669 40292 39623 720
43040 2752 10870 317 32170 31853 3392
43064 3578 25061 41 18003 17962 7677
43127 3222 14373 205 28754 28549 4578
43155 3262 6335 384 36820 36436 1955
43224 4159 32920 45 10304 10259 10259
43245 3384 25230 51 18015 17964 7688
43464 4549 25351 67 18113 18046 7719
43495 4808 6355 409 37140 36731 1986
43541 927 4862 415 38679 38264 1499
43697 1919 4877 421 38820 38399 1511
43719 3940 4807 503 38912 38409 1498
43785 865 33367 1 10418 10417 10417
44072 2023 25687 81 18385 18304 7784
44105 3717 8544 317 35561 35244 2630
44186 2025 25740 69 18446 18377 7815
44188 4361 11222 342 32966 32624 3461
44244 4654 19470 174 24774 24600 6212
44260 1656 25773 72 18487 18415 7839
44341 4047 14819 225 29522 29297 4615
44404 3209 25912 60 18492 18432 7869
44490 3158 14875 270 29615 29345 4649
44611 1226 25987 97 18624 18527 7930
44626 3021 14934 250 29692 29442 4670
44690 4340 25990 142 18700 18558 7932
44911 4003 15051 164 29860 29696 4713
44956 221 8731 332 36225 35893 2661
45027 4756 8681 418 36346 35928 2632
45080 4419 19877 138 25203 25065 6325
45155 909 3832 500 41323 40823 1154
45171 3830 26302 89 18869 18780 8048
45267 4293 15141 233 30126 29893 4730
45423 804 15175 231 30248 30017 4775
45440 3581 3854 503 41586 41083 1186
45569 2390 20126 101 25443 25342 6386
45601 2982 20149 113 25452 25339 6373
45649 4530 8862 356 36787 36431 2712
45673 279 34880 15 10793 10778 10778
45853 2076 3853 638 42000 41362 1178
45941 2381 5145 460 40796 40336 1609
45990 2024 35104 37 10886 10849 10849
46048 4076 20371 141 25677 25536 6364
46062 3079 20321 189 25741 25552 6389
46078 3097 15398 237 30680 30443 4892
46191 4300 6850 329 39341 39012 2030
46276 3083 26913 93 19363 19270 8402
46277 1177 6751 548 39526 38978 2035
46310 3031 26929 94 19381 19287 8408
46323 651 5157 529 41166 40637 1598
46325 2706 15418 346 30907 30561 4906
46628 3654 35643 39 10985 10946 10946
46700 4914 20592 185 26108 25923 6559
46810 3948 11908 268 34902 34634 3645
46872 3768 27360 105 19512 19407 8435
47170 3100 27566 81 19604 19523 8480
47348 1187 36263 16 11085 11069 11069
47447 1867 27746 57 19701 19644 8524
47667 1240 4046 578 43621 43043 1196
47686 4686 27805 128 19881 19753 8550
47707 2281 27849 89 19858 19769 8576
47785 2096 12240 287 35545 35258 3706
47788 1204 15989 241 31799 31558 5091
47791 2574 12172 406 35619 35213 3676
47884 1891 21190 170 26694 26524 6739
47931 315 12282 243 35649 35406 3719
48113 1831 28158 83 19955 19872 8674
48127 3705 12305 262 35822 35560 3763
48170 3993 16114 243 32056 31813 5154
48382 1161 37050 41 11332 11291 11291
48438 1928 37085 10 11353 11343 11343
48534 1042 5468 524 43066 42542 1662
48614 681 28409 75 20205 20130 8756
48663 4971 9393 409 39270 38861 2966
48751 3172 37309 23 11442 11419 11419
48796 2480 21658 109 27138 27029 6802
48843 3265 9438 319 39405 39086 3006
48881 4443 28556 132 20325 20193 8764
48906 2355 16367 276 32539 32263 5199
48913 2218 16376 219 32537 32318 5221
48935 2416 16419 208 32516 32308 5234
48976 3152 16414 267 32562 32295 5234
48992 2643 37564 11 11428 11417 11417
49018 831 9443 404 39575 39171 3028
49113 2376 28705 71 20408 20337 8883
49157 1266 37653 39 11504 11465 11465
49183 2639 28717 96 20466 20370 8922
49196 1011 28721 91 20475 20384 8921
49257 4073 37731 32 11526 11494 11494
49351 3508 21844 183 27507 27324 6848
49379 2284 37844 6 11535 11529 11529
49580 159 12727 258 36853 36595 3847
49608 1975 22033 91 27575 27484 6903
49632 2457 16657 237 32975 32738 5292
49708 868 16663 212 33045 32833 5303
49723 1305 22039 116 27684 27568 6917
49853 3352 29079 96 20774 20678 9078
49996 2888 12845 258 37151 36893 3914
50032 4884 38406 42 11626 11584 11584
50073 18 38439 7 11634 11627 11627
50106 3184 38448 32 11658 11626 11626
50111 1917 22143 182 27968 27786 7008
50130 2030 12835 350 37295 36945 3892
50291 4165 12917 255 37374 37119 3929
50453 4122 5692 502 44761 44259 1689
50455 900 29424 97 21031 20934 9176
50541 692 3311 555 47230 46675 970
50601 1156 38828 30 11773 11743 11743
50843 2749 22518 150 28325 28175 7058
50902 3217 39055 38 11847 11809 11809
51015 1542 13126 310 37889 37579 3966
51134 1363 22644 113 28490 28377 7070
51260 1639 13207 227 38053 37826 3989
51427 2297 39386 44 12041 11997 11997
51461 4187 29970 54 21491 21437 9455
51527 1129 30020 64 21507 21443 9468
51593 15 17336 315 34257 33942 5375
51674 3901 17397 270 34277 34007 5366
51692 1888 39654 35 12038 12003 12003
51734 3871 30179 68 21555 21487 9469
51768 2373 22951 127 28817 28690 7189
51880 3228 30206 133 21674 21541 9494
51909 2562 23027 133 28882 28749 7202
51918 934 13349 330 38569 38239 4060
52090 1066 23047 232 29043 28811 7226
52119 4124 10107 231 42012 41781 3326
52176 4605 7661 451 44515 44064 2306
52272 4923 40131 38 12141 12103 12103
52313 1540 30582 95 21731 21636 9556
52354 1127 13458 329 38896 38567 4117
52383 2863 7794 240 44589 44349 2342
52391 2895 40239 43 12152 12109 12109
52458 1850 17713 190 34745 34555 5476
52523 1968 23337 105 29186 29081 7309
52565 3744 13537 270 39028 38758 4151
52574 3718 17787 123 34787 34664 5544
52583 4573 17784 154 34799 34645 5544
52648 4986 17846 128 34802 34674 5549
52683 2065 40522 48 12161 12113 12113
52720 1015 40588 11 12132 12121 12121
52861 3858 40693 8 12168 12160 12160
52910 3463 7817 410 45093 44683 2352
52940 3867 23522 142 29418 29276 7353
52962 915 5951 434 47011 46577 1821
52971 4423 23477 245 29494 29249 7305
52999 1407 7758 521 45241 44720 2333
53030 1153 30969 100 22061 21961 9770
53091 2313 40805 35 12286 12251 12251
53148 4329 40891 10 12257 12247 12247
53150 2989 13678 290 39472 39182 4221
53167 581 23600 202 29567 29365 7308
53355 3990 23742 140 29613 29473 7334
53374 699 10344 340 43030 42690 3342
53375 1180 31153 85 22222 22137 9858
53414 4521 31151 138 22263 22125 9858
53422 335 41123 26 12299 12273 12273
53450 2770 41129 35 12321 12286 12286
53460 2131 3422 603 50038 49435 1029
53557 4147 31239 87 22318 22231 9904
53619 2178 13874 182 39745 39563 4275
53629 4650 7935 399 45694 45295 2415
53644 4469 7835 502 45809 45307 2389
53724 192 18194 219 35530 35311 5668
53742 3363 41326 46 12416 12370 12370
53822 3004 31423 96 22399 22303 9927
53861 1211 4532 539 49329 48790 1447
53958 2102 41513 45 12445 12400 12400
54111 2439 41620 20 12491 12471 12471
54165 463 41654 5 12511 12506 12506
54362 4384 31691 87 22671 22584 10042
54413 1196 13977 332 40436 40104 4376
54472 19 41880 7 12592 12585 12585
54552 3059 24266 184 30286 30102 7425
54590 1373 18477 239 36113 35874 5701
54682 1468 31816 98 22866 22768 10098
54705 4604 41984 5 12721 12716 12716
54767 4321 42015 10 12752 12742 12742
54773 2953 42008 23 12765 12742 12742
54856 4096 14096 229 40760 40531 4419
54871 4435 31942 64 22929 22865 10137
55006 1056 31954 159 23052 22893 10145
55169 3023 8187 380 46982 46602 2519
55238 627 18654 189 36584 36395 5836
55282 4644 32215 56 23067 23011 10217
55294 3579 18646 268 36648 36380 5822
55367 932 18722 194 36645 36451 5849
55411 1734 4681 534 50730 50196 1446
55486 3949 18749 144 36737 36593 5873
55656 2673 42734 40 12922 12882 12882
55669 597 10791 368 44878 44510 3329
55712 4440 18803 199 36909 36710 5898
55722 4522 32523 51 23199 23148 10247
55729 2789 42832 6 12897 12891 12891
55759 856 24815 176 30944 30768 7637
55938 983 6186 640 49752 49112 1935
56191 2960 43111 33 13080 13047 13047
56195 936 25064 110 31131 31021 7682
56212 2544 43128 16 13084 13068 13068
56333 3980 19011 277 37322 37045 5987
56334 600 25131 158 31203 31045 7690
56356 4607 8412 330 47944 47614 2529
56404 2109 43295 45 13109 13064 13064
56418 2311 25243 127 31175 31048 7692
56534 1328 33004 112 23530 23418 10280
56572 2119 33034 93 23538 23445 10288
56613 2914 6344 530 50269 49739 1971
56813 4116 43510 4 13303 13299 13299
56830 2181 43515 10 13315 13305 13305
56857 3497 33152 82 23705 23623 10313
56931 216 43597 22 13334 13312 13312
57148 1940 43746 46 13402 13356 13356
57195 4414 25482 182 31713 31531 7738
57291 1752 19259 336 38032 37696 6179
57375 2504 6487 430 50888 50458 2004
57419 4501 11136 409 46283 45874 3467
57520 4639 4905 623 52615 51992 1526
57588 526 25729 129 31859 31730 7797
57588 1488 25719 171 31869 31698 7795
57692 3106 25753 131 31939 31808 7824
57890 3850 44467 26 13423 13397 13397
58041 3036 33997 53 24044 23991 10578
58069 2036 34001 75 24068 23993 10583
58086 4809 6505 467 51581 51114 2037
58101 4816 19666 220 38435 38215 6279
58134 1632 44724 1 13410 13409 13409
58188 1949 26017 167 32171 32004 7951
58220 412 34031 131 24189 24058 10649
58342 2266 34162 74 24180 24106 10633
58393 1595 3796 611 54597 53986 1128
58413 2530 14997 299 43416 43117 4700
58416 4204 15020 277 43396 43119 4700
58438 3697 44922 33 13516 13483 13483
58463 3482 26187 86 32276 32190 8038
58549 1726 26185 178 32364 32186 8029
58550 1183 11504 271 47046 46775 3535
58595 4360 34319 81 24276 24195 10698
58632 3939 19899 210 38733 38523 6322
58643 3526 45161 5 13482 13477 13477
58803 2560 6579 567 52224 51657 2068
58882 1492 6760 335 52122 51787 2054
58980 2094 34576 78 24404 24326 10778
59031 1503 45435 22 13596 13574 13574
59090 2275 11587 387 47503 47116 3536
59316 65 34734 92 24582 24490 10817
59346 557 26595 123 32751 32628 8167
59499 2814 15326 189 44173 43984 4860
59541 2263 45798 26 13743 13717 13717
59588 1507 3868 674 55720 55046 1192
59593 4810 20216 207 39377 39170 6393
59600 2780 11644 396 47956 47560 3563
59614 4272 11724 292 47890 47598 3587
59657 4783 15356 293 44301 44008 4874
59839 842 35134 95 24705 24610 10857
59903 734 5170 603 54733 54130 1609
59929 3410 20428 160 39501 39341 6366
60109 305 26861 180 33248 33068 8352
60383 213 35504 97 24879 24782 10834
60402 4680 11840 254 48562 48308 3656
60409 2764 46391 47 14018 13971 13971
60514 2568 6850 437 53664 53227 2054
60533 1512 27092 144 33441 33297 8409
60556 4332 5173 506 55383 54877 1615
60576 2280 46547 29 14029 14000 14000
60578 1150 8988 389 51590 51201 2859
60636 2725 8934 429 51702 51273 2795
60745 3372 35645 56 25100 25044 10953
61078 3838 35868 93 25210 25117 10943
61078 3417 15654 229 45424 45195 5007
61140 2356 15590 387 45550 45163 4964
61179 2961 5263 413 55916 55503 1608
61230 4668 8982 445 52248 51803 2857
61232 2810 46982 11 14250 14239 14239
61336 244 11988 348 49348 49000 3646
61379 2237 11986 461 49393 48932 3638
61492 1464 20883 178 40609 40431 6633
61512 3381 36175 69 25337 25268 11018
61516 1929 5202 595 56314 55719 1628
61591 3840 27655 89 33936 33847 8529
61599 1562 47281 27 14318 14291 14291
61608 1948 12073 379 49535 49156 3662
61611 3795 47287 35 14324 14289 14289
61702 3883 36250 59 25452 25393 11047
61821 2047 47420 44 14401 14357 14357
61872 4422 36310 100 25562 25462 11079
61919 2140 12012 491 49907 49416 3696
61955 2909 12149 328 49806 49478 3663
62042 4240 36380 61 25662 25601 11145
62078 1341 36387 73 25691 25618 11155
62099 4025 47601 20 14498 14478 14478
62100 3997 4113 632 57987 57355 1178
62177 596 36429 97 25748 25651 11164
62249 2656 47703 9 14546 14537 14537
62332 2265 21141 182 41191 41009 6695
62387 1825 47840 3 14547 14544 14544
62482 2869 7169 379 55313 54934 2087
62561 4117 47938 39 14623 14584 14584
62588 2515 27978 192 34610 34418 8630
62621 2239 21240 176 41381 41205 6750
62703 3274 28072 139 34631 34492 8649
62748 4186 21257 203 41491 41288 6751
62765 1842 21277 233 41488 41255 6742
62785 103 28102 173 34683 34510 8660
62801 224 21331 195 41470 41275 6760
62828 1708 7181 424 55647 55223 2083
63010 2760 9305 404 53705 53301 2933
63123 2778 37041 66 26082 26016 11261
63182 1224 28262 149 34920 34771 8698
63290 4221 37103 55 26187 26132 11340
63438 3323 48609 4 14829 14825 14825
63507 2098 28399 184 35108 34924 8723
63512 2713 12369 464 51143 50679 3769
63567 4878 37243 86 26324 26238 11379
63645 4210 12512 302 51133 50831 3795
63671 390 48751 43 14920 14877 14877
63677 4535 28424 203 35253 35050 8768
63767 2167 48815 49 14952 14903 14903
63906 4243 48894 36 15012 14976 14976
63922 4619 9429 353 54493 54140 3010
63940 174 21642 255 42298 42043 6793
63975 924 37475 114 26500 26386 11424
63990 350 37581 59 26409 26350 11412
63998 3139 12532 381 51466 51085 3802
64033 1895 37586 84 26447 26363 11410
64139 253 49102 15 15037 15022 15022
64202 4556 37618 92 26584 26492 11443
64309 21 9483 447 54826 54379 3061
64327 1457 28711 152 35616 35464 8889
64329 2638 49202 36 15127 15091 15091
64354 2858 49252 7 15102 15095 15095
64393 3268 37722 57 26671 26614 11487
64403 20 9499 329 54904 54575 3072
64413 3923 37717 95 26696 26601 11484
64448 3492 12651 304 51797 51493 3847
64513 0 37829 56 26684 26628 11512
64532 569 37812 78 26720 26642 11510
64570 4657 9475 532 55095 54563 3038
64801 3051 12639 348 52162 51814 3816
64846 2729 28865 178 35981 35803 9025
64861 4203 7303 503 57558 57055 2139
65125 683 28927 219 36198 35979 9065
65213 4183 49880 33 15333 15300 15300
65266 756 38238 103 27028 26925 11599
65332 4821 38272 105 27060 26955 11584
65362 4008 9610 500 55752 55252 3062
65402 2944 9604 507 55798 55291 3068
65420 586 29070 308 36350 36042 9076
65651 2979 22233 174 43418 43244 6989
65727 4796 38527 70 27200 27130 11690
65844 3719 22257 200 43587 43387 7004
65867 1296 29309 175 36558 36383 9206
65906 2424 29382 129 36524 36395 9170
65936 1174 5681 558 60255 59697 1685
65993 2632 50436 30 15557 15527 15527
66124 3148 22418 167 43706 43539 7044
66139 3989 50560 21 15579 15558 15558
66178 1246 22379 266 43799 43533 7027
66289 2302 29559 193 36730 36537 9214
66310 291 38861 93 27449 27356 11744
66392 4412 38900 96 27492 27396 11785
66486 604 38945 92 27541 27449 11833
66723 4282 51007 10 15716 15706 15706
66823 4998 29752 98 37071 36973 9368
66897 1701 29722 239 37175 36936 9314
66999 2310 22654 162 44345 44183 7079
67004 2811 39226 71 27778 27707 11935
67027 2444 51221 34 15806 15772 15772
67048 2475 51229 38 15819 15781 15781
67052 2371 39251 78 27801 27723 11961
67073 3860 39273 74 27800 27726 11954
67092 2005 13182 370 53910 53540 3963
67117 2998 17147 392 49970 49578 5380
67150 3487 39320 92 27830 27738 12009
67151 4408 17314 248 49837 49589 5366
67219 3584 22729 267 44490 44223 7108
67245 1033 29911 189 37334 37145 9408
67293 625 29878 206 37415 37209 9434
67419 1477 39565 62 27854 27792 11984
67440 765 17399 227 50041 49814 5379
67447 1956 22903 121 44544 44423 7161
67611 4982 51745 38 15866 15828 15828
67626 3698 51759 34 15867 15833 15833
67628 2704 51765 16 15863 15847 15847
67647 3314 39730 62 27917 27855 12001
67715 1823 39692 141 28023 27882 11998
67749 2925 30225 127 37524 37397 9490
67791 4445 13379 311 54412 54101 4082
67896 4142 17600 160 50296 50136 5447
68336 1384 10080 424 58256 57832 3286
68372 385 52357 25 16015 15990 15990
68403 1422 23219 228 45184 44956 7291
68412 2321 7695 445 60717 60272 2319
68427 1511 23194 246 45233 44987 7306
68470 4518 52400 49 16070 16021 16021
68476 2716 30628 88 37848 37760 9587
68482 3050 23254 159 45228 45069 7310
68505 3371 40256 76 28249 28173 12136
68616 137 40319 103 28297 28194 12140
68656 898 40293 142 28363 28221 12142
68674 3045 30677 169 37997 37828 9609
68782 3763 7793 500 60989 60489 2343
68794 525 13512 335 55282 54947 4153
68908 4219 30742 201 38166 37965 9671
68929 2249 40580 75 28349 28274 12104
69014 3726 52842 1 16172 16171 16171
69078 310 5901 690 63177 62487 1820
69126 2091 40702 65 28424 28359 12176
69240 3614 17888 356 51352 50996 5563
69280 2518 17953 303 51327 51024 5586
69409 3792 13692 379 55717 55338 4229
69512 2905 23658 251 45854 45603 7297
69561 3299 18008 333 51553 51220 5611
69664 3406 53361 44 16303 16259 16259
69836 3294 31231 124 38605 38481 9885
69999 790 41238 97 28761 28664 12335
70065 486 41275 133 28790 28657 12355
70074 3516 53735 44 16339 16295 16295
70134 373 53802 11 16332 16321 16321
70328 1237 53889 34 16439 16405 16405
70367 2633 53927 38 16440 16402 16402
70390 3252 41522 94 28868 28774 12401
70448 362 10518 438 59930 59492 3324
70496 1108 54036 8 16460 16452 16452
70529 3304 41551 91 28978 28887 12432
70540 3600 18233 364 52307 51943 5680
70546 4942 24035 243 46511 46268 7381
70603 2111 54135 5 16468 16463 16463
70629 4819 41618 75 29011 28936 12467
70707 781 54197 32 16510 16478 16478
70712 4213 24108 265 46604 46339 7378
70746 3733 10535 471 60211 59740 3322
70830 3992 31597 183 39233 39050 10038
70925 2705 18460 192 52465 52273 5706
70930 2226 41744 137 29186 29049 12523
70951 1715 24181 200 46770 46570 7445
70952 2660 24151 244 46801 46557 7419
70965 704 54445 34 16520 16486 16486
70968 4178 10646 383 60322 59939 3302
70992 4750 31658 210 39334 39124 10046
71160 3536 31763 179 39397 39218 10069
71188 2823 54689 3 16499 16496 16496
71204 3122 54672 21 16532 16511 16511
71343 290 18527 286 52816 52530 5722
71368 1874 14089 307 57279 56972 4425
71433 2469 18570 281 52863 52582 5745
71528 3329 14120 267 57408 57141 4434
71545 2684 54976 26 16569 16543 16543
71622 1593 18580 316 53042 52726 5767
71647 3629 42285 68 29362 29294 12746
71697 1844 18631 219 53066 52847 5815
71728 3422 55138 18 16590 16572 16572
71777 2994 42357 68 29420 29352 12772
71899 4199 24593 165 47306 47141 7552
71939 2808 55294 39 16645 16606 16606
71984 631 8176 517 63808 63291 2522
71999 2324 14103 492 57896 57404 4412
72065 467 32287 182 39778 39596 10213
72225 1581 42637 100 29588 29488 12800
72315 1402 32365 133 39950 39817 10258
72388 2172 32370 154 40018 39864 10257
72454 4153 42702 150 29752 29602 12874
72459 2635 24653 341 47806 47465 7619
72514 402 8240 492 64274 63782 2523
72538 3341 42837 73 29701 29628 12893
72558 4722 55817 32 16741 16709 16709
72568 4817 18843 269 53725 53456 5942
72643 4330 42877 91 29766 29675 12950
72651 4848 55888 19 16763 16744 16744
72664 3155 55879 39 16785 16746 16746
72806 1770 55995 39 16811 16772 16772
73056 379 10852 531 62204 61673 3349
73065 3866 8290 496 64775 64279 2524
73147 461 18991 348 54156 53808 5980
73180 794 14318 346 58862 58516 4562
73321 1739 43214 71 30107 30036 13066
73331 1760 10954 416 62377 61961 3376
73347 3216 14404 334 58943 58609 4598
73411 4733 14385 386 59026 58640 4605
73458 4009 43316 57 30142 30085 13106
73557 2670 19106 309 54451 54142 6047
73605 611 43396 58 30209 30151 13177
73725 605 43403 119 30322 30203 13218
73749 115 25280 220 48469 48249 7719
73782 3338 19155 224 54627 54403 6108
73817 1474 43466 71 30351 30280 13266
73831 1997 33081 158 40750 40592 10320
73868 1297 25369 174 48499 48325 7732
73916 2582 14546 385 59370 58985 4565
73922 1638 11013 448 62909 62461 3453
73973 258 25367 215 48606 48391 7730
74043 1667 4775 678 69268 68590 1479
74094 2016 43659 66 30435 30369 13335
74096 2842 19179 371 54917 54546 6099
74316 4590 33337 144 40979 40835 10383
74484 261 6480 440 68004 67564 2008
74584 1462 25622 201 48962 48761 7754
74619 4814 14736 299 59883 59584 4612
74777 2801 44079 77 30698 30621 13341
74919 1880 57574 39 17345 17306 17306
75019 4029 33584 193 41435 41242 10522
75189 59 57791 9 17398 17389 17389
75228 4369 11239 448 63989 63541 3466
75447 176 33769 209 41678 41469 10576
75454 4574 33774 167 41680 41513 10612
75461 2464 8546 542 66915 66373 2635
75461 333 44489 63 30972 30909 13387
75465 504 25918 187 49547 49360 7879
75627 2782 44594 63 31033 30970 13415
75757 270 58157 33 17600 17567 17567
75915 3149 44779 96 31136 31040 13407
76016 3893 58303 49 17713 17664 17664
76089 91 58354 40 17735 17695 17695
76134 3972 58367 45 17767 17722 17722
76196 3916 8685 477 67511 67034 2642
76421 1538 34351 111 42070 41959 10677
76496 3580 11394 503 65102 64599 3522
76540 4336 11416 483 65124 64641 3522
76568 1145 45167 77 31401 31324 13485
76774 832 58837 34 17937 17903 17903
76801 527 8791 486 68010 67524 2675
76836 2512 58907 34 17929 17895 17895
76939 791 26416 207 50523 50316 8095
76942 4760 59005 39 17937 17898 17898
77024 4630 19933 419 57091 56672 6327
77172 1881 20093 181 57079 56898 6338
77197 1030 34686 95 42511 42416 10798
77227 1031 20089 288 57138 56850 6321
77315 4432 26528 138 50787 50649 8140
77321 4903 20090 280 57231 56951 6338
77447 2223 15303 280 62144 61864 4795
77485 4115 45598 163 31887 31724 13668
77573 2506 15307 283 62266 61983 4830
77583 318 15304 317 62279 61962 4810
77684 815 26634 241 51050 50809 8205
77705 4870 26717 187 50988 50801 8229
77802 2124 20291 297 57511 57214 6375
77950 3532 20373 256 57577 57321 6371
77986 3087 46048 51 31938 31887 13757
78076 3954 15358 382 62718 62336 4881
78147 300 46161 66 31986 31920 13764
78241 3290 35222 222 43019 42797 10857
78304 4466 60078 11 18226 18215 18215
78321 2598 26858 220 51463 51243 8345
78345 4247 26897 164 51448 51284 8367
78682 3137 60398 18 18284 18266 18266
78743 2225 11888 289 66855 66566 3631
78784 4418 46390 160 32394 32234 13948
79039 4950 20574 253 58465 58212 6526
79266 3791 46720 88 32546 32458 14094
79275 3032 20584 328 58691 58363 6543
79351 4954 15645 305 63706 63401 4970
79411 2636 27219 335 52192 51857 8414
79675 2285 15694 229 63981 63752 5025
79686 1471 8962 616 70724 70108 2836
79697 240 20755 292 58942 58650 6602
79764 2721 61305 22 18459 18437 18437
79776 3266 36064 68 43712 43644 10992
79832 1255 36034 149 43798 43649 10945
79834 1585 36060 138 43774 43636 10966
79875 2325 27452 253 52423 52170 8482
79923 626 36041 189 43882 43693 10964
79955 1618 20819 305 59136 58831 6634
80072 1164 47230 93 32842 32749 14262
80090 3019 36181 117 43909 43792 11014
80103 2751 27626 177 52477 52300 8492
80175 4052 15828 293 64347 64054 5063
80384 3099 6970 624 73414 72790 2063
80449 200 47422 72 33027 32955 14375
80565 4622 47478 96 33087 32991 14425
80619 1916 21020 312 59599 59287 6646
80762 848 36354 173 44408 44235 11145
80873 786 9170 564 71703 71139 2908
80893 2288 36442 103 44451 44348 11185
80926 1623 12170 393 68756 68363 3667
80949 3527 62262 4 18687 18683 18683
80987 1839 15889 399 65098 64699 5081
81005 1024 62323 19 18682 18663 18663
81048 4064 62335 42 18713 18671 18671
81082 4946 15949 376 65133 64757 5090
81108 4983 21063 397 60045 59648 6680
81152 680 62423 27 18729 18702 18702
81153 1190 47833 91 33320 33229 14527
81274 1112 62492 28 18782 18754 18754
81282 573 47888 57 33394 33337 14564
81463 972 47938 94 33525 33431 14604
81566 4940 48032 81 33534 33453 14633
81696 516 48060 133 33636 33503 14656
81748 4715 16151 280 65597 65317 5194
81941 4077 62983 18 18958 18940 18940
81986 152 62993 44 18993 18949 18949
82107 3881 48322 97 33785 33688 14717
82137 496 63129 31 19008 18977 18977
82138 3762 37031 165 45107 44942 11246
82270 3362 9390 392 72880 72488 2950
82314 1617 12387 380 69927 69547 3770
82324 1676 63320 9 19004 18995 18995
82433 225 21434 391 60999 60608 6764
82576 3313 63474 44 19102 19058 19058
82596 101 21519 319 61077 60758 6794
82604 4586 63507 1 19097 19096 19096
82644 93 48622 127 34022 33895 14816
82768 4933 21483 399 61285 60886 6801
82812 717 37262 131 45550 45419 11415
82826 211 21582 222 61244 61022 6786
82847 3166 4167 651 78680 78029 1219
82887 314 28400 291 54487 54196 8751
82915 124 63778 27 19137 19110 19110
82930 4217 9425 485 73505 73020 3013
82960 1576 21600 339 61360 61021 6788
83028 4091 48867 69 34161 34092 14948
83061 2951 63890 23 19171 19148 19148
83084 4671 37381 130 45703 45573 11445
83134 4566 21692 262 61442 61180 6815
83159 4634 28572 183 54587 54404 8823
83337 3220 16473 337 66864 66527 5269
83437 2455 5547 589 77890 77301 1683
83554 3953 49158 32 34396 34364 15074
83568 3466 16454 340 67114 66774 5277
83760 4161 49253 98 34507 34409 15102
83808 613 28752 150 55056 54906 8969
83907 276 49400 86 34507 34421 15114
83983 954 28795 232 55188 54956 8977
84081 2207 64734 33 19347 19314 19314
84122 4987 5536 595 78586 77991 1671
84224 4631 16606 308 67618 67310 5249
84537 3635 65066 47 19471 19424 19424
84553 3128 49724 52 34829 34777 15345
84576 4646 28954 224 55622 55398 9061
84617 440 38163 89 46454 46365 11561
84688 4174 16716 330 67972 67642 5274
84902 4996 38222 196 46680 46484 11604
84956 343 49945 65 35011 34946 15371
85036 3800 29118 280 55918 55638 9122
85271 2571 50126 55 35145 35090 15428
85308 4024 22183 251 63125 62874 6984
85311 368 12904 305 72407 72102 3917
85498 3441 65764 26 19734 19708 19708
85625 2615 65846 24 19779 19755 19755
85807 4447 22217 375 63590 63215 6987
85875 3326 38592 197 47283 47086 11704
85927 1757 38610 234 47317 47083 11733
85928 1860 50437 100 35491 35391 15538
85991 2039 66105 40 19886 19846 19846
85995 3984 50505 98 35490 35392 15537
86091 3852 66150 45 19941 19896 19896
86101 4784 50585 28 35516 35488 15559
86117 1132 7535 434 78582 78148 2269
86220 2921 22398 310 63822 63512 7025
86342 2242 38843 114 47499 47385 11750
86458 1027 17114 216 69344 69128 5331
86649 3373 50865 63 35784 35721 15655
86888 2742 9872 478 77016 76538 3166
87060 3602 51060 63 36000 35937 15715
87075 3776 29726 211 57349 57138 9332
87253 3963 51122 112 36131 36019 15776
87276 1347 29765 190 57511 57321 9395
87326 837 67001 49 20325 20276 20276
87441 1987 29773 253 57668 57415 9398
87623 4999 17233 418 70390 69972 5392
87676 910 17330 311 70346 70035 5377
87710 741 67285 39 20425 20386 20386
87763 363 5778 557 81985 81428 1764
87776 1805 22778 307 64998 64691 7123
87779 866 7552 657 80227 79570 2274
87779 2541 39478 134 48301 48167 11985
87852 4132 39478 155 48374 48219 11984
87854 521 51536 84 36318 36234 15805
87933 4907 13252 385 74681 74296 4038
87956 4801 67494 1 20462 20461 20461
87961 4285 51640 62 36321 36259 15801
88161 4731 7632 464 80529 80065 2287
88207 609 67650 4 20557 20553 20553
88296 1278 17402 478 70894 70416 5394
88362 4892 10002 444 78360 77916 3253
88468 1018 10031 515 78437 77922 3248
88514 1410 67924 28 20590 20562 20562
88569 3014 67979 15 20590 20575 20575
88698 755 39901 226 48797 48571 12027
88707 4899 17563 360 71144 70784 5433
88719 2062 39970 161 48749 48588 12042
88961 2838 23137 335 65824 65489 7229
88994 1604 40106 109 48888 48779 12087
89024 4882 68274 29 20750 20721 20721
89072 2942 23161 292 65911 65619 7239
89095 2068 30530 169 58565 58396 9509
89133 4266 52271 87 36862 36775 15999
89148 1078 52310 74 36838 36764 16002
89241 4095 30589 198 58652 58454 9567
89479 4491 40308 202 49171 48969 12135
89654 2205 68872 10 20782 20772 20772
89664 2741 52651 87 37013 36926 16151
89785 4725 17748 404 72037 71633 5529
89791 3587 40589 90 49202 49112 12132
89830 2899 68972 38 20858 20820 20820
89933 702 30873 179 59060 58881 9714
89998 1419 40635 190 49363 49173 12151
90083 4762 23511 260 66572 66312 7346
90109 4087 69286 7 20823 20816 20816
90182 1866 23621 268 66561 66293 7294
90185 2938 69344 30 20841 20811 20811
90189 635 40802 154 49387 49233 12241
90240 4403 10251 536 79989 79453 3347
90273 4728 10228 647 80045 79398 3309
90618 1653 31109 174 59509 59335 9845
90707 1992 18026 368 72681 72313 5621
90731 119 69631 27 21100 21073 21073
90790 1312 69682 34 21108 21074 21074
91002 195 41134 148 49868 49720 12289
91021 2959 18061 394 72960 72566 5645
91104 2337 31177 278 59927 59649 9881
91199 1735 53619 80 37580 37500 16324
91208 2846 31258 233 59950 59717 9889
91314 1261 23911 293 67403 67110 7391
91385 4875 18176 362 73209 72847 5642
91499 1350 23906 328 67593 67265 7395
91523 1087 53823 79 37700 37621 16354
91587 1914 53852 73 37735 37662 16402
91602 3823 70307 9 21295 21286 21286
91639 996 70325 28 21314 21286 21286
91769 1461 7958 606 83811 83205 2413
91785 1003 70409 46 21376 21330 21330
91851 1447 24026 263 67825 67562 7367
91855 3029 70466 18 21389 21371 21371
91952 2537 70545 16 21407 21391 21391
92061 500 6083 662 85978 85316 1862
92096 3802 31561 165 60535 60370 10013
92102 1020 13908 458 78194 77736 4286
92131 3966 54165 85 37966 37881 16465
92272 3632 54231 71 38041 37970 16504
92365 4028 70873 16 21492 21476 21476
92420 4790 13947 438 78473 78035 4335
92613 4442 41868 138 50745 50607 12576
92644 3709 31737 210 60907 60697 10047
92862 1079 71193 19 21669 21650 21650
92872 3476 10683 478 82189 81711 3356
92887 1427 71203 28 21684 21656 21656
92918 112 24239 307 68679 68372 7422
92947 2973 54695 78 38252 38174 16493
92962 1692 54723 64 38239 38175 16482
93032 4129 71301 28 21731 21703 21703
93065 1216 41995 136 51070 50934 12711
93315 3094 71572 33 21743 21710 21710
93349 78 42153 191 51196 51005 12727
93414 468 8143 536 85271 84735 2504
93442 1570 55009 153 38433 38280 16537
93455 197 24464 224 68991 68767 7559
93465 3640 18595 303 74870 74567 5785
93491 2399 24496 226 68995 68769 7553
93498 4765 18624 311 74874 74563 5780
93514 4709 18610 382 74904 74522 5779
93603 2501 32107 238 61496 61258 10193
93612 4670 14132 478 79480 79002 4435
93637 960 18638 342 74999 74657 5813
93679 5 55271 68 38408 38340 16588
93756 4377 55301 100 38455 38355 16609
93876 1780 24592 299 69284 68985 7548
93958 2393 18679 395 75279 74884 5823
93974 1206 72123 14 21851 21837 21837
94037 391 42591 140 51446 51306 12800
94125 4040 55527 74 38598 38524 16699
94193 1833 10768 556 83425 82869 3309
94308 3946 55603 78 38705 38627 16711
94378 4400 18803 279 75575 75296 5870
94576 982 42874 111 51702 51591 12948
94605 2820 24848 280 69757 69477 7643
94665 4981 72702 23 21963 21940 21940
94765 543 42908 160 51857 51697 12970
94806 3169 32613 256 62193 61937 10238
94838 2733 72827 19 22011 21992 21992
94946 1651 32564 343 62382 62039 10257
95114 1317 72971 31 22143 22112 22112
95211 1727 43037 147 52174 52027 13015
95277 3462 32660 281 62617 62336 10273
95320 1611 14346 430 80974 80544 4555
95320 4856 73096 42 22224 22182 22182
95336 1294 56173 96 39163 39067 16886
95378 84 56266 61 39112 39051 16881
95383 636 19015 314 76368 76054 5985
95455 4072 19022 334 76433 76099 5988
95459 1723 19033 291 76426 76135 6018
95489 1578 73359 24 22130 22106 22106
95520 879 19068 291 76452 76161 6021
95594 4941 56460 52 39134 39082 16952
95710 2474 56469 137 39241 39104 16958
95812 2042 25170 363 70642 70279 7716
95916 502 73675 10 22241 22231 22231
95948 4773 25303 196 70645 70449 7716
96041 2743 56699 64 39342 39278 16984
96047 2183 73748 5 22299 22294 22294
96139 1300 73829 29 22310 22281 22281
96219 4144 43503 165 52716 52551 13289
96229 814 56900 59 39329 39270 16971
96266 1265 43570 129 52696 52567 13291
96308 1006 74005 41 22303 22262 22262
96370 3375 33175 178 63195 63017 10356
96641 4251 25471 242 71170 70928 7737
96728 241 57177 86 39551 39465 17064
96792 2463 57263 68 39529 39461 17077
96881 2173 14700 313 82181 81868 4566
96905 2616 25492 367 71413 71046 7729
96920 1741 8463 688 88457 87769 2565
96937 4110 43796 187 53141 52954 13410
96956 743 57322 100 39634 39534 17084
97039 459 74537 25 22502 22477 22477
97059 1435 33410 194 63649 63455 10429
97136 4597 8492 539 88644 88105 2587
97190 4166 57367 52 39823 39771 17218
97380 346 14742 427 82638 82211 4615
97407 2875 11218 470 86189 85719 3464
97431 353 74830 15 22601 22586 22586
97521 578 33584 169 63937 63768 10526
97532 1107 25676 268 71856 71588 7785
97570 3964 19456 310 78114 77804 6200
97580 4205 44167 77 53413 53336 13383
97591 1883 74943 33 22648 22615 22615
97635 1489 74978 36 22657 22621 22621
97788 3714 57670 89 40118 40029 17357
97823 3090 75097 15 22726 22711 22711
97945 3289 19537 284 78408 78124 6234
98012 529 75267 6 22745 22739 22739
98069 3365 75303 23 22766 22743 22743
98094 35 57851 58 40243 40185 17436
98153 4653 33708 244 64445 64201 10588
98159 768 14846 362 83313 82951 4656
98192 1550 57883 70 40309 40239 17485
98233 2628 57932 83 40301 40218 17523
98241 4208 25870 313 72371 72058 7874
98283 2865 25927 313 72356 72043 7876
98323 939 6496 707 91827 91120 2024
98329 1368 44493 195 53836 53641 13404
98358 518 75603 28 22755 22727 22727
98405 4164 44574 162 53831 53669 13419
98525 2125 58050 154 40475 40321 17544
98570 4032 44672 174 53898 53724 13398
98655 3281 58212 51 40443 40392 17603
98697 1541 75861 46 22836 22790 22790
98799 4013 8723 368 90076 89708 2655
98942 2553 44814 154 54128 53974 13453
99047 473 8634 534 90413 89879 2620
99117 3633 11277 694 87840 87146 3491
99206 2545 45011 90 54195 54105 13457
99233 2945 58476 103 40757 40654 17727
99341 1037 44986 154 54355 54201 13478
99403 404 58587 68 40816 40748 17784
99437 2740 76423 44 23014 22970 22970
99532 3676 19843 357 79689 79332 6306
99558 3453 45065 206 54493 54287 13486
99740 4322 34398 239 65342 65103 10732
99767 2303 15050 519 84717 84198 4706
99974 2282 34496 237 65478 65241 10735
