1858 4439 329 17 1529 1512 167
2014 9355 7 136 2007 1871 0
3309 5631 1371 6 1938 1932 736
4203 7748 474 25 3729 3704 259
4778 9197 346 29 4432 4403 180
4950 9867 557 40 4393 4353 302
5459 4360 596 22 4863 4841 343
5698 1529 2377 9 3321 3312 1300
5817 3683 3757 2 2060 2058 2058
6812 7355 4337 4 2475 2471 2471
7012 5492 4468 3 2544 2541 2541
8094 6436 571 29 7523 7494 314
8164 2734 5211 1 2953 2952 2952
8793 8624 986 23 7807 7784 515
9221 9936 2469 11 6752 6741 1328
9445 1622 3856 6 5589 5583 2148
10275 1165 6556 3 3719 3716 3716
10945 7992 779 27 10166 10139 390
11415 7603 4600 99 6815 6716 2601
11455 4995 7314 3 4141 4138 4138
11893 7785 1990 67 9903 9836 1106
12593 6534 2106 18 10487 10469 1184
13686 2502 5556 6 8130 8124 3153
14253 9122 422 36 13831 13795 233
14644 4248 1627 22 13017 12995 862
14810 3767 9504 3 5306 5303 5303
15855 4140 4127 14 11728 11714 2337
15920 4039 2713 19 13207 13188 1425
16333 6597 757 32 15576 15544 376
17034 5085 10868 5 6166 6161 6161
20319 2698 5284 12 15035 15023 3018
21666 838 5637 13 16029 16016 3199
21827 886 5678 14 16149 16135 3218
22301 1312 3759 18 18542 18524 2059
22448 7687 295 48 22153 22105 125
22683 3330 5900 14 16783 16769 3346
23028 3627 9392 10 13636 13626 5271
25047 1526 15882 1 9165 9164 9164
27706 7970 805 36 26901 26865 406
28595 6035 3057 21 25538 25517 1663
29896 131 12144 9 17752 17743 6830
30062 3182 12196 8 17866 17858 6880
30862 400 12544 7 18318 18311 7051
31105 9966 1372 32 29733 29701 741
31620 7853 12837 9 18783 18774 7224
31860 3931 20228 4 11632 11628 11628
33354 202 13510 7 19844 19837 7601
33564 5859 21261 4 12303 12299 12299
34063 4447 276 51 33787 33736 114
35568 3179 9168 11 26400 26389 5162
35730 1551 2456 45 33274 33229 1323
36045 4328 9320 11 26725 26714 5220
37208 2710 23534 1 13674 13673 13673
37310 4086 6108 20 31202 31182 3493
38410 4228 6304 17 32106 32089 3570
38416 7368 15424 10 22992 22982 8876
38461 7031 9892 12 28569 28557 5542
38536 4753 24377 5 14159 14154 14154
38780 8500 24554 3 14226 14223 14223
38892 71 4084 23 34808 34785 2300
38943 8434 2670 27 36273 36246 1414
39760 504 1099 69 38661 38592 634
41415 728 16654 7 24761 24754 9546
42184 7961 26679 4 15505 15501 15501
42609 2463 2879 29 39730 39701 1577
42773 9465 2882 76 39891 39815 1586
44025 6203 11330 12 32695 32683 6408
44298 3459 17864 7 26434 26427 10196
44692 4318 7332 20 37360 37340 4160
44938 3516 11558 14 33380 33366 6542
45256 7559 7430 18 37826 37808 4200
46557 7624 18751 8 27806 27798 10772
46703 8691 18821 7 27882 27875 10811
46964 3959 29804 2 17160 17158 17158
47906 6012 12330 12 35576 35564 6959
48551 7569 30833 2 17718 17716 17716
50718 745 32172 1 18546 18545 18545
50832 7389 20450 6 30382 30376 11795
50992 1179 32340 5 18652 18647 18647
51725 5513 32768 3 18957 18954 18954
51967 7049 32934 1 19033 19032 19032
52095 8346 33022 3 19073 19070 19070
52527 8956 21107 10 31420 31410 12203
53133 8850 953 44 52180 52136 506
54243 7621 34420 3 19823 19820 19820
54589 3914 21884 6 32705 32699 12750
55560 839 35217 2 20343 20341 20341
56038 9973 14312 12 41726 41714 8115
56055 4650 14319 14 41736 41722 8130
56463 4771 22575 89 33888 33799 13126
57336 480 14654 11 42682 42671 8345
58414 8790 23440 8 34974 34966 13606
59598 509 6199 21 53399 53378 3527
59759 1779 23930 6 35829 35823 13939
60170 3791 38161 3 22009 22006 22006
61066 3630 15545 14 45521 45507 8959
61691 3474 39109 3 22582 22579 22579
61781 4394 24803 10 36978 36968 14351
63422 1734 40209 3 23213 23210 23210
64279 424 40764 2 23515 23513 23513
65069 4336 26132 6 38937 38931 15143
65470 6970 10673 18 54797 54779 6021
66225 4895 42033 1 24192 24191 24191
66302 1962 42075 4 24227 24223 24223
66471 6467 42 88 66429 66341 8
66810 1565 42448 5 24362 24357 24357
67492 1542 27146 8 40346 40338 15700
67588 5655 1854 77 65734 65657 1032
67591 1149 42913 2 24678 24676 24676
68513 6707 43499 4 25014 25010 25010
69637 8663 28031 10 41606 41596 16217
70574 6327 7352 23 63222 63199 4176
71445 9654 45391 5 26054 26049 26049
71604 3593 7486 22 64118 64096 4204
72729 2218 46192 1 26537 26536 26536
73808 6326 18900 12 54908 54896 10846
76494 3618 48520 5 27974 27969 27969
76667 9003 30897 7 45770 45763 17744
76912 4990 12600 20 64312 64292 7079
78892 2636 50020 1 28872 28871 28871
79734 8672 50524 4 29210 29206 29206
79745 6731 32059 9 47686 47677 18465
79796 3639 32080 7 47716 47709 18487
79801 1212 32084 9 47717 47708 18492
79828 1133 20369 52 59459 59407 11696
79845 8406 32100 9 47745 47736 18509
79913 4605 50662 1 29251 29250 29250
79943 8294 32140 10 47803 47793 18535
79968 8249 50709 1 29259 29258 29258
80309 3695 50947 4 29362 29358 29358
81132 7886 13241 20 67891 67871 7442
82810 5267 52550 5 30260 30255 30255
82980 3359 33373 10 49607 49597 19245
83364 9235 33506 10 49858 49848 19368
83548 2392 2270 36 81278 81242 1258
83568 4919 53006 1 30562 30561 30561
83612 7258 21289 11 62323 62312 12306
83665 3088 21300 12 62365 62353 12313
84206 6332 33854 10 50352 50342 19542
84640 5675 21514 15 63126 63111 12536
85911 255 8905 22 77006 76984 5052
86450 7026 14058 18 72392 72374 7940
87133 214 1006 144 86127 85983 525
87190 8385 55328 2 31862 31860 31860
88411 4326 14322 18 74089 74071 8139
91112 904 9443 25 81669 81644 5284
92477 2134 23505 11 68972 68961 13648
93245 5076 15064 20 78181 78161 8618
93523 603 1672 42 91851 91809 894
93645 235 6164 27 87481 87454 3509
94027 7038 3980 33 90047 90014 2210
94030 1985 37773 7 56257 56250 21812
95095 4830 38207 10 56888 56878 22014
95678 8551 24321 14 71357 71343 14108
96766 9214 6377 26 90389 90363 3611
97175 8362 61496 1 35679 35678 35678
97653 2875 39196 9 58457 58448 22628
99075 185 25152 13 73923 73910 14544
99204 5146 39747 9 59457 59448 22967
99983 4254 40108 8 59875 59867 23149
