192 9355 7 136 185 49 0
365 4439 329 17 36 19 19
402 9197 346 29 56 27 27
451 7687 295 48 156 108 108
514 7748 474 25 40 15 15
637 9867 557 40 80 40 25
660 4360 596 22 64 42 42
702 6436 571 29 131 102 102
807 6597 757 32 50 18 18
895 7992 779 27 116 89 89
1042 8624 986 23 56 33 33
1216 9122 422 36 794 758 758
1226 504 1099 69 127 58 23
1252 214 1006 144 246 102 67
1351 7970 805 36 546 510 510
1398 5631 1371 6 27 21 21
1636 9966 1372 32 264 232 232
1659 4248 1627 22 32 10 10
1922 4196 1433 192 489 297 227
2009 5655 1854 77 155 78 69
2101 7785 1990 67 111 44 20
2127 6534 2106 18 21 3 3
2323 5915 1819 183 504 321 18
2387 1529 2377 9 10 1 1
2482 4448 2303 141 179 38 21
2494 9936 2469 11 25 14 14
2531 1551 2456 45 75 30 14
2667 1423 2398 109 269 160 7
2731 8434 2670 27 61 34 34
2751 4039 2713 19 38 19 19
2980 2463 2879 29 101 72 72
2982 9465 2882 76 100 24 18
3098 6035 3057 21 41 20 20
3170 2392 2270 36 900 864 864
3458 7241 3283 118 175 57 19
3727 995 2343 108 1384 1276 1258
3763 3683 3757 2 6 4 4
3782 1312 3759 18 23 5 5
3868 1622 3856 6 12 6 6
4118 71 4084 23 34 11 11
4176 4140 4127 14 49 35 35
4345 7355 4337 4 8 4 4
4475 5492 4468 3 7 4 4
4519 1920 3938 122 581 459 256
4680 6673 4536 108 144 36 32
4719 7603 4600 99 119 20 0
4861 7038 3980 33 881 848 848
5229 2734 5211 1 18 17 17
5240 8539 4987 192 253 61 45
5309 2698 5284 12 25 13 13
5444 1887 4633 34 811 777 777
5518 1774 5220 175 298 123 21
5578 2502 5556 6 22 16 16
5599 5668 5245 246 354 108 14
5653 838 5637 13 16 3 3
5730 886 5678 14 52 38 38
5937 3330 5900 14 37 23 23
6136 7346 5876 184 260 76 25
6157 4086 6108 20 49 29 29
6176 7058 5954 115 222 107 100
6220 509 6199 21 21 0 0
6248 235 6164 27 84 57 57
6344 4228 6304 17 40 23 23
6404 8703 6042 32 362 330 330
6452 9214 6377 26 75 49 49
6591 1165 6556 3 35 32 32
6765 5137 6451 158 314 156 104
6831 1756 6699 78 132 54 13
7056 6370 6611 211 445 234 29
7153 5556 7103 32 50 18 18
7204 8223 7069 75 135 60 23
7348 4995 7314 3 34 31 31
7388 4318 7332 20 56 36 36
7412 6327 7352 23 60 37 37
7454 7559 7430 18 24 6 6
7524 3593 7486 22 38 16 16
7560 8552 5010 35 2550 2515 2515
8061 6528 7974 29 87 58 58
8097 9739 6845 132 1252 1120 108
8185 7240 7735 35 450 415 415
8324 1945 3607 156 4717 4561 32
8505 8216 8398 75 107 32 5
8542 33 5369 208 3173 2965 27
8586 3161 8533 28 53 25 25
8858 7366 8809 26 49 23 23
8941 255 8905 22 36 14 14
9173 1352 8624 34 549 515 515
9185 3179 9168 11 17 6 6
9261 1535 9079 143 182 39 27
9333 4328 9320 11 13 2 2
9433 3627 9392 10 41 31 31
9448 4684 9328 82 120 38 6
9492 904 9443 25 49 24 24
9527 3767 9504 3 23 20 20
9769 8052 9580 69 189 120 42
9922 9534 9766 64 156 92 26
9935 7031 9892 12 43 31 31
10286 1138 10244 27 42 15 15
10498 8560 3372 37 7126 7089 7089
10622 3729 10482 88 140 52 29
10693 6970 10673 18 20 2 2
10875 5085 10868 5 7 2 2
10904 2328 10825 28 79 51 51
10992 790 10706 36 286 250 250
11343 6203 11330 12 13 1 1
11417 747 11111 150 306 156 32
11590 3516 11558 14 32 18 18
11695 6791 11395 188 300 112 23
11751 564 11478 186 273 87 29
11839 2248 11791 29 48 19 19
12162 131 12144 9 18 9 9
12197 3381 11963 182 234 52 2
12206 3182 12196 8 10 2 2
12395 6012 12330 12 65 53 53
12481 611 12342 101 139 38 9
12570 4283 12501 28 69 41 41
12578 400 12544 7 34 27 27
12611 2359 11774 137 837 700 12
12652 4990 12600 20 52 32 32
12654 1251 12580 41 74 33 32
12793 4061 11848 316 945 629 34
12858 7853 12837 9 21 12 12
13156 8559 12946 31 210 179 179
13161 9518 12804 115 357 242 70
13335 7886 13241 20 94 74 74
13361 1485 13235 25 126 101 101
13388 2529 13303 26 85 59 59
13532 746 13463 45 69 24 15
13547 202 13510 7 37 30 30
13841 1530 12710 86 1131 1045 1016
14064 3446 14029 29 35 6 6
14083 7026 14058 18 25 7 7
14325 9973 14312 12 13 1 1
14340 4650 14319 14 21 7 7
14349 3080 14219 77 130 53 38
14370 4326 14322 18 48 30 30
14427 7313 14219 32 208 176 176
14499 714 12867 154 1632 1478 1288
14673 480 14654 11 19 8 8
14725 7436 14630 25 95 70 70
14792 2313 14624 93 168 75 52
15025 3484 14655 33 370 337 337
15068 1675 14799 34 269 235 235
15132 5076 15064 20 68 48 48
15423 9927 14608 354 815 461 146
15434 7368 15424 10 10 0 0
15571 3630 15545 14 26 12 12
15845 2284 15370 34 475 441 441
15915 1526 15882 1 33 32 32
16053 6337 14085 135 1968 1833 32
16216 6494 12013 36 4203 4167 4167
16337 4647 14313 104 2024 1920 239
16374 1654 15052 69 1322 1253 17
16602 8881 16500 68 102 34 17
16676 728 16654 7 22 15 15
16942 5594 16770 115 172 57 12
17039 3318 16948 20 91 71 71
17057 3619 17035 17 22 5 5
17392 7275 17011 164 381 217 196
17580 3554 17501 19 79 60 60
17685 2497 17552 28 133 105 105
17717 5592 17489 31 228 197 197
17834 9865 17437 225 397 172 31
17855 9993 17816 20 39 19 19
17886 3459 17864 7 22 15 15
18065 6340 17968 68 97 29 2
18208 8208 18098 85 110 25 2
18356 7357 18143 167 213 46 14
18396 707 17082 122 1314 1192 14
18466 2382 18429 18 37 19 19
18549 5008 18469 22 80 58 58
18582 3315 18436 32 146 114 114
18706 3610 18655 19 51 32 32
18768 533 18685 29 83 54 54
18777 7624 18751 8 26 18 18
18843 7775 18649 94 194 100 4
18851 8691 18821 7 30 23 23
18948 6326 18900 12 48 36 36
18951 29 16518 50 2433 2383 2381
19124 2117 19006 75 118 43 15
19437 632 19123 216 314 98 2
19566 2067 18991 121 575 454 365
19818 8898 19791 17 27 10 10
19868 3824 18358 158 1510 1352 1326
19887 4941 19846 18 41 23 23
20238 3931 20228 4 10 6 6
20442 1133 20369 52 73 21 13
20459 7389 20450 6 9 3 3
20673 3820 20397 32 276 244 244
20759 3414 20728 17 31 14 14
20813 1176 20728 27 85 58 58
20850 7187 19475 36 1375 1339 1339
21120 8956 21107 10 13 3 3
21168 1457 20893 197 275 78 40
21291 5859 21261 4 30 26 26
21303 7258 21289 11 14 3 3
21316 3088 21300 12 16 4 4
21442 8014 21383 36 59 23 23
21497 8599 21448 16 49 33 33
21530 5675 21514 15 16 1 1
21724 1907 21465 54 259 205 33
21904 3914 21884 6 20 14 14
21961 3226 21928 26 33 7 7
22133 8495 21413 35 720 685 685
22348 7102 22215 26 133 107 107
22688 4771 22575 89 113 24 6
22848 8993 22818 17 30 13 13
22880 8522 22862 16 18 2 2
22908 1760 22801 27 107 80 80
22986 5481 5382 159 17604 17445 17411
23307 8700 22986 200 321 121 17
23467 8790 23440 8 27 19 19
23498 9108 22938 75 560 485 450
23535 2710 23534 1 1 0 0
23553 2134 23505 11 48 37 37
23781 9013 23605 81 176 95 19
23968 1779 23930 6 38 32 32
24155 3885 6433 37 17722 17685 17685
24242 3467 7244 37 16998 16961 16961
24320 9904 24271 25 49 24 24
24335 8551 24321 14 14 0 0
24395 4753 24377 5 18 13 13
24565 8500 24554 3 11 8 8
24835 4394 24803 10 32 22 22
24897 5135 8309 37 16588 16551 16551
25103 2595 25057 26 46 20 20
25134 7247 24888 150 246 96 10
25166 185 25152 13 14 1 1
25254 702 25208 24 46 22 22
25685 9299 24988 165 697 532 179
25719 8584 25665 25 54 29 28
25986 2799 25917 18 69 51 51
26151 4336 26132 6 19 13 13
26191 7008 25938 107 253 146 108
26299 5962 26214 30 85 55 55
26316 849 26295 16 21 5 5
26391 9259 26189 147 202 55 50
26486 1072 26432 22 54 32 32
26694 7961 26679 4 15 11 11
26731 4265 26326 176 405 229 26
26767 2473 26752 11 15 4 4
26870 6323 25201 89 1669 1580 2
26942 6592 26538 49 404 355 337
26960 5769 26735 178 225 47 9
26990 4350 26876 29 114 85 85
27113 3400 26985 100 128 28 6
27165 1542 27146 8 19 11 11
27180 3434 27158 14 22 8 8
27220 810 27167 23 53 30 30
27263 4113 27235 12 28 16 16
27294 6746 27251 25 43 18 18
27358 8105 27306 19 52 33 33
27402 7128 27320 25 82 57 57
27475 7747 27418 25 57 32 32
27504 842 27409 28 95 67 67
27678 4357 27633 29 45 16 16
27715 7698 27297 125 418 293 246
27736 4654 27670 20 66 46 46
27762 4806 27664 25 98 73 73
27873 6722 27036 94 837 743 538
27930 4385 27669 35 261 226 226
28058 8663 28031 10 27 17 17
28516 470 28419 88 97 9 2
28740 4042 28514 192 226 34 3
28836 4344 28766 35 70 35 35
28926 1291 16284 37 12642 12605 12605
29013 315 16667 148 12346 12198 35
29154 3205 17928 37 11226 11189 11189
29253 7701 29213 28 40 12 12
29356 5286 29186 115 170 55 17
29412 9144 29373 36 39 3 3
29534 420 20277 37 9257 9220 9220
29630 8332 21036 37 8594 8557 8557
29759 5585 29730 25 29 4 4
29805 3613 29792 13 13 0 0
29808 3959 29804 2 4 2 2
29871 1403 29844 17 27 10 10
30079 3802 30022 16 57 41 41
30421 3436 30346 31 75 44 44
30736 5715 22140 102 8596 8494 69
30767 6247 30516 178 251 73 31
30840 7569 30833 2 7 5 5
30923 9003 30897 7 26 19 19
31030 4485 30992 25 38 13 13
31154 1102 31036 80 118 38 17
31174 9468 31135 19 39 20 20
31309 616 31135 27 174 147 147
31379 4110 31325 27 54 27 17
31520 9285 31494 19 26 7 7
31629 8017 31585 27 44 17 17
31774 1955 31689 29 85 56 56
31823 1394 31786 14 37 23 23
32079 6731 32059 9 20 11 11
32087 3639 32080 7 7 0 0
32104 1212 32084 9 20 11 11
32114 8406 32100 9 14 5 5
32125 2278 32060 46 65 19 6
32152 8294 32140 10 12 2 2
32178 745 32172 1 6 5 5
32242 3091 32009 84 233 149 144
32283 4203 31589 35 694 659 659
32342 3201 31452 80 890 810 29
32348 1179 32340 5 8 3 3
32448 843 32427 11 21 10 10
32472 4391 32440 23 32 9 9
32574 9942 32529 18 45 27 27
32775 5513 32768 3 7 4 4
32893 5791 23500 85 9393 9308 36
32922 2333 32897 25 25 0 0
32953 7049 32934 1 19 18 18
32976 9332 32946 12 30 18 18
33025 8346 33022 3 3 0 0
33047 7009 33024 11 23 12 12
33264 7848 24716 200 8548 8348 30
33302 7064 25743 37 7559 7522 7522
33318 1428 32951 237 367 130 97
33390 3359 33373 10 17 7 7
33410 9668 33342 19 68 49 49
33486 6848 33458 11 28 17 17
33538 9235 33506 10 32 22 22
33671 5295 33649 15 22 7 7
33713 6056 33686 11 27 16 16
33820 6388 33325 32 495 463 463
33850 5578 33431 62 419 357 325
33899 6332 33854 10 45 35 35
34002 684 33336 33 666 633 633
34083 850 34055 15 28 13 13
34210 6412 34162 19 48 29 29
34447 8828 33628 107 819 712 18
34451 7621 34420 3 31 28 28
34482 8878 34465 16 17 1 1
34743 1080 34560 118 183 65 30
35067 7881 35022 16 45 29 29
35096 2063 35080 11 16 5 5
35149 773 34894 140 255 115 55
35236 1922 35198 25 38 13 13
35239 839 35217 2 22 20 20
35271 1453 35249 13 22 9 9
35509 3062 35436 34 73 39 39
35834 4662 35756 25 78 53 53
35893 6394 35741 146 152 6 3
36032 3980 35851 28 181 153 153
36075 2003 35882 134 193 59 12
36395 5052 36348 28 47 19 19
36429 9227 36162 33 267 234 234
36576 1469 36454 109 122 13 12
36816 9021 36738 24 78 54 54
36928 8698 36019 152 909 757 14
37060 1666 36490 84 570 486 439
37444 6686 37407 16 37 21 21
37494 8213 37432 37 62 25 13
37678 8142 37611 22 67 45 45
37724 8519 37621 22 103 81 81
37799 1985 37773 7 26 19 19
37823 6672 37779 23 44 21 21
37959 3518 37829 91 130 39 25
37998 2554 37921 22 77 55 55
38008 4116 37750 91 258 167 162
38168 257 37348 434 820 386 12
38172 3791 38161 3 11 8 8
38222 4830 38207 10 15 5 5
38319 5384 38255 30 64 34 34
38357 7934 38331 17 26 9 9
38498 7974 38458 16 40 24 24
38858 9361 38817 31 41 10 10
39102 8988 39050 15 52 37 37
39115 3474 39109 3 6 3 3
39221 2875 39196 9 25 16 16
39432 6649 37444 71 1988 1917 318
39468 3018 37221 147 2247 2100 1362
39558 2296 39517 17 41 24 24
39741 5034 39681 39 60 21 7
39776 5146 39747 9 29 20 20
39829 3869 39783 15 46 31 31
39848 6599 39813 18 35 17 17
39929 1112 39558 28 371 343 343
39958 6565 39729 28 229 201 201
39990 4658 39521 31 469 438 438
40124 4254 40108 8 16 8 8
40238 1734 40209 3 29 26 26
40338 97 40308 20 30 10 10
40371 1809 40328 32 43 11 11
40624 3893 40599 6 25 19 19
40722 3023 40646 19 76 57 57
40779 424 40764 2 15 13 13
40815 4278 40794 12 21 9 9
40839 7973 40415 323 424 101 24
41213 7842 40738 33 475 442 442
41316 8832 41252 24 64 40 40
41862 3578 41598 99 264 165 136
41911 2835 41830 24 81 57 57
42052 4895 42033 1 19 18 18
42087 1962 42075 4 12 8 8
42213 1316 42054 152 159 7 3
42246 2716 41541 103 705 602 2
42384 7721 42340 24 44 20 20
42457 1565 42448 5 9 4 4
42686 7583 42480 93 206 113 76
42781 3223 42693 60 88 28 15
42877 7290 42689 102 188 86 11
42921 1149 42913 2 8 6 6
42970 8645 42801 104 169 65 25
43009 7037 42960 20 49 29 29
43024 5303 43006 14 18 4 4
43086 5048 43041 32 45 13 13
43170 693 43139 13 31 18 18
43409 3364 42425 148 984 836 781
43524 6707 43499 4 25 21 21
43566 3590 43538 12 28 16 16
43785 2096 43750 23 35 12 12
43835 8714 43818 14 17 3 3
43907 5415 42357 35 1550 1515 1515
44040 6576 44020 14 20 6 6
44219 5128 44105 30 114 84 84
44380 4593 36740 172 7640 7468 77
44402 8511 44303 66 99 33 24
44462 8520 44402 26 60 34 34
44528 4492 44381 34 147 113 113
44790 4850 44535 123 255 132 23
44810 9962 44769 19 41 22 22
44845 5719 44666 34 179 145 145
45081 9988 38338 36 6743 6707 6707
45096 3108 45047 14 49 35 35
45167 8244 44956 165 211 46 14
45403 9654 45391 5 12 7 7
45504 3453 45459 18 45 27 27
45593 9218 45359 113 234 121 58
45626 9187 45448 107 178 71 25
45752 7544 45735 11 17 6 6
45889 4981 45195 160 694 534 22
45947 2226 45096 150 851 701 177
45982 7632 45607 34 375 341 341
46042 7802 46000 29 42 13 13
46200 2218 46192 1 8 7 7
46219 1933 46194 18 25 7 7
46314 7661 46126 34 188 154 154
46559 4690 46435 97 124 27 16
46731 9183 46705 11 26 15 15
46862 9812 46742 34 120 86 86
46916 3057 46857 28 59 31 31
47041 5219 46993 21 48 27 27
47066 8990 47007 24 59 35 35
47133 5073 47070 13 63 50 50
47156 1159 47096 22 60 38 38
47219 1240 47041 33 178 145 145
47324 7851 47298 17 26 9 9
47371 7578 47020 195 351 156 47
47377 91 46949 260 428 168 7
47531 9216 47499 23 32 9 9
47557 2960 47429 25 128 103 103
47606 8647 47581 25 25 0 0
48018 5896 47946 33 72 39 2
48152 5224 48089 33 63 30 30
48166 1260 47938 93 228 135 114
48238 4657 48189 15 49 34 34
48264 3557 48206 25 58 33 33
48311 3066 48193 75 118 43 22
48459 9064 48260 32 199 167 167
48474 1247 48333 129 141 12 6
48540 3618 48520 5 20 15 15
48572 7962 48400 108 172 64 6
48648 221 48542 52 106 54 48
48694 8318 48611 26 83 57 57
48765 8747 47868 114 897 783 7
48870 8379 48513 272 357 85 6
48885 8172 48861 14 24 10 10
49031 6737 49003 25 28 3 3
49038 2310 49011 6 27 21 21
49087 7607 48942 106 145 39 10
49386 3137 42312 140 7074 6934 6931
49479 2881 43791 175 5688 5513 5489
49624 8696 49605 16 19 3 3
49801 9322 49760 6 41 35 35
50026 2636 50020 1 6 5 5
50196 7083 50055 119 141 22 9
50531 8672 50524 4 7 3 3
50587 4353 49941 116 646 530 523
50679 4605 50662 1 17 16 16
50724 4541 50502 33 222 189 189
50726 8249 50709 1 17 16 16
50802 8985 50780 12 22 10 10
50826 6664 50051 77 775 698 676
50874 1355 50779 24 95 71 71
50966 1996 50499 98 467 369 33
50971 3695 50947 4 24 20 20
51072 6702 51039 15 33 18 18
51239 1763 50753 289 486 197 9
51560 5500 51009 312 551 239 137
51582 7238 45513 218 6069 5851 5808
51677 8907 51436 28 241 213 213
51843 8570 51809 25 34 9 9
52055 1107 51822 137 233 96 88
52068 1701 52044 12 24 12 12
52093 1465 51979 24 114 90 90
52143 5980 51331 248 812 564 39
52568 5267 52550 5 18 13 13
52816 642 52676 110 140 30 27
52882 5110 52455 33 427 394 394
52918 5551 52586 126 332 206 7
52978 2606 52928 18 50 32 32
53038 4919 53006 1 32 31 31
53161 2671 53073 30 88 58 58
53775 9162 53732 13 43 30 30
53820 6768 53764 21 56 35 35
53885 6139 53835 23 50 27 27
53905 4641 53637 114 268 154 23
53929 151 53869 23 60 37 37
54490 630 54003 131 487 356 21
54591 1632 54570 13 21 8 8
54606 6260 54542 14 64 50 50
54741 6427 54702 19 39 20 20
54784 4432 53741 104 1043 939 4
54968 3189 54927 27 41 14 14
55241 6408 55148 32 93 61 61
55345 2609 49403 36 5942 5906 5906
55348 8385 55328 2 20 18 18
55356 6479 55317 7 39 32 32
55367 86 55018 198 349 151 21
55409 464 55247 93 162 69 32
55423 2919 55223 114 200 86 43
55591 4080 51513 122 4078 3956 165
55674 3707 55593 24 81 57 57
55700 1074 55656 25 44 19 19
55896 3821 55862 19 34 15 15
55983 2594 55536 94 447 353 6
56023 6325 55730 112 293 181 167
56115 7125 56098 10 17 7 7
56182 8966 56149 17 33 16 16
56241 9849 55984 164 257 93 0
56325 4146 56304 19 21 2 2
56592 4331 56550 16 42 26 26
56607 5391 56522 55 85 30 13
56623 1198 56579 15 44 29 29
56647 5555 56621 11 26 15 15
56777 6423 56557 27 220 193 193
57158 3288 57106 21 52 31 31
57162 5249 56986 137 176 39 12
57263 8070 57242 7 21 14 14
57284 5795 57188 27 96 69 16
57337 5759 57221 27 116 89 89
57352 9249 57251 62 101 39 13
57371 8491 57332 18 39 21 21
57463 7079 57390 27 73 46 46
57692 4859 56298 120 1394 1274 62
57791 7577 56433 151 1358 1207 10
57836 3464 57728 97 108 11 10
57877 4643 57870 6 7 1 1
57946 8311 50837 230 7109 6879 4668
58043 7845 58009 15 34 19 19
58071 8135 57806 227 265 38 1
58247 7611 56565 60 1682 1622 1589
58316 4354 58223 30 93 63 63
58367 2614 58317 25 50 25 25
58502 9508 58412 75 90 15 8
58752 8654 58727 25 25 0 0
58761 9517 57183 190 1578 1388 1347
58797 926 56073 102 2724 2622 43
58816 8859 58684 89 132 43 9
58886 9787 58824 16 62 46 46
58948 5637 56201 110 2747 2637 2616
59057 5068 59019 32 38 6 6
59145 4095 59072 34 73 39 39
59160 9582 59132 7 28 21 21
59322 1285 59241 57 81 24 12
59339 5288 59278 16 61 45 45
59372 8854 57733 254 1639 1385 1256
59455 6825 59305 34 150 116 116
59501 764 59492 9 9 0 0
59630 4030 59499 69 131 62 19
59820 980 59793 26 27 1 1
59826 5673 59731 65 95 30 9
59844 3136 59758 65 86 21 2
60029 5852 60016 9 13 4 4
60128 9189 60109 7 19 12 12
60202 3671 60072 94 130 36 34
60243 3314 59980 91 263 172 149
60330 3368 59693 109 637 528 510
60343 3209 60327 12 16 4 4
60450 1606 60428 22 22 0 0
60694 8724 60556 108 138 30 7
60885 7183 59137 35 1748 1713 1713
61107 6555 61073 18 34 16 16
61511 8362 61496 1 15 14 14
61867 1720 60745 35 1122 1087 1087
61904 4759 61859 21 45 24 24
62113 1478 61930 114 183 69 58
62147 8315 61682 74 465 391 120
62185 4805 62098 39 87 48 16
62226 7781 62199 16 27 11 11
62296 3831 62182 30 114 84 84
62408 2627 62354 27 54 27 27
62591 9684 62577 8 14 6 6
62638 6176 62601 16 37 21 21
62691 6484 62629 32 62 30 18
62808 299 62735 28 73 45 28
62914 4390 62878 24 36 12 12
63039 7209 62519 33 520 487 487
63093 1679 63065 19 28 9 9
63123 6495 63030 29 93 64 64
63255 5011 63110 97 145 48 19
63319 3899 63278 24 41 17 17
63329 3910 63013 226 316 90 32
63566 4115 63360 145 206 61 2
63771 3326 63698 53 73 20 6
63814 9373 63785 6 29 23 23
64160 686 64120 20 40 20 20
64402 6419 64375 15 27 12 12
64535 5905 64462 54 73 19 2
64756 231 56169 191 8587 8396 8258
64805 4082 64674 109 131 22 1
65005 9386 64844 120 161 41 12
65026 7874 64685 219 341 122 41
65031 6872 65010 4 21 17 17
65130 3020 61269 139 3861 3722 56
65290 3742 65250 29 40 11 11
65316 1094 65239 46 77 31 10
65325 6587 65295 8 30 22 22
65390 1439 65376 2 14 12 12
65417 1507 65333 26 84 58 58
65452 116 65153 151 299 148 65
65665 1516 65605 27 60 33 33
65681 9100 65431 168 250 82 54
65912 8417 65752 115 160 45 43
65973 6273 61938 181 4035 3854 3805
66007 3306 65961 31 46 15 15
66255 6734 66161 67 94 27 14
66273 6010 66241 17 32 15 15
66348 4415 66337 2 11 9 9
66513 3158 66497 2 16 14 14
66579 7861 66367 89 212 123 100
66610 440 66570 17 40 23 23
66646 5074 66641 1 5 4 4
66657 9170 66612 10 45 35 35
66792 3782 66575 34 217 183 183
66821 8242 66335 284 486 202 57
66893 9995 66828 27 65 38 38
66920 7658 66621 261 299 38 14
67121 173 66946 112 175 63 7
67196 8132 67117 28 79 51 51
67231 2983 66604 34 627 593 593
67238 7844 67224 6 14 8 8
67351 3958 67333 7 18 11 11
67430 9102 67411 3 19 16 16
67486 9173 67460 10 26 16 16
67556 539 66811 35 745 710 710
67771 6429 67764 6 7 1 1
67896 4225 67731 133 165 32 8
67954 1997 67807 29 147 118 118
68006 4705 67958 14 48 34 34
68178 9393 68152 11 26 15 15
68182 3264 68102 69 80 11 3
68228 6334 68191 8 37 29 29
68301 6019 68195 31 106 75 75
68504 685 68409 25 95 70 70
68569 5883 68502 31 67 36 36
68577 3261 68543 7 34 27 27
68603 3120 68515 55 88 33 6
68623 3443 68583 19 40 21 21
68721 9949 68660 28 61 33 33
68843 8722 68804 17 39 22 22
69064 1018 68981 29 83 54 54
69747 2126 69573 124 174 50 46
69817 9840 69776 12 41 29 29
69836 7021 69589 208 247 39 3
70105 6567 69979 22 126 104 104
70332 2424 70307 21 25 4 4
70461 1958 70186 29 275 246 246
70464 101 70453 2 11 9 9
70513 8563 70079 31 434 403 403
70519 2240 70386 100 133 33 25
70553 2165 69999 130 554 424 134
70631 9885 70577 27 54 27 27
70882 9799 70708 94 174 80 53
70973 1536 70890 22 83 61 61
71095 9821 70840 142 255 113 43
71169 3438 71007 113 162 49 18
71261 8948 71217 8 44 36 36
71373 9421 68146 36 3227 3191 3191
71377 9509 71371 3 6 3 3
71460 833 70260 36 1200 1164 1164
71537 9590 71497 21 40 19 19
71632 3039 71586 26 46 20 20
71997 1619 71805 135 192 57 28
72075 2327 72069 6 6 0 0
72102 2302 71934 123 168 45 28
72119 199 72065 16 54 38 38
72144 2815 71713 219 431 212 2
72402 9336 71998 316 404 88 9
72472 6931 72457 8 15 7 7
72636 2701 72610 10 26 16 16
72757 4660 72471 143 286 143 20
72985 2377 72852 102 133 31 16
73019 1232 72666 76 353 277 106
73073 5216 73051 8 22 14 14
73192 7365 73056 91 136 45 18
73255 6944 73103 102 152 50 15
73289 463 73240 21 49 28 28
73686 1582 73428 129 258 129 10
73873 5519 73819 30 54 24 24
74092 4062 73952 28 140 112 112
74223 9182 74191 15 32 17 17
74493 7738 74442 23 51 28 28
74550 3659 73155 74 1395 1321 1279
74589 216 74560 17 29 12 12
74877 8818 74839 15 38 23 23
74918 2847 74904 11 14 3 3
75013 2549 74857 129 156 27 21
75043 278 74993 8 50 42 42
75546 5357 75374 121 172 51 24
75720 6824 75707 6 13 7 7
75887 7681 75848 30 39 9 9
76214 8581 76180 10 34 24 24
76317 1709 76183 88 134 46 32
76339 6386 76308 21 31 10 10
76398 7448 75679 258 719 461 42
76405 9980 76037 118 368 250 224
76436 930 76370 30 66 36 36
76527 3199 76358 31 169 138 138
76562 1527 76182 73 380 307 44
76613 8767 76439 112 174 62 29
76865 8680 76824 27 41 14 7
76923 4022 76719 110 204 94 34
77014 5439 76996 14 18 4 4
77118 6878 76967 142 151 9 8
77321 435 75565 158 1756 1598 1482
77366 1998 75760 35 1606 1571 1571
77468 9481 72314 155 5154 4999 3
77517 1628 77470 26 47 21 21
77612 841 77542 30 70 40 40
77823 7923 72619 36 5204 5168 5168
78049 3778 77939 28 110 82 82
78516 3500 78384 78 132 54 37
78648 861 78627 21 21 0 0
78777 2435 73713 36 5064 5028 5028
78893 1724 78850 29 43 14 14
78980 2106 78833 136 147 11 5
79056 9294 79021 24 35 11 11
79134 9148 78923 103 211 108 58
79242 88 79183 31 59 28 28
79475 7670 79441 14 34 20 20
79617 1883 79469 138 148 10 7
79619 2820 79239 317 380 63 4
79924 9537 77162 278 2762 2484 2406
79959 4685 77913 260 2046 1786 1764
80049 1794 79792 164 257 93 49
80175 7779 80133 14 42 28 28
80216 3583 80085 61 131 70 14
80317 8686 80296 2 21 19 19
80363 5549 80334 18 29 11 11
80410 48 80032 107 378 271 251
80433 5982 80413 10 20 10 10
80636 4308 80566 30 70 40 40
80690 6661 80676 8 14 6 6
80958 7451 80929 21 29 8 8
81069 8565 80977 34 92 58 58
81137 5351 81119 6 18 12 12
81513 4939 81411 34 102 68 68
81654 2588 81640 4 14 10 10
81741 4663 81712 27 29 2 2
81915 6241 81881 14 34 20 20
81993 6615 81908 29 85 56 56
82184 2075 82127 22 57 35 35
82195 6938 82163 10 32 22 22
82304 6978 82144 31 160 129 129
82362 2232 30362 57 52000 51943 9
82467 5797 32316 203 50151 49948 33
82508 4028 82488 2 20 18 18
82726 9657 82684 31 42 11 11
82828 5917 82708 33 120 87 87
83073 5176 83055 5 18 13 13
83260 1699 82669 180 591 411 324
83387 1731 83310 26 77 51 51
83554 5191 83350 31 204 173 173
83671 179 83645 12 26 14 14
83689 8285 83673 7 16 9 9
83709 8527 83637 19 72 53 53
83786 521 83769 3 17 14 14
83859 4763 83829 22 30 8 8
83928 6635 83062 366 866 500 19
84039 1966 84012 7 27 20 20
84058 5974 83658 88 400 312 271
84152 6021 84140 3 12 9 9
84239 7192 84019 128 220 92 85
84552 8953 83614 159 938 779 23
84555 8221 84539 2 16 14 14
84641 4488 84615 25 26 1 1
84789 8731 84193 85 596 511 47
85135 5743 85062 34 73 39 39
85194 9723 85179 12 15 3 3
85222 4153 85155 27 67 40 40
85360 8951 85323 8 37 29 29
85459 6949 84290 35 1169 1134 1134
85480 3485 85298 130 182 52 10
85594 5498 84796 109 798 689 0
85646 4466 85628 12 18 6 6
85661 4076 85612 14 49 35 35
85725 6141 85641 32 84 52 52
85800 2107 85786 12 14 2 2
85848 7555 85811 10 37 27 27
85879 9395 85832 22 47 25 25
86013 5045 85976 14 37 23 23
86058 5970 34846 205 51212 51007 8
86105 6234 86070 20 35 15 15
86180 7791 36121 37 50059 50022 50022
86315 7424 86218 82 97 15 1
86355 9567 86346 5 9 4 4
86633 3048 86593 7 40 33 33
86685 5411 86571 103 114 11 6
86767 2455 86735 10 32 22 22
86958 5904 86882 66 76 10 7
86994 6619 86719 229 275 46 12
87026 8229 86991 31 35 4 4
87052 6904 87023 14 29 15 15
87139 4837 87104 25 35 10 10
87348 7610 38092 193 49256 49063 19
87389 2164 87339 21 50 29 29
87436 1660 87373 19 63 44 44
87459 7964 87222 80 237 157 23
87654 467 87638 9 16 7 7
87693 7971 87646 14 47 33 33
87779 7521 87757 6 22 16 16
87812 3701 87243 148 569 421 29
88071 9460 88015 32 56 24 24
88078 5619 88044 6 34 28 28
88213 4803 88041 30 172 142 142
88225 1421 88204 11 21 10 10
88229 9798 88150 64 79 15 12
88284 8447 88122 93 162 69 4
88534 4111 88047 151 487 336 32
88554 5184 88506 19 48 29 29
88741 6005 88589 140 152 12 2
88839 296 40399 161 48440 48279 48227
88858 4758 88710 86 148 62 54
88976 2379 88821 29 155 126 126
89049 712 89026 23 23 0 0
89134 6817 89128 2 6 4 4
89343 376 89033 131 310 179 17
89345 3431 88993 92 352 260 233
89392 7530 89362 24 30 6 6
89577 5093 89450 78 127 49 35
89626 3681 89045 34 581 547 547
89762 4380 89739 7 23 16 16
89777 2175 89635 105 142 37 0
89987 8732 88843 103 1144 1041 16
89996 4603 89987 8 9 1 1
90691 8875 42489 37 48202 48165 48165
90729 5445 43111 37 47618 47581 47581
91012 5432 46026 60 44986 44926 44889
91030 6518 90966 17 64 47 47
91149 1120 90987 92 162 70 7
91287 6181 49685 123 41602 41479 74
91373 7593 50246 37 41127 41090 41090
91510 831 91458 30 52 22 22
91918 2152 91677 48 241 193 162
91949 5834 91942 1 7 6 6
92002 9281 91972 22 30 8 8
92111 8364 92095 11 16 5 5
92123 6437 92107 11 16 5 5
92209 7339 92195 8 14 6 6
92223 2411 92207 13 16 3 3
92353 3907 92033 35 320 285 285
92357 8188 92322 3 35 32 32
92431 3176 92273 103 158 55 3
92442 4589 92426 10 16 6 6
92661 6523 51721 37 40940 40903 40903
92821 2823 92782 22 39 17 17
92885 2395 92682 35 203 168 168
92904 485 92902 1 2 1 1
93001 1206 92785 108 216 108 4
93195 9694 92917 140 278 138 126
93252 4508 51737 187 41515 41328 211
93278 6525 93235 19 43 24 24
93309 8091 93202 27 107 80 80
93330 9699 93221 90 109 19 13
93511 1124 93508 1 3 2 2
93563 2500 93371 148 192 44 27
93909 3891 93874 8 35 27 27
94078 880 58599 37 35479 35442 35442
94140 1674 94112 21 28 7 7
94191 9871 94163 1 28 27 27
94263 5739 94191 35 72 37 37
94488 3779 94456 13 32 19 19
94645 4559 59380 208 35265 35057 34884
94659 1178 94628 11 31 20 20
94689 3843 94685 2 4 2 2
94994 1461 94527 345 467 122 36
95133 4092 95028 72 105 33 15
95153 8766 95113 10 40 30 30
95246 3419 95122 57 124 67 45
95288 417 95237 25 51 26 26
95344 1117 95295 13 49 36 36
95379 8155 94823 84 556 472 466
95491 8739 95462 2 29 27 27
95689 7354 95659 15 30 15 15
95810 8590 95747 31 63 32 32
95844 5343 95152 153 692 539 29
95860 1236 95741 69 119 50 29
95964 1130 95814 57 150 93 47
96096 9453 95764 33 332 299 299
96100 6721 96064 3 36 33 33
96323 1758 95987 288 336 48 4
96354 3125 96294 24 60 36 36
96471 2612 96435 9 36 27 27
96736 5710 96638 30 98 68 68
96980 9306 96858 30 122 92 92
97320 896 97259 52 61 9 0
97340 1719 97100 176 240 64 17
97824 4478 97747 49 77 28 0
97853 393 97800 28 53 25 25
97896 7257 97857 15 39 24 24
97962 2342 97920 9 42 33 33
97996 9451 97161 102 835 733 27
98203 9786 98185 16 18 2 2
98266 2192 98130 104 136 32 9
98304 2324 98204 19 100 81 81
98649 8723 97784 115 865 750 730
98678 6463 98487 121 191 70 11
98768 7913 98741 22 27 5 5
99187 4949 99171 1 16 15 15
99359 5188 97201 36 2158 2122 2122
99380 3510 99345 16 35 19 19
99462 1564 99415 24 47 23 23
99680 6262 99668 3 12 9 9
99998 8508 99648 36 350 314 314
