142 4176 40 101 102 1 0
214 1479 145 3 69 66 66
319 4753 278 29 41 12 12
396 4959 187 157 209 52 43
398 4689 234 127 164 37 17
447 2812 170 193 277 84 45
503 4207 126 165 377 212 0
588 763 319 59 269 210 210
697 3260 657 20 40 20 20
779 4827 583 96 196 100 6
847 4185 657 73 190 117 5
866 3109 748 73 118 45 32
1021 3061 795 54 226 172 172
1061 1725 736 147 325 178 131
1136 4352 777 57 359 302 302
1381 169 1224 132 157 25 1
1420 3775 1358 38 62 24 24
1506 977 1279 143 227 84 67
1687 512 981 186 706 520 500
1709 4512 1687 21 22 1 1
1754 3239 1265 398 489 91 46
1780 1142 1144 466 636 170 5
1819 3721 1793 6 26 20 20
1869 3445 1656 158 213 55 54
1896 4910 1801 49 95 46 46
1973 2647 1555 370 418 48 14
2040 1846 1743 59 297 238 238
2153 3692 2081 42 72 30 30
2204 3872 2074 107 130 23 2
2396 2578 2249 139 147 8 2
2523 2602 2112 358 411 53 6
2582 3280 2352 130 230 100 39
2607 3456 1546 340 1061 721 55
2635 2529 2596 27 39 12 12
2708 4254 2695 12 13 1 1
2787 98 2738 45 49 4 4
2963 1361 1120 291 1843 1552 1525
3004 2298 2506 381 498 117 12
3152 106 3092 37 60 23 23
3173 4457 3107 43 66 23 23
3181 2079 3156 7 25 18 18
3287 162 2833 321 454 133 5
3330 2848 3178 145 152 7 4
3387 2576 3349 15 38 23 23
3389 1965 3377 1 12 11 11
3495 3605 3442 22 53 31 31
3507 1051 3277 169 230 61 17
3551 367 3205 202 346 144 30
3568 861 3552 16 16 0 0
3595 2155 3570 7 25 18 18
3659 2595 3587 39 72 33 33
3678 4446 3654 18 24 6 6
3756 1163 3666 68 90 22 13
3872 4461 3343 115 529 414 393
3896 2599 3842 23 54 31 31
3914 1337 3818 49 96 47 33
3964 1790 3185 183 779 596 572
4039 802 2996 186 1043 857 9
4075 677 3885 50 190 140 140
4195 3841 4053 57 142 85 76
4201 572 3996 148 205 57 21
4244 967 4167 48 77 29 29
4394 4776 4378 15 16 1 1
4454 1442 4256 155 198 43 10
4512 2165 4318 57 194 137 137
4723 3777 4686 14 37 23 23
4760 1612 4725 27 35 8 8
4812 1017 4743 34 69 35 35
5044 4888 4269 303 775 472 159
5048 3342 4935 87 113 26 2
5107 2932 4311 156 796 640 346
5255 4338 5139 104 116 12 3
5368 96 4785 273 583 310 28
5625 1706 5605 8 20 12 12
5699 4039 5065 395 634 239 61
5865 4751 5704 35 161 126 126
5980 182 4392 197 1588 1391 121
6032 53 4728 162 1304 1142 20
6262 4060 6099 132 163 31 3
6333 1684 6166 103 167 64 34
6338 2661 6166 143 172 29 3
6374 3613 6064 100 310 210 209
6383 22 4855 263 1528 1265 16
6710 1088 6667 28 43 15 15
6879 1670 6470 313 409 96 6
6888 3658 5670 380 1218 838 30
6994 456 6835 53 159 106 106
7272 3693 3786 287 3486 3199 3
7463 2212 7259 107 204 97 14
7533 232 7497 17 36 19 19
7570 4430 7259 171 311 140 23
7577 2332 7176 265 401 136 17
7633 909 3832 500 3801 3301 16
7780 3641 7630 86 150 64 4
7844 724 7722 88 122 34 5
7988 2556 7974 7 14 7 7
8053 746 7932 76 121 45 34
8086 998 7724 194 362 168 5
8157 4257 7370 401 787 386 28
8295 1343 8127 110 168 58 39
8348 3423 8005 280 343 63 18
8395 3991 7875 427 520 93 12
8465 2411 8439 9 26 17 17
8468 3898 8298 109 170 61 56
8473 422 8466 4 7 3 3
8512 3535 8377 87 135 48 19
8630 2589 8575 32 55 23 23
8752 4093 8702 34 50 16 16
8848 3392 5295 340 3553 3213 5
8939 1285 8832 80 107 27 17
9018 1431 8974 4 44 40 40
9146 1708 7181 424 1965 1541 4
9187 1771 9121 40 66 26 26
9248 2977 9149 52 99 47 26
9333 1728 9281 7 52 45 45
9366 1284 9040 200 326 126 27
9683 3058 9475 148 208 60 0
9732 4808 6355 409 3377 2968 20
9792 2566 9301 109 491 382 35
9853 2689 7144 60 2709 2649 2649
10093 887 10068 16 25 9 9
10155 424 10115 14 40 26 26
10193 2677 9888 223 305 82 64
10195 3706 10030 106 165 59 36
10208 2981 9706 349 502 153 10
10317 2887 10037 223 280 57 11
10321 3920 9132 353 1189 836 15
10455 3519 10330 88 125 37 33
10513 549 3467 61 7046 6985 6985
10524 3447 4411 61 6113 6052 6052
10575 1947 6150 61 4425 4364 4364
10636 2351 3265 289 7371 7082 29
10683 1333 6302 61 4381 4320 4320
10724 1950 10696 24 28 4 3
10848 4701 10799 34 49 15 15
10898 2318 10662 108 236 128 31
10985 2911 10789 47 196 149 149
11075 2966 10831 192 244 52 18
11088 905 11072 12 16 4 4
11268 3265 9438 319 1830 1511 1287
11350 2915 11276 59 74 15 7
11362 2479 11341 11 21 10 10
11379 4178 10646 383 733 350 59
11409 3077 11001 331 408 77 9
11423 2557 10763 221 660 439 420
11478 515 11466 7 12 5 5
11488 50 11437 50 51 1 1
11492 4618 11486 3 6 3 3
11534 4063 11253 258 281 23 6
11542 95 11523 7 19 12 12
11635 2435 11572 57 63 6 4
11705 2001 11029 122 676 554 21
12224 4396 12207 3 17 14 14
12267 3356 12179 42 88 46 46
12285 3948 11908 268 377 109 41
12304 4680 11840 254 464 210 123
12342 2236 12336 5 6 1 1
12382 2333 12241 36 141 105 105
12613 874 1906 352 10707 10355 24
12905 4245 12752 97 153 56 48
12964 973 12894 41 70 29 29
12990 4426 12964 25 26 1 1
12999 4626 12880 90 119 29 28
13033 1185 12685 166 348 182 48
13062 159 12727 258 335 77 10
13235 2888 12845 258 390 132 83
13249 2272 13234 13 15 2 2
13271 1248 13218 46 53 7 7
13276 3951 13241 26 35 9 9
13331 4106 13281 32 50 18 18
13429 3754 13389 25 40 15 15
13503 3492 12651 304 852 548 1
13511 79 13452 27 59 32 32
13624 2360 13264 287 360 73 8
13812 295 4559 62 9253 9191 9191
13874 2030 12835 350 1039 689 23
13941 491 5034 119 8907 8788 15
13950 1165 13696 189 254 65 14
13989 3922 13971 18 18 0 0
14016 2592 13956 26 60 34 34
14050 1918 13862 65 188 123 4
14125 4579 14055 45 70 25 25
14284 3674 14034 176 250 74 42
14389 1053 14234 122 155 33 19
14412 1650 13979 270 433 163 7
14440 2317 14256 136 184 48 29
14465 3125 14452 9 13 4 4
14479 2511 14287 169 192 23 6
14534 2991 14349 86 185 99 19
14712 3222 14373 205 339 134 71
14727 2324 14103 492 624 132 79
14797 4806 14585 166 212 46 24
14846 3194 14195 247 651 404 365
14993 3035 14942 41 51 10 10
15269 3021 14934 250 335 85 26
15272 505 15247 25 25 0 0
15308 4003 15051 164 257 93 76
15450 4733 14385 386 1065 679 462
15453 3583 15433 12 20 8 8
15501 4667 14336 468 1165 697 346
15540 4006 15521 6 19 13 13
15555 2763 15387 129 168 39 7
15610 4327 15398 175 212 37 10
15612 1606 15606 1 6 5 5
15712 2085 15589 37 123 86 86
15867 4857 15594 213 273 60 17
15912 3542 15385 115 527 412 410
15923 285 15620 241 303 62 26
15933 1934 15892 19 41 22 22
15984 3433 15972 3 12 9 9
16000 2706 15418 346 582 236 36
16081 415 15433 60 648 588 588
16183 2194 14957 61 1226 1165 1165
16185 2303 15050 519 1135 616 21
16212 4961 16066 127 146 19 16
16223 4397 16037 147 186 39 38
16270 4930 16181 62 89 27 14
16341 4291 7748 62 8593 8531 8531
16408 2082 16369 15 39 24 24
16517 3463 7817 410 8700 8290 302
16609 3716 16318 160 291 131 80
16651 4269 16366 59 285 226 226
16700 536 16626 59 74 15 15
16758 4867 16643 54 115 61 61
16770 2218 16376 219 394 175 142
16776 4300 6850 329 9926 9597 217
16829 2087 16643 125 186 61 9
16839 4058 16818 9 21 12 12
16873 458 16677 129 196 67 15
16982 293 16835 136 147 11 5
17111 4222 17077 34 34 0 0
17140 322 8938 306 8202 7896 31
17143 597 10791 368 6352 5984 12
17178 4792 17143 34 35 1 1
17314 3227 16960 181 354 173 68
17329 2422 17282 14 47 33 33
17438 3828 17373 45 65 20 20
17550 2140 12012 491 5538 5047 29
17617 3446 17554 37 63 26 26
17697 15 17336 315 361 46 10
17755 4854 17527 164 228 64 24
17757 4055 17406 59 351 292 292
17810 674 17743 28 67 39 39
17883 432 17596 213 287 74 22
17904 4142 17600 160 304 144 68
18016 3389 17897 75 119 44 8
18211 4904 17740 387 471 84 44
18227 1389 18028 48 199 151 151
18359 455 18325 9 34 25 25
18378 4573 17784 154 594 440 231
18677 2957 18655 22 22 0 0
18762 1482 18589 143 173 30 2
18866 4192 18587 89 279 190 12
18877 3502 18859 13 18 5 5
18916 1645 18834 49 82 33 33
18927 1373 18477 239 450 211 16
18935 622 18880 18 55 37 37
18960 582 18913 32 47 15 15
19064 2531 18483 60 581 521 521
19149 3983 3383 385 15766 15381 50
19151 3949 18749 144 402 258 226
19348 1992 18026 368 1322 954 48
19363 3055 19180 157 183 26 1
19497 461 18991 348 506 158 0
19506 4874 19368 81 138 57 50
19532 4896 14140 129 5392 5263 5224
19640 2416 16419 208 3221 3013 18
19816 3276 19739 40 77 37 37
19872 4320 19746 86 126 40 37
19878 4902 17421 200 2457 2257 2220
19902 1522 19896 4 6 2 2
20048 4419 19877 138 171 33 2
20278 4425 20205 25 73 48 48
20493 1881 20093 181 400 219 12
20527 1271 20476 33 51 18 18
20584 2390 20126 101 458 357 16
20620 1458 20590 15 30 15 15
20787 2124 20291 297 496 199 128
20799 3360 20633 95 166 71 10
20829 3348 20790 29 39 10 10
20854 4914 20592 185 262 77 27
20915 27 20906 8 9 1 1
20943 1467 20634 54 309 255 255
21177 4911 21035 76 142 66 39
21268 1290 21235 21 33 12 12
21276 4665 21155 87 121 34 23
21325 3532 20373 256 952 696 626
21389 171 20807 399 582 183 2
21439 700 21305 60 134 74 21
21551 3861 21519 19 32 13 13
21574 2982 20149 113 1425 1312 48
21589 3322 21454 83 135 52 35
21875 3420 20562 426 1313 887 354
21928 2480 21658 109 270 161 104
22025 1970 20844 58 1181 1123 1123
22123 3117 22064 29 59 30 30
22151 174 21642 255 509 254 27
22174 1753 21612 459 562 103 21
22237 1449 22006 128 231 103 46
22331 938 22073 46 258 212 212
22439 2579 22277 138 162 24 2
22588 3719 22257 200 331 131 83
22647 2754 21437 58 1210 1152 1152
22657 2979 22233 174 424 250 207
22875 2310 22654 162 221 59 4
22999 3894 22953 39 46 7 7
23004 1100 22981 13 23 10 10
23133 2913 21361 402 1772 1370 36
23143 1395 22669 405 474 69 16
23191 2373 22951 127 240 113 6
23199 1707 23098 44 101 57 36
23381 1956 22903 121 478 357 3
23484 1511 23194 246 290 44 22
23494 603 21790 430 1704 1274 22
23649 2830 23486 114 163 49 9
23735 1272 23679 53 56 3 3
23767 4423 23477 245 290 45 26
23854 2255 22905 408 949 541 418
23874 3351 22891 408 983 575 491
23922 581 23600 202 322 120 28
23955 740 20135 61 3820 3759 3759
23998 1365 20104 327 3894 3567 263
24147 4834 24081 34 66 32 32
24349 1916 21020 312 3329 3017 2936
24365 1350 23906 328 459 131 17
24423 3624 24382 12 41 29 29
24484 1447 24026 263 458 195 26
24518 68 4609 341 19909 19568 19390
24519 4213 24108 265 411 146 65
24608 112 24239 307 369 62 7
24627 1485 24600 18 27 9 9
24701 3819 24606 49 95 46 39
24896 3231 24721 40 175 135 135
24940 3212 24177 437 763 326 189
24954 2955 24906 17 48 31 31
25017 1665 24858 83 159 76 39
25067 533 24762 91 305 214 193
25132 2276 24862 50 270 220 220
25140 3578 25061 41 79 38 7
25215 2635 24653 341 562 221 19
25269 1601 24609 321 660 339 98
25329 600 25131 158 198 40 10
25348 2995 25235 30 113 83 83
25381 3384 25230 51 151 100 100
25381 4490 25341 32 40 8 8
25496 4549 25351 67 145 78 35
25617 2042 25170 363 447 84 20
25632 4773 25303 196 329 133 7
25681 258 25367 215 314 99 51
25910 4485 25893 12 17 5 5
25920 1488 25719 171 201 30 5
25941 2387 25903 30 38 8 8
26094 2738 26077 12 17 5 5
26131 2616 25492 367 639 272 169
26164 4340 25990 142 174 32 5
26213 196 25535 461 678 217 24
26459 936 25064 110 1395 1285 1275
26513 1230 26475 21 38 17 17
26671 2261 26633 19 38 19 19
26732 3209 25912 60 820 760 760
26736 4432 26528 138 208 70 30
26807 2400 26747 32 60 28 28
27022 2805 26475 388 547 159 39
27037 1504 26870 50 167 117 117
27043 3083 26913 93 130 37 26
27060 3031 26929 94 131 37 33
27083 2326 26998 31 85 54 54
27100 4830 27092 2 8 6 6
27213 3862 27156 19 57 38 38
27475 3768 27360 105 115 10 6
27488 3482 26187 86 1301 1215 1202
27770 2 27310 385 460 75 3
27800 3840 27655 89 145 56 34
27843 1867 27746 57 97 40 40
27992 4686 27805 128 187 59 49
28049 2168 27975 32 74 42 42
28288 2515 27978 192 310 118 47
28431 3728 28417 10 14 4 4
28504 4721 28002 361 502 141 10
28530 475 28507 8 23 15 15
28602 3826 27889 344 713 369 4
28631 2035 28619 6 12 6 6
28686 103 28102 173 584 411 22
28729 3653 28272 349 457 108 23
28737 4443 28556 132 181 49 47
28792 314 28400 291 392 101 55
28821 1224 28262 149 559 410 57
29193 683 28927 219 266 47 34
29459 586 29070 308 389 81 14
29520 1296 29309 175 211 36 29
29530 1182 29519 9 11 2 2
29561 3236 29527 30 34 4 4
29567 2939 29551 5 16 11 11
29644 4786 29614 23 30 7 7
29657 4348 29026 286 631 345 9
29785 256 29750 31 35 4 4
29805 3864 29784 18 21 3 3
29990 1701 29722 239 268 29 3
30084 2732 29863 46 221 175 175
30240 1348 29645 406 595 189 104
30334 4187 29970 54 364 310 310
30342 3414 30281 7 61 54 54
30379 3228 30206 133 173 40 8
30492 2925 30225 127 267 140 4
30498 399 30479 10 19 9 9
30734 1540 30582 95 152 57 51
30735 1610 30704 4 31 27 27
30768 3870 30700 33 68 35 35
30791 2716 30628 88 163 75 7
30793 1603 30778 1 15 14 14
30946 976 30892 34 54 20 20
31019 4219 30742 201 277 76 27
31026 4887 29575 257 1451 1194 705
31139 4674 31072 50 67 17 17
31155 4998 29752 98 1403 1305 1275
31310 4521 31151 138 159 21 5
31421 3294 31231 124 190 66 29
31473 1352 31433 36 40 4 4
31578 777 31513 42 65 23 23
31744 751 31732 11 12 1 1
31883 858 31381 398 502 104 22
31887 3802 31561 165 326 161 18
31926 629 31880 40 46 6 6
31947 4233 31915 16 32 16 16
32187 4750 31658 210 529 319 7
32218 4108 32160 28 58 30 30
32222 1056 31954 159 268 109 18
32395 4644 32215 56 180 124 124
32469 3709 31737 210 732 522 8
32469 511 31769 285 700 415 74
32581 4522 32523 51 58 7 7
32708 3160 32685 23 23 0 0
32797 42 31446 428 1351 923 41
32979 1651 32564 343 415 72 18
33004 4159 32920 45 84 39 39
33122 69 5021 216 28101 27885 24
33145 2219 31999 274 1146 872 13
33192 1328 33004 112 188 76 1
33371 865 33367 1 4 3 3
33437 3375 33175 178 262 84 18
33525 4590 33337 144 188 44 16
33656 107 33006 345 650 305 27
33688 1358 33248 272 440 168 22
33758 843 29997 302 3761 3459 2899
34029 4574 33774 167 255 88 53
34072 3036 33997 53 75 22 22
34075 176 33769 209 306 97 33
34203 1122 9876 63 24327 24264 24264
34211 412 34031 131 180 49 42
34482 4373 34092 243 390 147 38
34519 1531 8515 376 26004 25628 25561
34738 4322 34398 239 340 101 41
34844 1030 34686 95 158 63 60
34897 279 34880 15 17 2 2
34981 4534 34531 263 450 187 22
35146 2024 35104 37 42 5 5
35165 699 10344 340 24821 24481 16
35250 1829 10929 209 24321 24112 258
35340 540 12152 63 23188 23125 23125
35407 449 35086 214 321 107 6
35503 3290 35222 222 281 59 0
35681 2188 35397 211 284 73 13
35718 3654 35643 39 75 36 36
35895 4172 35515 321 380 59 50
35896 834 35526 171 370 199 20
36025 3372 35645 56 380 324 324
36082 4431 35236 312 846 534 15
36114 1456 35746 281 368 87 11
36221 3063 12266 178 23955 23777 23760
36275 1255 36034 149 241 92 71
36282 3266 36064 68 218 150 110
36299 1187 36263 16 36 20 20
36348 3883 36250 59 98 39 39
36382 3019 36181 117 201 84 2
36476 4234 36227 180 249 69 0
36599 848 36354 173 245 72 8
36672 4240 36380 61 292 231 231
36715 966 35995 455 720 265 21
36834 4007 13617 135 23217 23082 23019
37109 1928 37085 10 24 14 14
37111 794 14318 346 22793 22447 22392
37153 1161 37050 41 103 62 62
37226 4221 37103 55 123 68 68
37343 3172 37309 23 34 11 11
37405 4878 37243 86 162 76 43
37593 2643 37564 11 29 18 18
37650 4462 37366 157 284 127 37
37656 924 37475 114 181 67 55
37696 1266 37653 39 43 4 4
37728 350 37581 59 147 88 88
37780 4073 37731 32 49 17 17
37820 3923 37717 95 103 8 7
37855 2284 37844 6 11 5 5
37884 3268 37722 57 162 105 105
37919 569 37812 78 107 29 0
38062 0 37829 56 233 177 177
38074 3929 37764 226 310 84 17
38263 324 37753 272 510 238 9
38379 756 38238 103 141 38 26
38387 4821 38272 105 115 10 6
38458 18 38439 7 19 12 12
38500 3184 38448 32 52 20 20
38587 4884 38406 42 181 139 139
38731 4796 38527 70 204 134 12
38868 1156 38828 30 40 10 10
38908 1757 38610 234 298 64 5
38940 1469 38403 376 537 161 98
38970 805 38187 436 783 347 4
39026 3326 38592 197 434 237 44
39093 3217 39055 38 38 0 0
39154 2890 38420 195 734 539 9
39476 2297 39386 44 90 46 46
39513 2724 38676 269 837 568 265
39537 138 38108 544 1429 885 206
39638 1477 39565 62 73 11 11
39686 3900 39184 202 502 300 10
39696 4873 39436 250 260 10 3
39717 4132 39478 155 239 84 36
39732 1888 39654 35 78 43 43
39862 1823 39692 141 170 29 26
39927 1202 39590 293 337 44 30
40173 4923 40131 38 42 4 4
40175 755 39901 226 274 48 35
40243 1629 39739 185 504 319 18
40287 2895 40239 43 48 5 5
40431 58 39657 282 774 492 120
40476 898 40293 142 183 41 22
40505 137 40319 103 186 83 1
40580 2065 40522 48 58 10 10
40612 1015 40588 11 24 13 13
40629 2581 40340 192 289 97 20
40706 3858 40693 8 13 5 5
40889 2313 40805 35 84 49 49
40948 4329 40891 10 57 47 47
41130 3199 40536 364 594 230 35
41157 335 41123 26 34 8 8
41209 2770 41129 35 80 45 45
41391 3363 41326 46 65 19 19
41436 1872 40665 272 771 499 42
41473 486 41275 133 198 65 53
41578 2102 41513 45 65 20 20
41645 2439 41620 20 25 5 5
41697 3314 39730 62 1967 1905 1905
41703 463 41654 5 49 44 44
41811 3272 41030 452 781 329 57
41892 2226 41744 137 148 11 5
41900 19 41880 7 20 13 13
42008 4604 41984 5 24 19 19
42032 2953 42008 23 24 1 1
42041 4321 42015 10 26 16 16
42094 2432 41843 151 251 100 0
42111 1014 41215 238 896 658 13
42174 754 18552 114 23622 23508 135
42607 2157 42358 190 249 59 21
42760 1976 22368 350 20392 20042 16
42803 1581 42637 100 166 66 50
42820 2673 42734 40 86 46 46
42839 2789 42832 6 7 1 1
42891 391 42591 140 300 160 17
42923 4153 42702 150 221 71 42
43086 543 42908 160 178 18 16
43166 2544 43128 16 38 22 22
43221 2960 43111 33 110 77 77
43324 4970 23451 404 19873 19469 50
43385 4009 43316 57 69 12 9
43528 4116 43510 4 18 14 14
43539 2181 43515 10 24 14 14
43547 1474 43466 71 81 10 5
43593 2109 43295 45 298 253 253
43629 216 43597 22 32 10 10
43747 2016 43659 66 88 22 18
43880 1940 43746 46 134 88 88
43981 2820 24848 280 19133 18853 18419
44025 4110 43796 187 229 42 17
44101 605 43403 119 698 579 537
44132 3925 42586 505 1546 1041 27
44509 3850 44467 26 42 16 16
44556 4642 44165 280 391 111 4
44732 1632 44724 1 8 7 7
44815 4164 44574 162 241 79 14
44955 611 43396 58 1559 1501 1501
44958 3697 44922 33 36 3 3
45060 2553 44814 154 246 92 55
45111 4493 44783 253 328 75 1
45164 2902 44631 439 533 94 2
45170 3526 45161 5 9 4 4
45257 4059 42969 501 2288 1787 13
45339 3453 45065 206 274 68 14
45353 1037 44986 154 367 213 196
45465 1503 45435 22 30 8 8
45791 4115 45598 163 193 30 29
45862 1382 45637 145 225 80 6
45889 2263 45798 26 91 65 65
46025 3167 45596 330 429 99 18
46028 1849 44965 252 1063 811 32
46172 3087 46048 51 124 73 73
46334 1746 46133 139 201 62 49
46443 1283 43639 269 2804 2535 2488
46589 2764 46391 47 198 151 151
46648 2280 46547 29 101 72 72
46650 2736 45955 382 695 313 6
46663 4418 46390 160 273 113 53
46751 2550 46254 376 497 121 13
46875 3512 46292 161 583 422 15
47003 2810 46982 11 21 10 10
47178 1408 46457 274 721 447 308
47216 2813 46551 397 665 268 28
47325 2059 47013 136 312 176 11
47358 1562 47281 27 77 50 50
47394 3795 47287 35 107 72 72
47528 2047 47420 44 108 64 64
47544 1619 47045 399 499 100 5
47586 4622 47478 96 108 12 5
47657 4025 47601 20 56 36 36
47667 3191 47491 82 176 94 54
47684 792 47522 106 162 56 7
47716 2656 47703 9 13 4 4
47839 3095 46494 413 1345 932 292
47843 1825 47840 3 3 0 0
47964 1190 47833 91 131 40 36
48004 4117 47938 39 66 27 27
48241 573 47888 57 353 296 296
48245 516 48060 133 185 52 19
48382 3844 48007 275 375 100 1
48399 2912 48107 191 292 101 4
48619 3323 48609 4 10 6 6
48672 193 48209 335 463 128 67
48789 93 48622 127 167 40 30
48844 390 48751 43 93 50 50
48894 2167 48815 49 79 30 30
48931 4243 48894 36 37 1 1
49131 253 49102 15 29 14 14
49211 3953 49158 32 53 21 9
49261 2858 49252 7 9 2 2
49264 2638 49202 36 62 26 26
49364 3505 43590 367 5774 5407 4
49528 276 49400 86 128 42 21
49738 73 49151 292 587 295 111
49851 3128 49724 52 127 75 75
49934 4183 49880 33 54 21 21
50038 1751 46501 239 3537 3298 4
50175 121 49802 263 373 110 4
50207 2765 45740 397 4467 4070 6
50233 2571 50126 55 107 52 35
50409 2402 49462 506 947 441 3
50482 2632 50436 30 46 16 16
50555 1860 50437 100 118 18 6
50582 3989 50560 21 22 1 1
50627 4784 50585 28 42 14 11
50678 727 47160 460 3518 3058 90
50794 4339 50278 140 516 376 0
50831 3307 50299 157 532 375 32
50951 882 50098 259 853 594 3
51046 4282 51007 10 39 29 29
51061 1102 49651 212 1410 1198 1159
51275 2444 51221 34 54 20 20
51296 3963 51122 112 174 62 6
51314 2475 51229 38 85 47 47
51359 1832 44871 243 6488 6245 6194
51399 3710 51122 78 277 199 193
51422 2545 45011 90 6411 6321 6
51610 4140 51216 327 394 67 16
51665 4779 51445 91 220 129 38
51730 4285 51640 62 90 28 28
51802 2704 51765 16 37 21 21
51837 3698 51759 34 78 44 44
51908 4982 51745 38 163 125 125
51934 4968 51558 269 376 107 10
51965 1822 51638 165 327 162 28
52031 1472 28032 395 23999 23604 97
52205 1401 51836 292 369 77 2
52290 30 52090 176 200 24 0
52392 385 52357 25 35 10 10
52431 4266 52271 87 160 73 13
52468 1078 52310 74 158 84 0
52481 4518 52400 49 81 32 32
52792 2828 52166 492 626 134 7
52875 3726 52842 1 33 32 32
52968 3536 31763 179 21205 21026 12
53071 2361 34369 312 18702 18390 13
53353 3143 52470 561 883 322 179
53423 4833 53133 177 290 113 78
53474 3406 53361 44 113 69 69
53590 928 53280 280 310 30 2
53607 2796 53384 184 223 39 1
53794 3516 53735 44 59 15 15
53843 373 53802 11 41 30 30
53947 1237 53889 34 58 24 24
53976 2633 53927 38 49 11 11
54045 1108 54036 8 9 1 1
54056 1914 53852 73 204 131 96
54158 2111 54135 5 23 18 18
54257 781 54197 32 60 28 28
54305 3966 54165 85 140 55 18
54430 3240 53788 362 642 280 7
54565 704 54445 34 120 86 86
54634 1169 54197 235 437 202 17
54694 2823 54689 3 5 2 2
54716 3122 54672 21 44 23 23
54845 2203 54611 126 234 108 39
54881 4112 54321 257 560 303 47
55011 2684 54976 26 35 9 9
55050 1571 54543 248 507 259 174
55168 3422 55138 18 30 12 12
55217 1570 55009 153 208 55 34
55294 1761 54453 331 841 510 18
55334 2808 55294 39 40 1 1
55414 3617 54836 313 578 265 154
55518 3576 55190 209 328 119 28
55665 1798 54999 262 666 404 13
55691 2339 55288 148 403 255 231
55713 2491 55474 178 239 61 5
55787 2013 55613 120 174 54 18
55887 4722 55817 32 70 38 38
55907 4848 55888 19 19 0 0
55956 3155 55879 39 77 38 38
56025 188 55317 185 708 523 18
56098 1770 55995 39 103 64 64
56163 793 55619 237 544 307 89
56255 3437 55987 261 268 7 1
56342 4547 56076 97 266 169 29
56422 1225 56092 246 330 84 7
56471 851 55525 347 946 599 54
56554 4941 56460 52 94 42 42
56614 2474 56469 137 145 8 3
56939 84 56266 61 673 612 612
57180 4972 56919 193 261 68 35
57193 1064 57038 75 155 80 8
57196 4191 56682 308 514 206 16
57254 4694 56577 395 677 282 53
57405 814 56900 59 505 446 446
57613 1880 57574 39 39 0 0
57665 445 57060 279 605 326 227
57771 1933 57471 192 300 108 54
57808 59 57791 9 17 8 8
57843 3667 57377 359 466 107 10
57896 4166 57367 52 529 477 477
57913 268 57739 138 174 36 33
58047 35 57851 58 196 138 138
58054 2628 57932 83 122 39 21
58202 1534 57647 233 555 322 267
58227 270 58157 33 70 37 37
58241 2125 58050 154 191 37 5
58293 3281 58212 51 81 30 30
58399 3893 58303 49 96 47 47
58406 2129 58075 76 331 255 219
58473 91 58354 40 119 79 79
58480 3972 58367 45 113 68 68
58585 2945 58476 103 109 6 5
58816 854 58542 213 274 61 35
58921 2792 58733 176 188 12 2
58953 832 58837 34 116 82 82
58960 2512 58907 34 53 19 19
59045 4760 59005 39 40 1 1
59132 1176 58297 234 835 601 520
59132 4985 58633 148 499 351 16
59211 2719 59048 133 163 30 25
59291 4307 59173 73 118 45 39
59325 3671 58770 394 555 161 6
59438 612 58704 253 734 481 44
59635 4270 59318 103 317 214 19
59734 2041 58620 106 1114 1008 1001
59907 2135 59315 185 592 407 366
59939 2243 59831 72 108 36 33
59977 592 58769 147 1208 1061 1042
60035 4427 56915 411 3120 2709 24
60127 4466 60078 11 49 38 38
60185 4664 60112 57 73 16 16
60277 56 59780 138 497 359 350
60407 1817 60215 142 192 50 9
60425 3137 60398 18 27 9 9
60433 657 60080 248 353 105 29
60531 4258 60487 13 44 31 7
60613 1506 60467 58 146 88 88
60727 1549 60270 323 457 134 31
60743 4092 60050 174 693 519 23
60750 3230 60726 10 24 14 2
60947 1738 60839 79 108 29 19
60979 2489 60763 182 216 34 14
61164 207 60873 147 291 144 136
61228 2874 61065 53 163 110 110
61292 2473 60929 277 363 86 19
61351 2721 61305 22 46 24 24
61398 4184 61237 128 161 33 7
61499 2224 61076 182 423 241 189
61912 1937 61033 384 879 495 260
61973 1981 61299 354 674 320 107
62044 2934 61763 190 281 91 16
62080 4382 61563 244 517 273 94
62248 3251 61927 276 321 45 31
62302 2614 61864 163 438 275 3
62306 2744 61885 54 421 367 367
62307 3527 62262 4 45 41 41
62351 1024 62323 19 28 9 9
62386 3955 62311 40 75 35 5
62414 4064 62335 42 79 37 37
62462 2429 61664 354 798 444 35
62490 680 62423 27 67 40 40
62548 1112 62492 28 56 28 28
62606 2527 62376 133 230 97 11
62713 774 62530 122 183 61 19
62818 2264 62169 55 649 594 594
62825 371 62260 173 565 392 48
62851 2177 62350 216 501 285 260
63004 4077 62983 18 21 3 3
63011 33 62707 215 304 89 13
63049 152 62993 44 56 12 12
63072 4842 62894 152 178 26 24
63167 496 63129 31 38 7 7
63342 1676 63320 9 22 13 13
63409 4717 63164 172 245 73 17
63469 29 61944 281 1525 1244 5
63498 2499 63262 178 236 58 16
63525 4586 63507 1 18 17 17
63543 3313 63474 44 69 25 25
63583 2430 61988 351 1595 1244 2
63693 4703 62880 133 813 680 664
63824 124 63778 27 46 19 19
63918 2470 63804 73 114 41 16
63942 2951 63890 23 52 29 29
64214 1750 61828 460 2386 1926 235
64239 703 63995 190 244 54 4
64385 4500 64024 171 361 190 165
64412 142 63849 150 563 413 30
64451 205 64266 126 185 59 43
64741 1795 64222 56 519 463 463
64785 2207 64734 33 51 18 18
65122 3635 65066 47 56 9 9
65146 984 64736 284 410 126 6
65318 2679 62518 390 2800 2410 11
65364 272 65179 87 185 98 16
65431 4511 65366 57 65 8 8
65615 2291 65236 166 379 213 11
65695 1268 65642 33 53 20 13
65801 3441 65764 26 37 11 11
65930 2615 65846 24 84 60 60
66043 2003 65970 26 73 47 9
66163 2039 66105 40 58 18 18
66285 3852 66150 45 135 90 90
66330 970 66170 120 160 40 38
66382 4700 66204 137 178 41 3
66384 2130 66160 182 224 42 4
66507 4349 66355 109 152 43 30
66526 570 66423 82 103 21 1
66567 366 66464 59 103 44 44
66586 2903 64150 297 2436 2139 450
66634 3300 63921 463 2713 2250 22
66870 3607 66552 257 318 61 16
67003 2304 66854 51 149 98 98
67076 4524 66658 288 418 130 8
67100 3766 66925 146 175 29 3
67103 837 67001 49 102 53 53
67308 132 66625 313 683 370 10
67352 741 67285 39 67 28 28
67478 2508 66999 408 479 71 7
67479 647 67225 186 254 68 6
67516 1703 67219 221 297 76 26
67518 4801 67494 1 24 23 23
67665 609 67650 4 15 11 11
67792 1774 67338 172 454 282 20
67935 3690 67457 388 478 90 23
67944 891 67265 199 679 480 19
67982 1410 67924 28 58 30 30
68002 3014 67979 15 23 8 8
68069 2067 67796 217 273 56 26
68153 2287 68020 76 133 57 54
68166 361 67266 238 900 662 502
68179 510 67909 218 270 52 28
68357 4882 68274 29 83 54 54
68595 544 68146 242 449 207 21
68720 2363 68162 218 558 340 302
68902 2205 68872 10 30 20 20
69032 2899 68972 38 60 22 22
69034 2975 68717 218 317 99 54
69125 299 68714 315 411 96 7
69126 628 68099 60 1027 967 967
69198 1067 68871 182 327 145 12
69306 4087 69286 7 20 13 13
69399 2938 69344 30 55 25 25
69470 1720 69316 97 154 57 3
69555 4900 61145 192 8410 8218 20
69659 1383 69467 146 192 46 28
69668 119 69631 27 37 10 10
69742 1312 69682 34 60 26 26
69839 1697 69319 268 520 252 13
70050 3884 69741 257 309 52 2
70237 3393 70181 54 56 2 2
70317 3823 70307 9 10 1 1
70377 996 70325 28 52 24 24
70513 3029 70466 18 47 29 29
70587 2537 70545 16 42 26 26
70663 4506 70199 137 464 327 97
70673 1003 70409 46 264 218 218
70676 3237 70351 234 325 91 17
70763 1885 70631 57 132 75 50
70787 4304 70632 103 155 52 45
70898 3261 70082 261 816 555 21
70913 3827 70784 116 129 13 4
70915 4028 70873 16 42 26 26
71103 1563 70997 79 106 27 15
71226 1079 71193 19 33 14 14
71242 1567 70594 232 648 416 397
71255 1427 71203 28 52 24 24
71307 1409 70604 54 703 649 649
71340 4129 71301 28 39 11 11
71354 2216 70285 161 1069 908 899
71411 3790 71069 231 342 111 35
71411 252 70825 318 586 268 17
71469 4118 69080 507 2389 1882 47
71469 186 70860 57 609 552 552
71608 3094 71572 33 36 3 3
71624 1375 69541 189 2083 1894 312
71819 4612 71686 61 133 72 14
71845 3996 71362 152 483 331 278
71921 517 69758 413 2163 1750 11
71986 638 71753 154 233 79 67
72095 49 71967 104 128 24 20
72139 1206 72123 14 16 2 2
72265 981 61706 339 10559 10220 26
72273 4542 70936 362 1337 975 792
72278 2885 72181 60 97 37 28
72385 3049 72242 58 143 85 85
72417 436 62860 207 9557 9350 9280
72519 407 72350 91 169 78 7
72656 2611 72498 90 158 68 21
72706 2299 72563 131 143 12 3
72725 4898 72411 172 314 142 109
72730 4981 72702 23 28 5 5
72742 3773 72638 80 104 24 19
72868 1993 72685 128 183 55 46
72884 2733 72827 19 57 38 38
72920 2092 72747 156 173 17 10
73004 1317 72971 31 33 2 2
73219 4856 73096 42 123 81 81
73388 1578 73359 24 29 5 5
73578 2927 73017 255 561 306 50
73629 1423 73466 112 163 51 9
73719 502 73675 10 44 34 34
73759 2183 73748 5 11 6 6
73883 1300 73829 29 54 25 25
73918 566 63634 99 10284 10185 10158
74018 1424 65605 148 8413 8265 13
74082 1006 74005 41 77 36 36
74155 3431 66017 293 8138 7845 13
74318 234 73473 422 845 423 247
74379 2879 74060 128 319 191 184
74397 2519 74207 175 190 15 1
74509 971 68201 390 6308 5918 7
74569 459 74537 25 32 7 7
74778 3358 74655 85 123 38 13
74788 894 74634 97 154 57 16
74847 353 74830 15 17 2 2
74977 1883 74943 33 34 1 1
74997 2613 74489 372 508 136 21
75014 1489 74978 36 36 0 0
75028 1807 74882 122 146 24 17
75065 4624 74883 139 182 43 15
75116 1170 74552 467 564 97 8
75132 183 74874 155 258 103 35
75132 3090 75097 15 35 20 20
75151 2174 74860 180 291 111 36
75206 3588 75144 54 62 8 8
75286 529 75267 6 19 13 13
75334 3365 75303 23 31 8 8
75455 2918 74396 422 1059 637 2
75518 2627 75243 149 275 126 3
75652 518 75603 28 49 21 21
75672 2077 75284 240 388 148 30
75754 4510 75596 94 158 64 19
75793 2949 68050 391 7743 7352 149
75827 1433 75690 93 137 44 28
75848 3309 75650 165 198 33 31
75857 2440 75635 163 222 59 18
75981 1541 75861 46 120 74 74
76192 2088 61491 369 14701 14332 18
76308 3312 76111 148 197 49 12
76478 2740 76423 44 55 11 11
76554 1470 76294 154 260 106 72
76622 499 63743 525 12879 12354 38
76853 1116 66657 136 10196 10060 10055
77007 850 67055 62 9952 9890 9890
77118 4550 76628 419 490 71 21
77220 3012 76813 327 407 80 41
77324 2773 77203 83 121 38 18
77470 745 67864 314 9606 9292 9264
77482 732 77000 365 482 117 24
77594 2386 77342 199 252 53 17
77618 1988 77600 4 18 14 14
77642 4676 70212 137 7430 7293 7288
77674 2748 77573 67 101 34 22
77844 598 77817 22 27 5 5
77883 4994 77853 16 30 14 14
77966 757 77820 124 146 22 16
77995 133 77624 299 371 72 23
78038 2837 77750 152 288 136 134
78074 1589 77659 266 415 149 16
78154 1580 77834 200 320 120 103
78202 2849 78054 47 148 101 101
78209 2777 78060 90 149 59 28
78225 3105 76755 179 1470 1291 8
78235 1642 78001 188 234 46 6
78295 3909 77949 180 346 166 90
78433 4280 77053 279 1380 1101 8
78517 351 78413 55 104 49 49
78525 663 78463 44 62 18 18
78543 3567 78511 23 32 9 9
78589 4729 41420 388 37169 36781 17
78597 470 78521 53 76 23 23
78647 3224 78325 223 322 99 23
78661 333 44489 63 34172 34109 34109
78751 2782 44594 63 34157 34094 34094
78866 1722 78502 209 364 155 24
78885 4287 78868 11 17 6 6
79047 3906 79005 15 42 27 27
79066 4977 78657 339 409 70 20
79078 4017 78603 210 475 265 59
79100 3491 79024 33 76 43 43
79235 1640 79138 52 97 45 45
79308 460 79224 55 84 29 29
79517 4439 78859 221 658 437 8
79545 3071 79353 58 192 134 134
79562 3038 79121 349 441 92 38
79785 1984 46094 256 33691 33435 3
79829 829 79790 11 39 28 28
79829 397 79728 43 101 58 58
79860 4484 79610 190 250 60 0
79894 3092 79831 42 63 21 12
80031 2121 78846 487 1185 698 37
80086 2637 79578 339 508 169 52
80171 3612 79729 173 442 269 221
80320 2283 80283 8 37 29 29
80357 2965 80119 141 238 97 96
80426 3764 80307 57 119 62 62
80495 1756 80311 114 184 70 10
80537 1249 47336 130 33201 33071 17
80594 3328 80380 144 214 70 47
80679 1543 80541 111 138 27 15
80683 1059 80577 78 106 28 18
80754 2866 80152 397 602 205 27
80858 2032 80780 25 78 53 53
80863 3424 80696 105 167 62 51
81004 919 80543 149 461 312 21
81064 1680 80816 175 248 73 6
81316 733 81248 50 68 18 3
81378 1019 46945 529 34433 33904 789
81465 3330 81416 25 49 24 24
81538 847 81422 96 116 20 9
81627 3702 81208 328 419 91 11
81645 748 81413 155 232 77 43
81689 1005 80671 61 1018 957 957
81732 372 81660 42 72 30 30
81828 1615 81767 38 61 23 23
81863 1529 81707 122 156 34 1
82002 3219 81784 74 218 144 112
82050 283 82003 39 47 8 8
82066 454 81962 44 104 60 60
82117 3735 82102 13 15 2 2
82184 1329 82116 62 68 6 2
82222 3283 81959 161 263 102 96
82319 4244 82262 20 57 37 37
82334 150 81925 291 409 118 32
82359 1245 82247 39 112 73 73
82360 1342 82328 25 32 7 7
82432 476 82375 24 57 33 33
82452 2494 82372 34 80 46 46
82463 1781 82445 10 18 8 8
82541 2171 82380 101 161 60 53
82543 3374 81664 179 879 700 697
82594 4945 82427 50 167 117 117
82652 2538 82619 27 33 6 6
82709 3193 81048 509 1661 1152 598
82723 4227 82344 311 379 68 16
82770 2552 82723 46 47 1 1
82825 4368 81878 166 947 781 1
83032 3995 82951 35 81 46 46
83084 4984 82953 101 131 30 24
83129 389 83109 18 20 2 2
83293 988 83059 185 234 49 26
83354 3937 83230 109 124 15 14
83384 599 82920 225 464 239 80
83391 4133 83351 30 40 10 10
83499 3343 83204 209 295 86 0
83672 2617 83537 108 135 27 7
83735 1690 83714 14 21 7 7
83784 990 83735 48 49 1 1
84017 4508 83922 50 95 45 45
84047 3857 84023 10 24 14 14
84203 3195 84165 32 38 6 6
84317 1041 84052 108 265 157 5
84343 1847 83027 377 1316 939 6
84428 2507 84143 152 285 133 10
84636 180 84224 231 412 181 119
84682 913 84669 12 13 1 1
84719 4015 84175 102 544 442 12
84732 4645 83775 103 957 854 838
84777 994 83115 117 1662 1545 15
84802 2388 84614 144 188 44 23
84848 2189 84388 254 460 206 12
84985 4082 84874 70 111 41 21
85044 3391 83159 58 1885 1827 1827
85099 3114 85001 49 98 49 49
85203 2006 83792 176 1411 1235 6
85214 4460 83097 359 2117 1758 1716
85317 4319 85079 182 238 56 21
85485 1026 82291 548 3194 2646 552
85487 114 85302 141 185 44 19
85596 771 85428 48 168 120 120
85597 2338 85431 123 166 43 36
85642 105 85435 109 207 98 53
85694 920 85081 322 613 291 23
85868 785 81726 118 4142 4024 25
85995 375 85819 96 176 80 59
86011 1429 85830 120 181 61 60
86092 1662 84011 291 2081 1790 7
86189 1912 86150 34 39 5 5
86315 730 83955 402 2360 1958 1862
86499 2350 86490 1 9 8 8
86519 870 86444 30 75 45 45
86601 4404 86160 313 441 128 45
86660 4409 86648 4 12 8 8
86682 4975 86449 124 233 109 71
86761 1191 86469 159 292 133 69
86791 3540 85964 457 827 370 48
86828 2322 86626 115 202 87 35
87066 3039 86752 148 314 166 153
87118 3473 86717 274 401 127 67
87175 4934 86949 176 226 50 5
87180 1565 87141 16 39 23 23
87191 4526 87165 15 26 11 11
87403 1235 87001 258 402 144 17
87469 3789 87343 54 126 72 72
87680 1039 86657 150 1023 873 818
87703 2644 87114 382 589 207 134
87707 4913 86835 319 872 553 3
87719 4917 87495 167 224 57 36
87831 895 87737 46 94 48 48
87897 4267 87554 279 343 64 39
87972 594 87956 1 16 15 15
88024 2539 87648 51 376 325 325
88105 3680 87672 291 433 142 92
88136 2045 87731 236 405 169 142
88150 1906 87992 143 158 15 2
88397 4066 88335 32 62 30 30
88491 304 88141 268 350 82 11
88692 4724 86343 508 2349 1841 51
88728 164 88545 151 183 32 4
88883 3346 88586 206 297 91 21
88917 722 88771 110 146 36 28
89097 2421 89056 24 41 17 17
89122 857 88266 328 856 528 476
89131 3060 89104 8 27 19 19
89133 3837 88987 93 146 53 45
89174 2278 89129 26 45 19 19
89189 1877 89037 123 152 29 12
89349 4952 88845 316 504 188 13
89360 2040 89279 39 81 42 42
89422 3803 89402 17 20 3 3
89468 3116 89417 45 51 6 6
89742 2650 88375 170 1367 1197 28
89790 4758 89714 45 76 31 31
89805 2798 88794 99 1011 912 892
89911 4286 89881 15 30 15 15
89932 1413 89839 54 93 39 39
89935 2190 88314 319 1621 1302 1241
90027 2609 89748 233 279 46 17
90159 2974 90109 20 50 30 30
90213 2252 89628 336 585 249 13
90242 2348 90169 53 73 20 20
90339 3707 90055 58 284 226 226
90439 2847 89483 59 956 897 897
90512 4448 86355 60 4157 4097 4097
90688 4749 87065 381 3623 3242 8
90793 4392 90616 138 177 39 37
90846 3814 86144 265 4702 4437 4241
90902 1441 90616 55 286 231 231
90926 1560 90398 303 528 225 48
90975 3104 90673 135 302 167 134
90998 3400 90918 44 80 36 2
91038 4593 90969 42 69 27 27
91156 1508 91143 3 13 10 10
91176 1669 91136 19 40 21 21
91198 696 91108 40 90 50 50
91341 4691 88187 589 3154 2565 8
91376 4358 88418 237 2958 2721 0
91416 2862 88590 164 2826 2662 2627
91446 1167 91397 26 49 23 6
91497 2575 91476 11 21 10 10
91514 3910 89828 163 1686 1523 1514
91651 4206 91572 30 79 49 49
91716 3688 91383 148 333 185 132
91759 1635 91752 1 7 6 6
91831 3264 91651 132 180 48 1
91860 914 91655 114 205 91 30
91925 2936 91863 33 62 29 29
91946 1426 91909 20 37 17 17
92088 4290 91842 159 246 87 19
92265 2152 92118 54 147 93 93
92292 567 91054 294 1238 944 36
92323 1306 92032 162 291 129 118
92368 4600 92363 1 5 4 4
92420 1782 92286 51 134 83 83
92567 1514 92078 201 489 288 15
92627 4702 92300 228 327 99 4
92638 457 92318 253 320 67 6
92689 4314 92557 50 132 82 82
92786 4707 92719 58 67 9 7
92878 3157 92696 135 182 47 16
92882 1273 89817 379 3065 2686 4
92887 358 92666 140 221 81 24
92925 38 92834 37 91 54 54
93069 425 92846 84 223 139 127
93182 3808 93013 94 169 75 3
93268 2835 93099 104 169 65 26
93391 4846 93272 94 119 25 11
93407 2151 93264 121 143 22 19
93421 48 93374 29 47 18 18
93448 2800 93140 258 308 50 19
93713 2409 92784 322 929 607 3
93735 336 93688 26 47 21 21
93899 819 93678 148 221 73 10
93911 376 93730 119 181 62 41
94068 707 93939 88 129 41 17
94105 653 93006 305 1099 794 646
94106 2383 94018 37 88 51 51
94158 3181 94130 13 28 15 15
94282 782 92997 355 1285 930 487
94284 355 94235 34 49 15 15
94338 3736 94179 76 159 83 8
94427 4832 94309 71 118 47 30
94676 1910 94625 37 51 14 14
94744 1843 94629 52 115 63 63
94770 1199 94477 188 293 105 7
94824 3570 94658 53 166 113 113
94882 4237 93697 57 1185 1128 1128
94889 4114 94743 127 146 19 2
95069 3805 92993 140 2076 1936 1897
95277 871 93665 181 1612 1431 1424
95344 4379 95323 20 21 1 1
95414 1655 95371 39 43 4 4
95586 429 95504 45 82 37 37
95598 4366 95407 145 191 46 8
95674 1886 94205 343 1469 1126 4
95773 3794 95709 34 64 30 30
95827 1036 95678 111 149 38 6
95931 4444 95848 55 83 28 28
95956 4788 93182 170 2774 2604 2564
96072 1530 95655 333 417 84 29
96086 548 95979 60 107 47 34
96112 3756 95989 118 123 5 4
96149 2141 95945 150 204 54 12
96226 4768 96041 57 185 128 128
96258 45 94257 254 2001 1747 1675
96381 4677 87000 412 9381 8969 37
96547 4713 95646 497 901 404 29
96678 4001 96635 18 43 25 25
96739 1539 96127 372 612 240 50
96825 2306 96413 124 412 288 195
96895 892 90640 380 6255 5875 0
97027 129 96895 47 132 85 85
97073 3162 97000 45 73 28 28
97233 1178 96743 146 490 344 13
97356 1659 97141 162 215 53 30
97384 3072 97326 33 58 25 25
97532 2490 96988 69 544 475 468
97577 3450 97368 121 209 88 65
97795 2468 97764 21 31 10 10
97806 3080 97743 43 63 20 6
97815 2200 97740 63 75 12 0
97818 2169 97654 130 164 34 27
97822 2110 94852 192 2970 2778 3
97839 2569 97806 20 33 13 13
97924 2209 97844 37 80 43 43
97968 4778 97529 381 439 58 4
98075 3333 98070 1 5 4 4
98124 3171 98077 22 47 25 25
98189 3611 98127 46 62 16 16
98465 3229 98041 60 424 364 364
98513 3026 98393 59 120 61 9
98610 83 98422 152 188 36 8
98762 2433 98454 192 308 116 12
98787 3179 98616 150 171 21 7
98821 145 98791 27 30 3 3
98955 4905 98674 99 281 182 10
98966 4692 98908 21 58 37 37
99050 2688 98687 251 363 112 8
99149 3711 99094 39 55 16 16
99258 1621 98594 160 664 504 17
99397 1784 99366 17 31 14 14
99402 3549 98802 392 600 208 88
99451 1815 99410 10 41 31 31
99572 2702 99444 103 128 25 8
99656 1315 99540 108 116 8 3
99670 1911 99656 13 14 1 1
99717 2071 99689 23 28 5 5
99726 1837 99585 32 141 109 109
99784 3186 99588 131 196 65 36
99897 3429 99886 10 11 1 1
99998 1391 99479 343 519 176 94
