142 4176 40 101 102 1 0
148 1479 145 3 3 0 0
315 4753 278 29 37 8 8
321 4207 126 165 195 30 0
371 4372 67 276 304 28 0
373 4959 187 157 186 29 18
393 4689 234 127 159 32 31
395 763 319 59 76 17 17
422 2812 170 193 252 59 31
428 110 200 177 228 51 11
640 4976 400 83 240 157 157
688 3260 657 20 31 11 11
700 4827 583 96 117 21 12
738 4185 657 73 81 8 6
844 4352 777 57 67 10 10
850 3109 748 73 102 29 6
856 3061 795 54 61 7 7
896 1709 463 327 433 106 14
973 1725 736 147 237 90 39
1019 4193 235 519 784 265 191
1106 2176 701 251 405 154 0
1114 3573 621 74 493 419 419
1212 512 981 186 231 45 12
1279 3594 750 430 529 99 4
1290 100 1101 67 189 122 122
1400 3775 1358 38 42 4 4
1407 2922 874 260 533 273 0
1451 169 1224 132 227 95 86
1464 1361 1120 291 344 53 12
1483 977 1279 143 204 61 21
1550 2366 1411 69 139 70 70
1690 1142 1144 466 546 80 8
1710 4512 1687 21 23 2 2
1723 3239 1265 398 458 60 26
1819 3721 1793 6 26 20 20
1825 3445 1656 158 169 11 1
1833 1846 1743 59 90 31 31
1875 4910 1801 49 74 25 25
1919 3456 1546 340 373 33 1
1933 1674 1697 167 236 69 27
1980 2647 1555 370 425 55 4
2038 554 1144 422 894 472 257
2175 3692 2081 42 94 52 52
2230 4868 1883 281 347 66 11
2252 4123 285 230 1967 1737 243
2257 3872 2074 107 183 76 50
2371 874 1906 352 465 113 0
2373 3344 1874 271 499 228 2
2378 1313 2300 66 78 12 12
2386 3349 1236 294 1150 856 90
2412 2578 2249 139 163 24 9
2515 3280 2352 130 163 33 20
2569 2602 2112 358 457 99 5
2623 2529 2596 27 27 0 0
2716 4254 2695 12 21 9 9
2749 1890 642 280 2107 1827 1817
2791 98 2738 45 53 8 8
2816 1345 828 185 1988 1803 1802
2870 4912 726 531 2144 1613 15
2923 693 2287 426 636 210 5
2973 2298 2506 381 467 86 6
3053 1452 2057 746 996 250 174
3055 646 2881 70 174 104 104
3139 106 3092 37 47 10 10
3148 2851 2976 156 172 16 4
3169 2079 3156 7 13 6 6
3183 4457 3107 43 76 33 33
3194 802 2996 186 198 12 2
3212 162 2833 321 379 58 2
3264 4391 1080 204 2184 1980 17
3304 251 1071 441 2233 1792 1679
3331 2848 3178 145 153 8 6
3382 1965 3377 1 5 4 4
3388 2576 3349 15 39 24 24
3453 367 3205 202 248 46 5
3468 3605 3442 22 26 4 4
3479 1051 3277 169 202 33 2
3493 1790 3185 183 308 125 100
3555 549 3467 61 88 27 27
3555 4461 3343 115 212 97 79
3572 861 3552 16 20 4 4
3580 2155 3570 7 10 3 3
3631 2595 3587 39 44 5 5
3679 2351 3265 289 414 125 6
3700 4446 3654 18 46 28 28
3746 4962 3211 426 535 109 18
3754 1163 3666 68 88 20 14
3879 2599 3842 23 37 14 14
3894 1337 3818 49 76 27 12
3915 3973 2994 384 921 537 8
3942 3983 3383 385 559 174 25
3946 2148 2777 600 1169 569 53
3952 3126 3423 351 529 178 7
3974 1820 3214 325 760 435 7
3997 677 3885 50 112 62 62
4162 3841 4053 57 109 52 51
4200 572 3996 148 204 56 2
4215 967 4167 48 48 0 0
4232 3693 3786 287 446 159 21
4402 4776 4378 15 24 9 9
4421 2165 4318 57 103 46 46
4458 1442 4256 155 202 47 11
4491 909 3832 500 659 159 2
4520 3447 4411 61 109 48 48
4522 1096 4198 174 324 150 17
4559 2932 4311 156 248 92 58
4597 4279 3593 74 1004 930 930
4631 295 4559 62 72 10 10
4635 4888 4269 303 366 63 16
4684 1889 4347 257 337 80 6
4696 182 4392 197 304 107 66
4711 3777 4686 14 25 11 11
4755 1612 4725 27 30 3 3
4795 1017 4743 34 52 18 18
4899 1205 3345 549 1554 1005 44
4953 53 4728 162 225 63 3
5005 68 4609 341 396 55 8
5039 3342 4935 87 104 17 11
5044 1794 4373 533 671 138 30
5139 96 4785 273 354 81 11
5166 22 4855 263 311 48 13
5179 491 5034 119 145 26 6
5283 4338 5139 104 144 40 35
5504 69 5021 216 483 267 17
5505 1899 5098 282 407 125 6
5526 4039 5065 395 461 66 11
5628 1706 5605 8 23 15 15
5694 1925 5267 121 427 306 287
5707 3392 5295 340 412 72 2
5742 1919 4877 421 865 444 168
5780 4751 5704 35 76 41 41
5892 4909 3432 630 2460 1830 23
5901 3394 4620 475 1281 806 12
6006 3286 5399 72 607 535 535
6118 1394 5536 440 582 142 61
6169 3658 5670 380 499 119 0
6232 2418 4374 186 1858 1672 1652
6245 4060 6099 132 146 14 2
6248 3613 6064 100 184 84 73
6293 1684 6166 103 127 24 5
6307 1947 6150 61 157 96 96
6319 2661 6166 143 153 10 4
6381 1333 6302 61 79 18 18
6477 927 4862 415 1615 1200 182
6492 2804 6409 71 83 12 12
6531 4122 5692 502 839 337 51
6672 929 6105 275 567 292 227
6701 1088 6667 28 34 6 6
6811 3190 6496 182 315 133 17
6816 987 5682 167 1134 967 183
6817 1670 6470 313 347 34 8
6860 4808 6355 409 505 96 13
6894 456 6835 53 59 6 6
6988 32 6023 349 965 616 0
6989 3940 4807 503 2182 1679 1
7096 245 3122 365 3974 3609 3410
7117 4809 6505 467 612 145 16
7200 1240 4046 578 3154 2576 42
7222 2689 7144 60 78 18 18
7262 4300 6850 329 412 83 45
7292 872 7213 66 79 13 13
7346 4062 5266 329 2080 1751 53
7391 2212 7259 107 132 25 4
7415 1177 6751 548 664 116 6
7429 658 4468 382 2961 2579 2531
7452 4430 7259 171 193 22 12
7498 2332 7176 265 322 57 10
7531 232 7497 17 34 17 17
7591 2816 7367 126 224 98 95
7669 725 7130 466 539 73 25
7693 835 5265 373 2428 2055 19
7753 3641 7630 86 123 37 16
7799 1708 7181 424 618 194 4
7835 724 7722 88 113 25 16
7862 4257 7370 401 492 91 5
7949 4291 7748 62 201 139 139
7995 2556 7974 7 21 14 14
8003 998 7724 194 279 85 16
8045 746 7932 76 113 37 26
8109 2103 7343 491 766 275 86
8173 3411 7628 199 545 346 293
8175 2863 7794 240 381 141 6
8265 2590 8054 65 211 146 146
8271 1343 8127 110 144 34 33
8310 3423 8005 280 305 25 0
8334 523 7322 485 1012 527 131
8354 3463 7817 410 537 127 46
8368 3991 7875 427 493 66 3
8402 1217 8042 67 360 293 293
8474 2323 7924 244 550 306 4
8474 3898 8298 109 176 67 37
8479 422 8466 4 13 9 9
8489 2411 8439 9 50 41 41
8506 1608 8080 69 426 357 357
8520 3535 8377 87 143 56 17
8610 2589 8575 32 35 3 3
8640 1200 7744 169 896 727 10
8738 4093 8702 34 36 2 2
8801 1257 8408 291 393 102 82
8921 1285 8832 80 89 9 0
8986 1431 8974 4 12 8 8
8993 762 8923 66 70 4 4
9009 1531 8515 376 494 118 6
9137 2054 7783 323 1354 1031 714
9178 1771 9121 40 57 17 17
9191 3979 8353 72 838 766 766
9226 2977 9149 52 77 25 11
9251 3141 8061 212 1190 978 308
9293 1728 9281 7 12 5 5
9328 1284 9040 200 288 88 3
9345 3234 7686 125 1659 1534 3
9351 322 8938 306 413 107 63
9408 3717 8544 317 864 547 24
9412 2725 8934 429 478 49 2
9430 2566 9301 109 129 20 6
9481 2843 9401 68 80 12 12
9511 3920 9132 353 379 26 0
9640 899 9180 350 460 110 12
9702 3058 9475 148 227 79 28
9799 2691 8815 248 984 736 23
9904 1900 8284 335 1620 1285 8
9919 3725 9655 188 264 76 70
9940 3265 9438 319 502 183 90
9950 20 9499 329 451 122 47
9970 222 8163 155 1807 1652 1643
10034 1122 9876 63 158 95 95
10038 4217 9425 485 613 128 3
10046 3465 8091 419 1955 1536 0
10055 4607 8412 330 1643 1313 501
10097 887 10068 16 29 13 13
10130 4469 7835 502 2295 1793 1
10138 424 10115 14 23 9 9
10165 3706 10030 106 135 29 15
10168 2677 9888 223 280 57 41
10183 2981 9706 349 477 128 17
10330 2887 10037 223 293 70 2
10422 3519 10330 88 92 4 1
10532 3438 9862 557 670 113 58
10569 4706 9398 201 1171 970 11
10578 1528 8872 250 1706 1456 0
10637 1384 10080 424 557 133 18
10641 4530 8862 356 1779 1423 1383
10675 3943 10268 298 407 109 53
10735 1950 10696 24 39 15 4
10738 699 10344 340 394 54 3
10771 4021 9756 239 1015 776 750
10791 519 9373 76 1418 1342 1342
10813 2318 10662 108 151 43 14
10842 2911 10789 47 53 6 6
10843 4701 10799 34 44 10 10
10923 1724 9300 195 1623 1428 25
11079 2557 10763 221 316 95 51
11087 2966 10831 192 256 64 7
11088 905 11072 12 16 4 4
11138 2742 9872 478 1266 788 85
11152 1829 10929 209 223 14 4
11155 4178 10646 383 509 126 5
11195 3746 10053 258 1142 884 871
11247 597 10791 368 456 88 1
11260 2001 11029 122 231 109 48
11266 2175 6894 249 4372 4123 0
11352 2479 11341 11 11 0 0
11375 2915 11276 59 99 40 10
11397 3077 11001 331 396 65 0
11487 515 11466 7 21 14 14
11491 4618 11486 3 5 2 2
11500 50 11437 50 63 13 13
11540 95 11523 7 17 10 10
11542 4063 11253 258 289 31 8
11660 2435 11572 57 88 31 9
11758 4501 11136 409 622 213 20
11790 2875 11218 470 572 102 30
11863 3763 7793 500 4070 3570 1766
11902 4616 2900 248 9002 8754 36
12138 4272 11724 292 414 122 36
12204 4680 11840 254 364 110 64
12222 3948 11908 268 314 46 0
12226 4396 12207 3 19 16 16
12230 3356 12179 42 51 9 9
12235 540 12152 63 83 20 20
12329 2225 11888 289 441 152 15
12348 2333 12241 36 107 71 71
12351 2236 12336 5 15 10 10
12464 4094 11599 653 865 212 1
12503 244 11988 348 515 167 4
12552 3063 12266 178 286 108 83
12599 2140 12012 491 587 96 5
12705 2574 12172 406 533 127 59
12797 1897 12313 238 484 246 227
12875 4210 12512 302 363 61 25
12912 1185 12685 166 227 61 15
12936 4245 12752 97 184 87 43
12948 973 12894 41 54 13 13
12991 4626 12880 90 111 21 20
13003 4426 12964 25 39 14 14
13009 3492 12651 304 358 54 11
13024 159 12727 258 297 39 5
13105 2713 12369 464 736 272 234
13153 2888 12845 258 308 50 8
13263 2030 12835 350 428 78 15
13265 2272 13234 13 31 18 18
13289 3951 13241 26 48 22 22
13312 1248 13218 46 94 48 48
13322 4106 13281 32 41 9 9
13329 3604 13014 259 315 56 28
13416 3754 13389 25 27 2 2
13439 3051 12639 348 800 452 281
13494 79 13452 27 42 15 15
13520 1542 13126 310 394 84 67
13596 2360 13264 287 332 45 0
13612 1639 13207 227 405 178 116
13706 4253 13373 188 333 145 6
13757 2394 13600 137 157 20 13
13792 951 13501 183 291 108 61
13792 4007 13617 135 175 40 8
13831 4388 12606 510 1225 715 3
13937 43 13760 127 177 50 33
13946 1165 13696 189 250 61 6
13981 2707 13504 229 477 248 0
13989 3922 13971 18 18 0 0
13992 1918 13862 65 130 65 3
14008 2592 13956 26 52 26 26
14021 3878 12982 478 1039 561 28
14033 4697 12134 141 1899 1758 1757
14059 2989 13678 290 381 91 11
14100 4579 14055 45 45 0 0
14147 3792 13692 379 455 76 3
14156 2859 11766 470 2390 1920 25
14254 3674 14034 176 220 44 0
14301 1650 13979 270 322 52 3
14373 4896 14140 129 233 104 51
14373 4509 14298 67 75 8 8
14413 2317 14256 136 157 21 15
14438 1053 14234 122 204 82 20
14462 3125 14452 9 10 1 1
14476 2511 14287 169 189 20 7
14490 2991 14349 86 141 55 18
14519 1073 14061 229 458 229 14
14578 3194 14195 247 383 136 107
14583 3222 14373 205 210 5 1
14674 2324 14103 492 571 79 23
14751 2898 12476 191 2275 2084 0
14787 4806 14585 166 202 36 4
14835 3329 14120 267 715 448 59
14869 3603 12778 163 2091 1928 8
14886 4733 14385 386 501 115 54
14888 794 14318 346 570 224 187
14922 4667 14336 468 586 118 59
14995 3035 14942 41 53 12 12
15025 2194 14957 61 68 7 7
15060 2173 14700 313 360 47 6
15224 3021 14934 250 290 40 24
15249 4003 15051 164 198 34 10
15274 505 15247 25 27 2 2
15297 4211 13684 185 1613 1428 1420
15326 3068 15093 76 233 157 157
15366 4204 15020 277 346 69 40
15449 3583 15433 12 16 4 4
15479 804 15175 231 304 73 9
15522 3542 15385 115 137 22 12
15529 2763 15387 129 142 13 0
15529 4006 15521 6 8 2 2
15590 415 15433 60 157 97 97
15625 1606 15606 1 19 18 18
15660 4327 15398 175 262 87 34
15674 4897 13800 514 1874 1360 61
15687 2814 15326 189 361 172 1
15712 2085 15589 37 123 86 86
15781 28 15421 147 360 213 166
15783 2303 15050 519 733 214 6
15860 4857 15594 213 266 53 31
15884 2706 15418 346 466 120 63
15895 285 15620 241 275 34 26
15915 1934 15892 19 23 4 4
15967 3954 15358 382 609 227 201
15984 3433 15972 3 12 9 9
16082 52 15513 200 569 369 11
16191 318 15304 317 887 570 562
16207 4397 16037 147 170 23 21
16209 4961 16066 127 143 16 6
16247 4930 16181 62 66 4 0
16298 1061 15663 216 635 419 414
16375 4584 16113 192 262 70 57
16391 2082 16369 15 22 7 7
16467 4269 16366 59 101 42 42
16505 3716 16318 160 187 27 7
16604 340 15279 556 1325 769 630
16642 2416 16419 208 223 15 9
16653 3097 15398 237 1255 1018 966
16661 2218 16376 219 285 66 27
16690 2506 15307 283 1383 1100 1024
16707 4867 16643 54 64 10 10
16713 536 16626 59 87 28 28
16720 1140 15714 122 1006 884 859
16773 2087 16643 125 130 5 0
16792 2355 16367 276 425 149 31
16859 4058 16818 9 41 32 32
16888 458 16677 129 211 82 24
16955 3220 16473 337 482 145 27
16970 280 12720 77 4250 4173 4173
17016 293 16835 136 181 45 12
17132 4222 17077 34 55 21 21
17151 4631 16606 308 545 237 168
17172 3705 12305 262 4867 4605 4584
17174 3227 16960 181 214 33 14
17186 4792 17143 34 43 9 9
17245 912 11783 410 5462 5052 12
17254 1848 16542 447 712 265 13
17335 2422 17282 14 53 39 39
17412 2683 17201 164 211 47 26
17439 3828 17373 45 66 21 21
17446 1027 17114 216 332 116 19
17498 1902 16140 628 1358 730 134
17506 4055 17406 59 100 41 41
17604 3446 17554 37 50 13 13
17614 4408 17314 248 300 52 17
17614 4107 17197 327 417 90 49
17673 15 17336 315 337 22 0
17691 4902 17421 200 270 70 46
17744 765 17399 227 345 118 14
17746 4854 17527 164 219 55 17
17775 674 17743 28 32 4 4
17804 4142 17600 160 204 44 15
17846 432 17596 213 250 37 9
17983 3389 17897 75 86 11 5
17989 1850 17713 190 276 86 63
17994 3718 17787 123 207 84 2
18001 4986 17846 128 155 27 1
18028 1278 17402 478 626 148 38
18060 4573 17784 154 276 122 57
18087 1389 18028 48 59 11 11
18171 4904 17740 387 431 44 31
18348 455 18325 9 23 14 14
18495 1992 18026 368 469 101 3
18556 2531 18483 60 73 13 13
18597 3299 18008 333 589 256 129
18677 2957 18655 22 22 0 0
18732 4192 18587 89 145 56 14
18747 754 18552 114 195 81 1
18749 1482 18589 143 160 17 9
18797 1373 18477 239 320 81 3
18812 2705 18460 192 352 160 21
18872 4963 18803 65 69 4 4
18880 3502 18859 13 21 8 8
18901 622 18880 18 21 3 3
18903 3949 18749 144 154 10 1
18922 1645 18834 49 88 39 39
18955 582 18913 32 42 10 10
19131 1958 18013 554 1118 564 164
19151 2889 18084 541 1067 526 4
19177 2709 19070 68 107 39 39
19344 1001 19278 64 66 2 2
19358 3055 19180 157 178 21 19
19425 2393 18679 395 746 351 136
19479 4072 19022 334 457 123 8
19492 4874 19368 81 124 43 35
19530 461 18991 348 539 191 24
19641 2967 18331 153 1310 1157 12
19649 1752 19259 336 390 54 13
19782 3276 19739 40 43 3 3
19854 1568 19190 507 664 157 18
19859 4320 19746 86 113 27 16
19911 1522 19896 4 15 11 11
19919 879 19068 291 851 560 512
20136 4419 19877 138 259 121 11
20143 3327 19475 506 668 162 45
20164 4995 19385 326 779 453 38
20231 4425 20205 25 26 1 1
20288 2390 20126 101 162 61 11
20289 2142 19604 475 685 210 85
20347 2982 20149 113 198 85 17
20361 740 20135 61 226 165 165
20401 1881 20093 181 308 127 51
20518 1271 20476 33 42 9 9
20572 1365 20104 327 468 141 105
20584 4810 20216 207 368 161 146
20620 1458 20590 15 30 15 15
20626 2124 20291 297 335 38 4
20629 4558 20484 71 145 74 74
20712 1467 20634 54 78 24 24
20734 1031 20089 288 645 357 279
20756 3360 20633 95 123 28 1
20780 3532 20373 256 407 151 80
20838 4914 20592 185 246 61 35
20850 654 20662 69 188 119 119
20868 3348 20790 29 78 49 49
20909 1970 20844 58 65 7 7
20918 27 20906 8 12 4 4
21088 4076 20371 141 717 576 31
21124 4911 21035 76 89 13 8
21165 588 20352 396 813 417 4
21222 3420 20562 426 660 234 179
21263 1290 21235 21 28 7 7
21265 4665 21155 87 110 23 12
21316 171 20807 399 509 110 32
21351 1916 21020 312 331 19 11
21380 700 21305 60 75 15 12
21411 2265 21141 182 270 88 6
21427 1131 19807 421 1620 1199 0
21472 3410 20428 160 1044 884 25
21499 4186 21257 203 242 39 1
21504 2861 19248 497 2256 1759 14
21540 3861 21519 19 21 2 2
21564 2754 21437 58 127 69 69
21592 3322 21454 83 138 55 39
21608 1842 21277 233 331 98 20
21651 3475 21054 486 597 111 35
21815 3022 13429 161 8386 8225 2
21868 2480 21658 109 210 101 65
21889 2913 21361 402 528 126 18
21970 211 21582 222 388 166 9
22019 174 21642 255 377 122 32
22073 1874 14089 307 7984 7677 6
22093 3117 22064 29 29 0 0
22102 2753 20519 514 1583 1069 31
22120 938 22073 46 47 1 1
22177 1753 21612 459 565 106 40
22185 3788 19450 573 2735 2162 81
22221 1449 22006 128 215 87 50
22298 603 21790 430 508 78 11
22440 2579 22277 138 163 25 6
22450 2979 22233 174 217 43 14
22454 1084 15987 672 6467 5795 315
22491 3719 22257 200 234 34 6
22639 1723 19033 291 3606 3315 52
22641 1071 22570 71 71 0 0
22680 1607 22192 406 488 82 3
22698 2749 22518 150 180 30 28
22836 1976 22368 350 468 118 6
22859 1363 22644 113 215 102 83
22882 2310 22654 162 228 66 27
22891 1022 20662 613 2229 1616 16
23010 3894 22953 39 57 18 18
23011 1100 22981 13 30 17 17
23068 1956 22903 121 165 44 6
23068 3584 22729 267 339 72 37
23105 3917 22941 68 164 96 96
23112 1576 21600 339 1512 1173 0
23160 2373 22951 127 209 82 17
23162 1395 22669 405 493 88 39
23168 1707 23098 44 70 26 15
23183 2562 23027 133 156 23 12
23267 1975 22033 91 1234 1143 18
23284 2229 22786 77 498 421 421
23395 4337 5139 206 18256 18050 52
23403 3924 4870 502 18533 18031 18
23409 3351 22891 408 518 110 83
23457 2255 22905 408 552 144 9
23480 1968 23337 105 143 38 1
23487 3050 23254 159 233 74 58
23492 1511 23194 246 298 52 11
23559 4383 22821 509 738 229 25
23634 2830 23486 114 148 34 2
23708 4893 5766 201 17942 17741 636
23756 4423 23477 245 279 34 16
23760 2695 6082 227 17678 17451 2
23814 1272 23679 53 135 82 82
23835 581 23600 202 235 33 17
23986 1492 6760 335 17226 16891 2
24024 4970 23451 404 573 169 39
24135 4834 24081 34 54 20 20
24184 1243 23831 253 353 100 5
24187 3362 9390 392 14797 14405 41
24272 3730 10927 230 13345 13115 13017
24318 1350 23906 328 412 84 10
24368 4987 5536 595 18832 18237 18002
24397 3624 24382 12 15 3 3
24423 1447 24026 263 397 134 14
24505 4213 24108 265 397 132 88
24610 112 24239 307 371 64 10
24620 1485 24600 18 20 2 2
24661 3819 24606 49 55 6 5
24711 3212 24177 437 534 97 19
24784 3231 24721 40 63 23 23
24837 2399 24496 226 341 115 7
24861 533 24762 91 99 8 7
24930 2955 24906 17 24 7 7
24952 2276 24862 50 90 40 40
24955 1665 24858 83 97 14 4
24958 1020 13908 458 11050 10592 35
25022 1601 24609 321 413 92 27
25050 2635 24653 341 397 56 15
25119 4916 13698 222 11421 11199 10726
25132 3578 25061 41 71 30 10
25233 936 25064 110 169 59 47
25263 4047 14819 225 10444 10219 9722
25285 3384 25230 51 55 4 4
25313 600 25131 158 182 24 2
25331 2995 25235 30 96 66 66
25374 197 24464 224 910 686 18
25404 2820 24848 280 556 276 197
25422 4490 25341 32 81 49 49
25445 4549 25351 67 94 27 0
25511 568 24448 637 1063 426 69
25555 4773 25303 196 252 56 5
25582 1297 25369 174 213 39 10
25603 812 24604 71 999 928 928
25623 2042 25170 363 453 90 12
25635 258 25367 215 268 53 32
25649 2311 25243 127 406 279 276
25715 4414 25482 182 233 51 7
25721 742 24605 384 1116 732 26
25837 2025 25740 69 97 28 28
25893 1462 25622 201 271 70 9
25906 4485 25893 12 13 1 1
25908 526 25729 129 179 50 4
25926 1488 25719 171 207 36 3
25926 1656 25773 72 153 81 81
25937 2387 25903 30 34 4 4
25963 2616 25492 367 471 104 26
25998 3209 25912 60 86 26 26
26075 2755 24548 356 1527 1171 23
26098 2738 26077 12 21 9 9
26108 196 25535 461 573 112 21
26148 4340 25990 142 158 16 8
26294 3482 26187 86 107 21 10
26432 4103 25852 399 580 181 112
26507 1230 26475 21 32 11 11
26535 2865 25927 313 608 295 0
26636 3046 26062 412 574 162 14
26656 2261 26633 19 23 4 4
26694 4432 26528 138 166 28 8
26702 685 26007 474 695 221 127
26757 1972 26049 410 708 298 9
26770 557 26595 123 175 52 1
26789 2400 26747 32 42 10 10
26806 4022 26394 287 412 125 58
26935 1504 26870 50 65 15 15
26984 856 24815 176 2169 1993 1992
26995 2805 26475 388 520 132 22
27016 3083 26913 93 103 10 4
27039 2326 26998 31 41 10 10
27056 3031 26929 94 127 33 29
27095 4830 27092 2 3 1 1
27182 3862 27156 19 26 7 7
27187 4870 26717 187 470 283 54
27269 1512 27092 144 177 33 25
27292 4401 26713 452 579 127 45
27476 305 26861 180 615 435 425
27483 3768 27360 105 123 18 0
27506 3976 26923 401 583 182 13
27553 1861 26897 473 656 183 72
27617 4247 26897 164 720 556 546
27681 1227 26924 568 757 189 105
27710 4675 26980 257 730 473 463
27768 3073 27121 417 647 230 21
27780 2 27310 385 470 85 26
27789 3840 27655 89 134 45 27
27838 1867 27746 57 92 35 35
27857 3335 27052 559 805 246 19
27944 4686 27805 128 139 11 0
28036 4601 27590 304 446 142 105
28046 2168 27975 32 71 39 39
28082 950 27640 365 442 77 56
28130 4715 16151 280 11979 11699 0
28152 2285 15694 229 12458 12229 104
28215 2515 27978 192 237 45 39
28237 3274 28072 139 165 26 24
28312 3826 27889 344 423 79 5
28364 103 28102 173 262 89 29
28411 4721 28002 361 409 48 7
28437 3728 28417 10 20 10 10
28449 1224 28262 149 187 38 7
28518 475 28507 8 11 3 3
28556 1472 28032 395 524 129 15
28568 1731 28343 153 225 72 8
28639 2035 28619 6 20 14 14
28685 3653 28272 349 413 64 7
28693 4443 28556 132 137 5 1
28702 314 28400 291 302 11 3
28907 2376 28705 71 202 131 131
28940 23 28443 386 497 111 7
28975 613 28752 150 223 73 54
29047 1457 28711 152 336 184 176
29207 683 28927 219 280 61 33
29333 317 28707 396 626 230 58
29383 4348 29026 286 357 71 6
29383 586 29070 308 313 5 3
29427 4646 28954 224 473 249 6
29472 3800 29118 280 354 74 19
29552 2855 29219 261 333 72 9
29558 1296 29309 175 249 74 66
29558 2939 29551 5 7 2 2
29568 1182 29519 9 49 40 40
29606 3236 29527 30 79 49 49
29647 4786 29614 23 33 10 10
29651 749 28459 309 1192 883 0
29787 8 28271 413 1516 1103 15
29806 3864 29784 18 22 4 4
29810 256 29750 31 60 29 29
29869 4887 29575 257 294 37 9
29932 2732 29863 46 69 23 23
29945 4998 29752 98 193 95 72
29980 1701 29722 239 258 19 16
30035 4187 29970 54 65 11 11
30088 1348 29645 406 443 37 9
30234 1129 30020 64 214 150 150
30241 3816 29671 266 570 304 5
30248 3871 30179 68 69 1 1
30300 3414 30281 7 19 12 12
30362 843 29997 302 365 63 3
30373 3228 30206 133 167 34 28
30430 2925 30225 127 205 78 17
30448 1793 30028 224 420 196 8
30486 4615 29299 379 1187 808 10
30493 399 30479 10 14 4 4
30496 2559 29680 247 816 569 11
30540 625 29878 206 662 456 6
30646 4411 30017 499 629 130 16
30653 4839 29870 311 783 472 0
30708 1610 30704 4 4 0 0
30708 1540 30582 95 126 31 16
30734 3870 30700 33 34 1 1
30764 2716 30628 88 136 48 8
30793 1603 30778 1 15 14 14
30829 4399 29730 313 1099 786 757
30886 255 30654 206 232 26 0
30944 976 30892 34 52 18 18
30948 2068 30530 169 418 249 15
30962 681 28409 75 2553 2478 2478
31021 4219 30742 201 279 78 11
31087 4252 30540 412 547 135 19
31117 702 30873 179 244 65 6
31122 4051 29835 355 1287 932 19
31168 4674 31072 50 96 46 46
31308 4521 31151 138 157 19 18
31372 3294 31231 124 141 17 1
31472 2337 31177 278 295 17 8
31509 1352 31433 36 76 40 40
31559 777 31513 42 46 4 4
31616 332 31211 345 405 60 7
31747 751 31732 11 15 4 4
31763 2485 31084 357 679 322 39
31811 858 31381 398 430 32 0
31842 3802 31561 165 281 116 22
31866 3992 31597 183 269 86 10
31911 564 30999 413 912 499 378
31933 4233 31915 16 18 2 2
31945 4750 31658 210 287 77 0
31969 629 31880 40 89 49 49
32054 3709 31737 210 317 107 11
32094 3536 31763 179 331 152 3
32105 511 31769 285 336 51 4
32119 4435 31942 64 177 113 113
32147 1056 31954 159 193 34 3
32192 4108 32160 28 32 4 4
32217 1054 31538 440 679 239 152
32264 42 31446 428 818 390 64
32312 4644 32215 56 97 41 41
32408 2219 31999 274 409 135 0
32492 4613 28140 508 4352 3844 13
32503 1740 28397 461 4106 3645 17
32515 1356 31224 580 1291 711 33
32548 2172 32370 154 178 24 13
32638 4522 32523 51 115 64 64
32664 2687 31656 372 1008 636 24
32715 3160 32685 23 30 7 7
32773 3933 29539 332 3234 2902 32
32789 633 29254 329 3535 3206 0
32803 4489 32385 356 418 62 24
32914 4826 22262 78 10652 10574 10574
32975 4159 32920 45 55 10 10
32992 3462 32660 281 332 51 7
32993 1555 22707 334 10286 9952 13
33000 636 19015 314 13985 13671 117
33001 1651 32564 343 437 94 13
33058 3562 29044 343 4014 3671 18
33066 1713 21071 281 11995 11714 60
33193 1328 33004 112 189 77 55
33228 3873 24824 464 8404 7940 0
33269 1997 33081 158 188 30 0
33283 2751 27626 177 5657 5480 5
33301 1422 23219 228 10082 9854 9782
33373 865 33367 1 6 5 5
33380 1402 32365 133 1015 882 6
33446 3375 33175 178 271 93 19
33448 786 9170 564 24278 23714 14499
33489 4590 33337 144 152 8 0
33581 107 33006 345 575 230 61
33642 1435 33410 194 232 38 11
33666 341 3131 449 30535 30086 39
33685 1358 33248 272 437 165 36
33956 4574 33774 167 182 15 8
33991 4013 8723 368 25268 24900 24
34035 176 33769 209 266 57 5
34075 3036 33997 53 78 25 25
34182 412 34031 131 151 20 2
34241 2266 34162 74 79 5 5
34256 2036 34001 75 255 180 180
34423 4170 7950 581 26473 25892 25784
34432 4373 34092 243 340 97 9
34438 1622 33858 172 580 408 28
34545 1858 33898 374 647 273 138
34546 1788 33586 342 960 618 21
34603 2296 33864 265 739 474 94
34706 4322 34398 239 308 69 11
34771 2361 34369 312 402 90 56
34783 1030 34686 95 97 2 1
34844 4534 34531 263 313 50 10
34872 778 34633 187 239 52 12
34936 279 34880 15 56 41 41
34948 679 34427 296 521 225 5
34955 2094 34576 78 379 301 301
35029 3622 34637 295 392 97 15
35130 3785 11701 79 23429 23350 23350
35150 2024 35104 37 46 9 9
35207 473 8634 534 26573 26039 7
35272 923 34954 293 318 25 0
35322 449 35086 214 236 22 10
35415 769 11628 650 23787 23137 13
35431 1598 14891 413 20540 20127 3
35488 3407 13661 201 21827 21626 21612
35498 3290 35222 222 276 54 8
35522 4988 35250 227 272 45 13
35617 4431 35236 312 381 69 3
35695 3654 35643 39 52 13 13
35720 1786 35385 215 335 120 114
35759 2188 35397 211 362 151 8
35777 3372 35645 56 132 76 76
35807 834 35526 171 281 110 14
35911 3200 15580 281 20331 20050 19996
35930 4172 35515 321 415 94 8
35996 2211 35733 185 263 78 46
36083 1128 35753 249 330 81 7
36115 1456 35746 281 369 88 8
36140 555 35623 310 517 207 6
36158 1839 15889 399 20269 19870 2
36185 1634 15650 374 20535 20161 38
36211 1255 36034 149 177 28 14
36226 3266 36064 68 162 94 89
36266 2161 35627 360 639 279 214
36275 1218 35406 578 869 291 10
36291 1187 36263 16 28 12 12
36296 3381 36175 69 121 52 52
36355 3019 36181 117 174 57 5
36356 3883 36250 59 106 47 47
36430 4234 36227 180 203 23 0
36468 4240 36380 61 88 27 27
36529 626 36041 189 488 299 260
36559 848 36354 173 205 32 2
36602 966 35995 455 607 152 2
36606 2288 36442 103 164 61 27
36640 1341 36387 73 253 180 180
36715 2663 35780 345 935 590 22
36837 798 36062 265 775 510 97
37024 1004 17813 79 19211 19132 19132
37048 4119 36312 569 736 167 61
37096 1928 37085 10 11 1 1
37101 1161 37050 41 51 10 10
37119 4052 15828 293 21291 20998 277
37159 4221 37103 55 56 1 1
37338 2778 37041 66 297 231 231
37352 4878 37243 86 109 23 22
37376 3172 37309 23 67 44 44
37427 85 36457 511 970 459 12
37551 4462 37366 157 185 28 11
37562 3085 36366 479 1196 717 6
37575 2643 37564 11 11 0 0
37580 4529 37127 304 453 149 3
37596 2484 37024 436 572 136 59
37617 924 37475 114 142 28 17
37643 350 37581 59 62 3 3
37666 1932 37204 260 462 202 4
37669 3485 37073 178 596 418 74
37706 1266 37653 39 53 14 14
37742 4671 37381 130 361 231 37
37775 4073 37731 32 44 12 12
37834 3923 37717 95 117 22 17
37837 3268 37722 57 115 58 58
37856 2284 37844 6 12 6 6
37863 4158 36622 483 1241 758 17
37919 569 37812 78 107 29 23
37991 0 37829 56 162 106 106
38044 3929 37764 226 280 54 12
38087 4578 37248 463 839 376 259
38145 324 37753 272 392 120 5
38169 3902 37017 460 1152 692 2
38185 2413 37835 217 350 133 7
38258 4943 37688 313 570 257 19
38337 440 38163 89 174 85 7
38355 756 38238 103 117 14 1
38420 4821 38272 105 148 43 27
38458 18 38439 7 19 12 12
38469 4884 38406 42 63 21 21
38492 3184 38448 32 44 12 12
38565 2166 38193 296 372 76 47
38657 1696 37207 267 1450 1183 1131
38712 4796 38527 70 185 115 20
38722 805 38187 436 535 99 5
38788 138 38108 544 680 136 3
38799 2890 38420 195 379 184 1
38838 154 38406 264 432 168 160
38868 3326 38592 197 276 79 34
38869 1156 38828 30 41 11 11
38892 1469 38403 376 489 113 20
38901 1757 38610 234 291 57 12
38991 2242 38843 114 148 34 27
38992 4589 38573 280 419 139 5
39031 2724 38676 269 355 86 7
39081 4455 37699 568 1382 814 242
39107 4424 38649 293 458 165 96
39119 3217 39055 38 64 26 26
39196 4817 18843 269 20353 20084 43
39315 3853 37870 521 1445 924 3
39340 881 38728 274 612 338 314
39422 3900 39184 202 238 36 3
39431 2297 39386 44 45 1 1
39455 2811 39226 71 229 158 158
39530 3860 39273 74 257 183 183
39544 2371 39251 78 293 215 215
39640 1477 39565 62 75 13 13
39671 4132 39478 155 193 38 8
39685 2541 39478 134 207 73 14
39690 1888 39654 35 36 1 1
39711 4873 39436 250 275 25 2
39790 926 38644 465 1146 681 438
39833 3314 39730 62 103 41 41
39866 1823 39692 141 174 33 20
39933 1202 39590 293 343 50 7
39992 1629 39739 185 253 68 12
40059 58 39657 282 402 120 15
40173 755 39901 226 272 46 32
40212 4923 40131 38 81 43 43
40219 3824 39806 270 413 143 82
40254 342 39424 510 830 320 8
40282 1604 40106 109 176 67 2
40285 2895 40239 43 46 3 3
40287 4804 39956 257 331 74 37
40383 3371 40256 76 127 51 51
40499 898 40293 142 206 64 7
40517 1490 40138 323 379 56 5
40518 137 40319 103 199 96 16
40544 1799 39699 465 845 380 302
40619 2065 40522 48 97 49 49
40639 1015 40588 11 51 40 40
40652 2581 40340 192 312 120 16
40656 2249 40580 75 76 1 1
40702 3858 40693 8 9 1 1
40806 2091 40702 65 104 39 39
40821 4623 40415 232 406 174 160
40857 2313 40805 35 52 17 17
40901 4329 40891 10 10 0 0
40937 3199 40536 364 401 37 9
40986 1872 40665 272 321 49 35
41093 1242 40503 242 590 348 75
41099 2384 23436 457 17663 17206 22
41152 335 41123 26 29 3 3
41188 2770 41129 35 59 24 24
41302 1075 23175 463 18127 17664 9
41319 2228 40815 328 504 176 7
41373 3363 41326 46 47 1 1
41443 486 41275 133 168 35 28
41460 1318 41047 179 413 234 158
41532 1014 41215 238 317 79 8
41575 2102 41513 45 62 17 17
41614 3272 41030 452 584 132 70
41660 463 41654 5 6 1 1
41671 2439 41620 20 51 31 31
41681 47 41125 348 556 208 143
41728 3875 40714 517 1014 497 19
41907 19 41880 7 27 20 20
41933 4819 41618 75 315 240 240
41935 2226 41744 137 191 54 5
41972 4729 41420 388 552 164 1
41991 4604 41984 5 7 2 2
42042 2379 41567 337 475 138 9
42059 4321 42015 10 44 34 34
42069 645 41676 255 393 138 6
42073 2953 42008 23 65 42 42
42120 2432 41843 151 277 126 0
42126 3679 41464 391 662 271 118
42130 2100 24727 521 17403 16882 4
42306 1216 41995 136 311 175 173
42375 3629 42285 68 90 22 22
42449 2994 42357 68 92 24 24
42472 3396 42129 195 343 148 2
42590 2157 42358 190 232 42 9
42733 2349 24611 453 18122 17669 373
42751 391 42591 140 160 20 0
42755 1581 42637 100 118 18 3
42774 2673 42734 40 40 0 0
42839 2789 42832 6 7 1 1
42857 4153 42702 150 155 5 1
42903 3081 41955 304 948 644 499
43045 839 42338 603 707 104 3
43081 543 42908 160 173 13 9
43102 3341 42837 73 265 192 192
43159 2960 43111 33 48 15 15
43163 3357 42587 404 576 172 32
43164 2544 43128 16 36 20 20
43218 3925 42586 505 632 127 10
43280 4173 42499 334 781 447 78
43286 3854 42718 283 568 285 218
43287 1677 42934 320 353 33 0
43339 662 42869 401 470 69 27
43359 1739 43214 71 145 74 74
43378 4009 43316 57 62 5 2
43421 2109 43295 45 126 81 81
43504 611 43396 58 108 50 50
43531 4116 43510 4 21 17 17
43539 1474 43466 71 73 2 1
43539 2181 43515 10 24 14 14
43565 605 43403 119 162 43 33
43610 4059 42969 501 641 140 1
43627 216 43597 22 30 8 8
43745 2016 43659 66 86 20 14
43808 1940 43746 46 62 16 16
43842 1768 43455 177 387 210 36
43844 1265 43570 129 274 145 41
43929 4331 43048 293 881 588 40
44011 4110 43796 187 215 28 13
44021 1283 43639 269 382 113 61
44089 3505 43590 367 499 132 0
44166 3484 43576 411 590 179 51
44203 1898 42750 394 1453 1059 6
44230 4376 26222 261 18008 17747 16
44259 4925 43471 371 788 417 400
44312 4205 44167 77 145 68 66
44447 3815 44218 175 229 54 38
44495 4642 44165 280 330 50 2
44503 2801 44079 77 424 347 347
44522 3850 44467 26 55 29 29
44539 2414 44124 350 415 65 23
44603 333 44489 63 114 51 51
44667 2782 44594 63 73 10 10
44685 1362 15148 474 29537 29063 33
44740 1632 44724 1 16 15 15
44770 668 44062 520 708 188 36
44787 4164 44574 162 213 51 6
44820 1368 44493 195 327 132 42
44973 3697 44922 33 51 18 18
45015 2553 44814 154 201 47 7
45085 1203 44790 238 295 57 44
45131 2729 28865 178 16266 16088 16044
45131 4493 44783 253 348 95 5
45139 1832 44871 243 268 25 6
45165 2902 44631 439 534 95 19
45171 3526 45161 5 10 5 5
45185 1037 44986 154 199 45 15
45201 2545 45011 90 190 100 5
45286 1849 44965 252 321 69 4
45298 1145 45167 77 131 54 54
45333 3453 45065 206 268 62 14
45363 4980 45050 187 313 126 52
45465 1503 45435 22 30 8 8
45485 2011 45112 295 373 78 28
45661 4041 45450 118 211 93 79
45671 4869 45404 214 267 53 4
45682 2246 45322 239 360 121 39
45774 4115 45598 163 176 13 8
45811 1382 45637 145 174 29 18
45826 922 45347 384 479 95 74
45838 2263 45798 26 40 14 14
45841 3845 45670 109 171 62 2
45847 1450 45300 437 547 110 3
45980 1463 29009 420 16971 16551 16214
45997 3167 45596 330 401 71 5
46014 4918 45735 110 279 169 153
46055 652 44936 681 1119 438 107
46095 1698 45541 371 554 183 4
46107 3087 46048 51 59 8 8
46190 1663 45948 118 242 124 43
46250 2765 45740 397 510 113 10
46313 1746 46133 139 180 41 19
46349 3820 45915 367 434 67 23
46416 300 46161 66 255 189 189
46460 2736 45955 382 505 123 6
46464 2764 46391 47 73 26 26
46474 3512 46292 161 182 21 1
46481 1984 46094 256 387 131 11
46492 2133 46192 147 300 153 5
46584 4418 46390 160 194 34 1
46595 2280 46547 29 48 19 19
46713 2550 46254 376 459 83 10
46766 187 46393 175 373 198 192
46801 1408 46457 274 344 70 38
46918 1751 46501 239 417 178 24
46958 3095 46494 413 464 51 4
47001 2810 46982 11 19 8 8
47030 2813 46551 397 479 82 2
47171 2059 47013 136 158 22 4
47302 823 46398 123 904 781 2
47308 1562 47281 27 27 0 0
47338 3795 47287 35 51 16 16
47478 2022 46586 574 892 318 235
47493 2047 47420 44 73 29 29
47494 1619 47045 399 449 50 0
47530 4035 46544 426 986 560 5
47549 1249 47336 130 213 83 3
47580 4622 47478 96 102 6 1
47593 1019 46945 529 648 119 23
47601 3191 47491 82 110 28 4
47615 1747 33538 244 14077 13833 13731
47622 4025 47601 20 21 1 1
47737 2656 47703 9 34 25 25
47746 2916 46972 405 774 369 4
47757 792 47522 106 235 129 9
47792 727 47160 460 632 172 55
47852 1825 47840 3 12 9 9
47933 200 47422 72 511 439 439
47959 1190 47833 91 126 35 24
47999 4117 47938 39 61 22 22
48051 4656 47301 178 750 572 566
48090 573 47888 57 202 145 145
48118 3807 47740 210 378 168 3
48199 4580 47808 200 391 191 22
48216 516 48060 133 156 23 20
48315 3844 48007 275 308 33 7
48336 2912 48107 191 229 38 5
48383 2234 47875 383 508 125 39
48454 1291 48146 266 308 42 18
48545 2122 47939 455 606 151 24
48581 1229 48053 390 528 138 38
48593 193 48209 335 384 49 20
48618 3323 48609 4 9 5 5
48758 93 48622 127 136 9 1
48799 390 48751 43 48 5 5
48884 2167 48815 49 69 20 20
48902 2305 48075 139 827 688 684
48947 4243 48894 36 53 17 17
48979 649 48315 531 664 133 102
48983 4091 48867 69 116 47 47
49060 2802 48370 371 690 319 2
49068 160 47744 476 1324 848 9
49101 184 48359 215 742 527 478
49117 253 49102 15 15 0 0
49205 3953 49158 32 47 15 4
49256 2638 49202 36 54 18 18
49264 2858 49252 7 12 5 5
49451 682 48349 564 1102 538 17
49514 73 49151 292 363 71 3
49520 2380 49055 320 465 145 26
49529 276 49400 86 129 43 22
49677 2286 49062 492 615 123 23
49691 306 47427 193 2264 2071 245
49710 3796 49092 401 618 217 77
49831 2923 48711 380 1120 740 2
49852 3128 49724 52 128 76 76
49913 3285 48705 316 1208 892 825
49919 4183 49880 33 39 6 6
49962 650 49618 244 344 100 28
49974 1102 49651 212 323 111 49
50028 343 49945 65 83 18 18
50046 4993 49770 138 276 138 14
50104 2402 49462 506 642 136 5
50109 121 49802 263 307 44 7
50199 2571 50126 55 73 18 13
50264 1210 49969 171 295 124 115
50338 447 49887 294 451 157 92
50368 2160 50139 193 229 36 20
50394 4545 50187 181 207 26 13
50432 882 50098 259 334 75 7
50489 4339 50278 140 211 71 10
50492 3307 50299 157 193 36 0
50495 2632 50436 30 59 29 29
50545 4230 50253 184 292 108 44
50549 4672 50339 112 210 98 95
50574 1860 50437 100 137 37 12
50596 3989 50560 21 36 15 15
50628 4784 50585 28 43 15 9
50674 4990 50361 252 313 61 1
50751 1957 50387 259 364 105 6
50804 3037 50562 182 242 60 47
50968 4075 50366 394 602 208 41
50983 2113 49110 532 1873 1341 8
51028 4282 51007 10 21 11 11
51092 1502 50413 286 679 393 352
51101 3373 50865 63 236 173 173
51164 1194 50646 424 518 94 29
51171 4797 50808 272 363 91 38
51235 3602 51060 63 175 112 112
51245 3710 51122 78 123 45 43
51259 2444 51221 34 38 4 4
51281 3963 51122 112 159 47 30
51290 2475 51229 38 61 23 23
51378 1181 50459 419 919 500 34
51431 26 50717 361 714 353 19
51442 1648 37110 198 14332 14134 35
51556 4835 50622 371 934 563 7
51557 4779 51445 91 112 21 3
51557 464 51374 172 183 11 5
51600 4140 51216 327 384 57 4
51705 982 42874 111 8831 8720 4
51740 3985 37967 295 13773 13478 13427
51783 2704 51765 16 18 2 2
51786 4285 51640 62 146 84 84
51818 3698 51759 34 59 25 25
51844 4982 51745 38 99 61 61
51853 4968 51558 269 295 26 0
51875 1822 51638 165 237 72 2
51904 4394 34631 512 17273 16761 14
52076 203 43978 178 8098 7920 65
52181 1412 43251 540 8930 8390 30
52214 1401 51836 292 378 86 18
52228 4763 38258 538 13970 13432 1
52292 30 52090 176 202 26 19
52368 3557 52074 202 294 92 87
52391 4266 52271 87 120 33 22
52394 385 52357 25 37 12 12
52439 1078 52310 74 129 55 9
52463 4518 52400 49 63 14 14
52534 1444 51812 543 722 179 9
52697 2050 46348 376 6349 5973 5904
52787 2828 52166 492 621 129 16
52861 3726 52842 1 19 18 18
52897 3306 52360 309 537 228 87
52925 218 52290 461 635 174 31
53025 1657 52828 118 197 79 77
53044 1758 52606 283 438 155 5
53171 3143 52470 561 701 140 7
53338 1212 52533 470 805 335 178
53363 4833 53133 177 230 53 43
53417 3406 53361 44 56 12 12
53459 3297 52568 487 891 404 77
53618 2796 53384 184 234 50 17
53622 928 53280 280 342 62 7
53640 2929 53229 175 411 236 0
53757 615 53420 260 337 77 8
53793 3516 53735 44 58 14 14
53817 373 53802 11 15 4 4
53935 1237 53889 34 46 12 12
53966 1914 53852 73 114 41 31
53976 2633 53927 38 49 11 11
54049 1108 54036 8 13 5 5
54147 2111 54135 5 12 7 7
54213 1421 54089 109 124 15 13
54245 781 54197 32 48 16 16
54278 3240 53788 362 490 128 6
54282 3966 54165 85 117 32 0
54289 1120 53830 342 459 117 8
54315 1681 53631 455 684 229 13
54365 3440 53422 579 943 364 30
54439 3632 54231 71 208 137 137
54444 3879 53573 367 871 504 121
54453 1169 54197 235 256 21 5
54479 704 54445 34 34 0 0
54555 1228 52263 510 2292 1782 449
54637 219 52815 514 1822 1308 2
54693 2823 54689 3 4 1 1
54712 4303 54307 321 405 84 10
54715 3122 54672 21 43 22 22
54762 4112 54321 257 441 184 30
54763 2203 54611 126 152 26 3
54806 2495 54448 309 358 49 2
54814 1761 54453 331 361 30 1
54828 1692 54723 64 105 41 41
54850 1571 54543 248 307 59 10
55002 2684 54976 26 26 0 0
55093 233 54514 416 579 163 42
55120 4738 53980 207 1140 933 15
55138 302 54267 292 871 579 103
55157 3422 55138 18 19 1 1
55159 1785 54912 171 247 76 2
55195 1570 55009 153 186 33 11
55208 3617 54836 313 372 59 15
55257 4568 53839 386 1418 1032 36
55328 2594 55083 106 245 139 126
55341 1798 54999 262 342 80 4
55375 2808 55294 39 81 42 42
55410 5 55271 68 139 71 71
55463 3576 55190 209 273 64 6
55479 1390 54880 423 599 176 6
55493 2339 55288 148 205 57 52
55602 188 55317 185 285 100 1
55672 2491 55474 178 198 20 6
55677 4040 55527 74 150 76 76
55775 2997 52437 183 3338 3155 3
55781 2013 55613 120 168 48 7
55859 4722 55817 32 42 10 10
55943 2973 54695 78 1248 1170 1170
55949 4848 55888 19 61 42 42
55951 3946 55603 78 348 270 270
55980 4458 55138 402 842 440 36
55987 4708 52728 211 3259 3048 2979
55991 3155 55879 39 112 73 73
56038 793 55619 237 419 182 34
56061 1770 55995 39 66 27 27
56146 307 55773 237 373 136 2
56158 851 55525 347 633 286 43
56201 4714 53843 345 2358 2013 1951
56245 4547 56076 97 169 72 7
56253 4595 52847 505 3406 2901 15
56276 3437 55987 261 289 28 1
56348 84 56266 61 82 21 21
56379 1225 56092 246 287 41 2
56427 3913 56094 288 333 45 23
56481 2158 55947 330 534 204 45
56502 4603 55908 150 594 444 12
56545 4941 56460 52 85 33 33
56622 2474 56469 137 153 16 13
56623 2522 56268 292 355 63 9
56765 2743 56699 64 66 2 2
56836 247 55993 375 843 468 301
56840 3876 56559 177 281 104 64
56885 4200 56177 304 708 404 4
56924 616 55721 347 1203 856 61
56949 4057 46601 465 10348 9883 193
57010 4694 56577 395 433 38 4
57023 962 46833 364 10190 9826 80
57033 814 56900 59 133 74 74
57077 4191 56682 308 395 87 15
57143 1064 57038 75 105 30 4
57165 4972 56919 193 246 53 6
57373 2463 57263 68 110 42 42
57397 1355 57214 88 183 95 89
57419 445 57060 279 359 80 44
57425 7 47316 371 10109 9738 53
57426 4166 57367 52 59 7 7
57513 4427 56915 411 598 187 6
57620 1880 57574 39 46 7 7
57678 1933 57471 192 207 15 0
57774 3667 57377 359 397 38 16
57801 59 57791 9 10 1 1
57917 35 57851 58 66 8 8
57956 268 57739 138 217 79 61
57965 1534 57647 233 318 85 6
57969 2187 57370 410 599 189 2
58000 2634 57630 256 370 114 81
58036 1550 57883 70 153 83 83
58048 2628 57932 83 116 33 14
58116 3704 57618 123 498 375 3
58210 2072 57326 315 884 569 25
58213 2129 58075 76 138 62 59
58218 270 58157 33 61 28 28
58231 2125 58050 154 181 27 7
58265 3281 58212 51 53 2 2
58363 3893 58303 49 60 11 11
58387 2269 57412 360 975 615 227
58409 91 58354 40 55 15 15
58415 3972 58367 45 48 3 3
58591 2945 58476 103 115 12 8
58644 1176 58297 234 347 113 74
58722 404 58587 68 135 67 67
58759 2041 58620 106 139 33 30
58788 854 58542 213 246 33 7
58836 4985 58633 148 203 55 3
58904 832 58837 34 67 33 33
58925 67 57888 350 1037 687 552
58926 2792 58733 176 193 17 5
58948 592 58769 147 179 32 20
58960 2512 58907 34 53 19 19
59007 612 58704 253 303 50 6
59047 4760 59005 39 42 3 3
59080 3478 58740 279 340 61 9
59089 4296 58715 213 374 161 82
59176 3397 57419 519 1757 1238 202
59197 3671 58770 394 427 33 2
59209 2860 58103 264 1106 842 8
59228 2719 59048 133 180 47 1
59294 4307 59173 73 121 48 37
59364 4787 58394 245 970 725 22
59489 4270 59318 103 171 68 47
59594 2135 59315 185 279 94 64
59719 1157 58700 352 1019 667 511
59745 2844 59336 309 409 100 39
59800 1267 56942 473 2858 2385 94
59822 4890 59035 433 787 354 260
59850 3355 59442 369 408 39 9
59915 2243 59831 72 84 12 11
59928 56 59780 138 148 10 0
60053 113 59528 389 525 136 37
60100 4466 60078 11 22 11 11
60119 4921 59523 492 596 104 6
60170 2248 59865 266 305 39 9
60177 4664 60112 57 65 8 8
60206 3666 58045 514 2161 1647 4
60262 2678 57440 354 2822 2468 1
60273 4092 60050 174 223 49 42
60353 657 60080 248 273 25 2
60400 1817 60215 142 185 43 36
60419 3137 60398 18 21 3 3
60437 644 58527 294 1910 1616 1597
60510 4800 60193 148 317 169 161
60510 4258 60487 13 23 10 4
60602 1506 60467 58 135 77 77
60648 715 59319 290 1329 1039 120
60670 3501 60171 376 499 123 0
60700 1549 60270 323 430 107 22
60752 3230 60726 10 26 16 1
60817 1516 60398 329 419 90 22
60877 562 59872 304 1005 701 679
60896 3020 60405 119 491 372 0
60912 808 58915 399 1997 1598 1549
60988 1738 60839 79 149 70 28
61009 2489 60763 182 246 64 13
61036 157 60764 223 272 49 10
61094 1577 60737 227 357 130 9
61095 207 60873 147 222 75 5
61149 2874 61065 53 84 31 31
61328 2721 61305 22 23 1 1
61340 2473 60929 277 411 134 84
61348 2224 61076 182 272 90 66
61355 4587 61165 134 190 56 36
61362 4900 61145 192 217 25 0
61401 4184 61237 128 164 36 35
61494 430 60953 165 541 376 50
61546 1937 61033 384 513 129 26
61607 3664 60924 375 683 308 42
61757 4437 61229 288 528 240 28
61798 1981 61299 354 499 145 64
61836 3627 61254 416 582 166 39
61900 4382 61563 244 337 93 34
61932 2088 61491 369 441 72 4
61955 2744 61885 54 70 16 16
61974 2934 61763 190 211 21 4
62041 1558 61549 223 492 269 41
62045 1627 61619 72 426 354 354
62078 981 61706 339 372 33 6
62093 2429 61664 354 429 75 5
62104 2614 61864 163 240 77 3
62128 1605 61290 440 838 398 112
62218 3251 61927 276 291 15 11
62260 2264 62169 55 91 36 36
62272 3527 62262 4 10 6 6
62346 1024 62323 19 23 4 4
62361 1160 61397 181 964 783 578
62369 29 61944 281 425 144 5
62381 3955 62311 40 70 30 13
62392 4064 62335 42 57 15 15
62443 2651 61349 493 1094 601 0
62461 2430 61988 351 473 122 41
62471 680 62423 27 48 21 21
62502 1750 61828 460 674 214 29
62517 16 61049 426 1468 1042 147
62526 2527 62376 133 150 17 6
62527 371 62260 173 267 94 1
62531 1112 62492 28 39 11 11
62643 2177 62350 216 293 77 60
62675 2162 61859 355 816 461 10
62693 774 62530 122 163 41 2
62805 3625 62561 207 244 37 18
62835 1091 62435 220 400 180 93
62845 541 62756 74 89 15 15
62911 36 62484 357 427 70 43
62938 33 62707 215 231 16 4
62966 2679 62518 390 448 58 2
63029 4077 62983 18 46 28 28
63069 4842 62894 152 175 23 18
63085 152 62993 44 92 48 48
63089 4703 62880 133 209 76 74
63171 496 63129 31 42 11 11
63179 4906 62468 460 711 251 83
63203 436 62860 207 343 136 119
63340 1676 63320 9 20 11 11
63353 4717 63164 172 189 17 16
63374 2396 62799 328 575 247 47
63467 2499 63262 178 205 27 14
63505 993 47940 395 15565 15170 37
63519 4586 63507 1 12 11 11
63543 3313 63474 44 69 25 25
63755 2185 63431 219 324 105 75
63772 566 63634 99 138 39 5
63808 124 63778 27 30 3 3
63840 3024 63442 315 398 83 3
63893 2470 63804 73 89 16 5
63917 2951 63890 23 27 4 4
63936 72 63374 359 562 203 151
63947 3988 49887 273 14060 13787 105
64099 142 63849 150 250 100 3
64224 703 63995 190 229 39 11
64242 4500 64024 171 218 47 27
64339 479 48626 604 15713 15109 15075
64370 1795 64222 56 148 92 92
64393 499 63743 525 650 125 13
64431 3300 63921 463 510 47 8
64434 205 64266 126 168 42 29
64638 1596 64113 452 525 73 4
64669 238 64167 172 502 330 329
64705 2897 64604 66 101 35 35
64707 2903 64150 297 557 260 159
64735 1103 64011 308 724 416 1
64743 2807 64037 431 706 275 4
64744 3646 64020 144 724 580 2
64749 4479 63998 162 751 589 579
64777 2207 64734 33 43 10 10
64870 99 64147 215 723 508 14
64927 472 64812 69 115 46 46
65048 984 64736 284 312 28 0
65058 2648 64456 471 602 131 8
65114 3635 65066 47 48 1 1
65151 493 64960 143 191 48 10
65170 13 64206 76 964 888 888
65201 1628 64797 334 404 70 36
65297 3531 65218 65 79 14 14
65328 272 65179 87 149 62 23
65428 4511 65366 57 62 5 5
65440 2291 65236 166 204 38 15
65494 2596 65249 210 245 35 6
65561 2696 65261 148 300 152 19
65601 2002 65099 404 502 98 16
65628 1893 65447 167 181 14 7
65678 1268 65642 33 36 3 2
65701 890 65321 187 380 193 6
65760 2896 65287 190 473 283 265
65796 1424 65605 148 191 43 13
65805 3441 65764 26 41 15 15
65861 3054 65757 63 104 41 41
65865 3102 65423 385 442 57 10
65889 4924 65675 151 214 63 22
65890 2615 65846 24 44 20 20
65911 4438 65422 411 489 78 7
66038 2003 65970 26 68 42 5
66063 163 65346 197 717 520 23
66065 4033 64449 183 1616 1433 680
66180 2039 66105 40 75 35 35
66199 3852 66150 45 49 4 4
66295 3159 66013 217 282 65 29
66310 970 66170 120 140 20 16
66347 4700 66204 137 143 6 0
66407 2130 66160 182 247 65 40
66434 206 65865 389 569 180 123
66465 3431 66017 293 448 155 8
66484 4349 66355 109 129 20 12
66488 687 66287 139 201 62 61
66523 570 66423 82 100 18 5
66525 366 66464 59 61 2 2
66764 1641 65894 535 870 335 38
66814 4249 66287 178 527 349 290
66851 3607 66552 257 299 42 8
66937 2304 66854 51 83 32 32
66956 2720 66592 63 364 301 301
66978 1116 66657 136 321 185 164
67001 876 66605 103 396 293 18
67003 132 66625 313 378 65 20
67017 4524 66658 288 359 71 8
67067 837 67001 49 66 17 17
67091 3766 66925 146 166 20 3
67105 4920 66515 223 590 367 9
67175 4050 66740 356 435 79 21
67175 850 67055 62 120 58 58
67209 1364 66886 66 323 257 257
67245 889 66435 543 810 267 0
67283 3244 66587 209 696 487 43
67330 741 67285 39 45 6 6
67456 647 67225 186 231 45 0
67460 2508 66999 408 461 53 6
67496 4801 67494 1 2 1 1
67498 1703 67219 221 279 58 37
67528 891 67265 199 263 64 19
67551 1774 67338 172 213 41 4
67578 361 67266 238 312 74 44
67618 3751 66856 437 762 325 197
67659 1830 66695 326 964 638 5
67664 609 67650 4 14 10 10
67730 1063 67146 380 584 204 4
67777 345 67319 327 458 131 50
67850 3 67616 205 234 29 3
67862 1438 67751 75 111 36 36
67906 3690 67457 388 449 61 26
67910 2375 66178 249 1732 1483 1457
67956 1410 67924 28 32 4 4
67996 3014 67979 15 17 2 2
68007 3665 66169 163 1838 1675 1668
68042 1547 67916 68 126 58 58
68063 2067 67796 217 267 50 25
68084 3655 66640 361 1444 1083 69
68094 2497 67947 76 147 71 71
68161 628 68099 60 62 2 2
68161 2287 68020 76 141 65 44
68170 510 67909 218 261 43 2
68237 745 67864 314 373 59 47
68310 4882 68274 29 36 7 7
68392 2363 68162 218 230 12 9
68469 2510 67714 571 755 184 33
68488 544 68146 242 342 100 16
68524 3353 66681 386 1843 1457 14
68586 2949 68050 391 536 145 35
68665 2466 64935 388 3730 3342 6
68692 971 68201 390 491 101 21
68732 2983 67970 452 762 310 0
68744 3530 67997 266 747 481 0
68894 2205 68872 10 22 12 12
68965 2975 68717 218 248 30 16
69009 4598 68499 419 510 91 45
69015 2899 68972 38 43 5 5
69022 4248 68389 498 633 135 4
69052 4966 68944 69 108 39 39
69077 299 68714 315 363 48 14
69108 1067 68871 182 237 55 12
69133 1105 52220 199 16913 16714 16649
69191 2372 68260 389 931 542 10
69224 4179 69017 192 207 15 6
69299 1 68901 235 398 163 115
69307 4087 69286 7 21 14 14
69347 2509 69124 77 223 146 146
69378 2938 69344 30 34 4 4
69386 347 69096 155 290 135 13
69432 1720 69316 97 116 19 4
69528 729 69356 108 172 64 3
69625 1697 69319 268 306 38 15
69627 1383 69467 146 160 14 2
69683 3247 69047 416 636 220 6
69694 119 69631 27 63 36 36
69718 1312 69682 34 36 2 2
69752 4118 69080 507 672 165 5
69876 862 69433 168 443 275 19
69892 1375 69541 189 351 162 65
69935 3642 69614 67 321 254 254
69984 3211 69556 68 428 360 360
70027 3884 69741 257 286 29 12
70059 11 69413 310 646 336 40
70097 2625 69479 190 618 428 16
70184 4449 69032 514 1152 638 22
70201 2500 69902 71 299 228 228
70203 2572 69492 316 711 395 16
70254 517 69758 413 496 83 6
70301 3393 70181 54 120 66 66
70312 2120 69773 278 539 261 111
70320 3823 70307 9 13 4 4
70348 4506 70199 137 149 12 3
70373 3261 70082 261 291 30 16
70376 996 70325 28 51 23 23
70463 2216 70285 161 178 17 0
70467 4676 70212 137 255 118 101
70486 3029 70466 18 20 2 2
70551 1003 70409 46 142 96 96
70561 2537 70545 16 16 0 0
70683 3237 70351 234 332 98 23
70690 1885 70631 57 59 2 0
70722 1409 70604 54 118 64 64
70772 4304 70632 103 140 37 25
70866 1256 70073 422 793 371 8
70870 1567 70594 232 276 44 33
70902 4028 70873 16 29 13 13
70912 2038 70188 159 724 565 6
70947 3827 70784 116 163 47 5
70960 186 70860 57 100 43 43
70968 614 70860 63 108 45 45
71028 1733 70409 275 619 344 13
71089 2514 70174 393 915 522 203
71103 1563 70997 79 106 27 15
71132 4880 70420 264 712 448 33
71177 252 70825 318 352 34 2
71205 3387 69505 72 1700 1628 1628
71225 1079 71193 19 32 13 13
71240 767 70527 356 713 357 304
71254 1427 71203 28 51 23 23
71336 4129 71301 28 35 7 7
71353 3790 71069 231 284 53 35
71431 4542 70936 362 495 133 48
71484 4265 69535 596 1949 1353 1
71531 3996 71362 152 169 17 2
71583 3769 70421 535 1162 627 71
71600 1876 70933 345 667 322 28
71647 3094 71572 33 75 42 42
71676 2524 70617 381 1059 678 565
71705 3836 69673 512 2032 1520 26
71747 2900 71476 245 271 26 9
71808 4612 71686 61 122 61 12
71873 4599 71756 64 117 53 53
71885 2803 71299 157 586 429 415
71914 4465 69239 312 2675 2363 2
71971 638 71753 154 218 64 39
72008 1955 69934 387 2074 1687 2
72075 49 71967 104 108 4 0
72082 1764 71331 507 751 244 6
72106 738 71531 373 575 202 1
72160 1206 72123 14 37 23 23
72162 3379 71441 464 721 257 66
72185 1766 71190 78 995 917 917
72238 1515 69134 358 3104 2746 0
72251 2885 72181 60 70 10 6
72297 1087 53823 79 18474 18395 18395
72320 118 70726 293 1594 1301 51
72377 3049 72242 58 135 77 77
72452 4640 53841 509 18611 18102 226
72483 407 72350 91 133 42 15
72553 3471 72018 350 535 185 65
72562 326 54779 309 17783 17474 17448
72605 4505 72332 140 273 133 123
72610 3538 72377 177 233 56 1
72640 2611 72498 90 142 52 31
72652 4898 72411 172 241 69 42
72700 2299 72563 131 137 6 0
72731 3773 72638 80 93 13 3
72750 4981 72702 23 48 25 25
72826 4386 72675 75 151 76 76
72851 1993 72685 128 166 38 16
72855 2733 72827 19 28 9 9
72921 2359 54633 428 18288 17860 14
72938 2092 72747 156 191 35 3
73010 1317 72971 31 39 8 8
73156 4856 73096 42 60 18 18
73165 3405 72906 207 259 52 33
73345 4663 72941 157 404 247 36
73353 4441 55488 489 17865 17376 17172
73358 3042 56704 404 16654 16250 15966
73383 1578 73359 24 24 0 0
73418 2927 73017 255 401 146 25
73446 4104 72692 539 754 215 40
73575 3987 72776 217 799 582 83
73615 1423 73466 112 149 37 0
73697 502 73675 10 22 12 12
73714 4554 73096 394 618 224 30
73760 3589 73426 241 334 93 72
73766 2183 73748 5 18 13 13
73879 1300 73829 29 50 21 21
73933 1772 72991 478 942 464 5
74000 234 73473 422 527 105 16
74014 1420 73612 252 402 150 17
74068 1006 74005 41 63 22 22
74100 3942 73614 372 486 114 27
74201 2879 74060 128 141 13 9
74240 761 74076 93 164 71 14
74362 4745 73769 408 593 185 12
74375 4582 74124 143 251 108 71
74420 2519 74207 175 213 38 3
74459 1135 74037 362 422 60 0
74475 4389 74085 157 390 233 230
74497 3421 74208 173 289 116 8
74572 459 74537 25 35 10 10
74706 3855 74396 288 310 22 4
74760 3358 74655 85 105 20 7
74773 894 74634 97 139 42 11
74831 2918 74396 422 435 13 3
74847 353 74830 15 17 2 2
74963 2613 74489 372 474 102 28
74971 501 74690 215 281 66 8
74979 1883 74943 33 36 3 3
75011 87 74547 237 464 227 162
75016 1489 74978 36 38 2 2
75025 1807 74882 122 143 21 10
75062 4624 74883 139 179 40 2
75092 1170 74552 467 540 73 15
75100 2174 74860 180 240 60 23
75116 3090 75097 15 19 4 4
75125 4693 74844 256 281 25 12
75129 183 74874 155 255 100 64
75159 393 74514 426 645 219 9
75166 1804 74615 349 551 202 158
75195 4699 75057 69 138 69 69
75200 2033 75089 70 111 41 41
75214 3588 75144 54 70 16 16
75283 529 75267 6 16 10 10
75313 1954 74655 73 658 585 585
75331 3365 75303 23 28 5 5
75384 3112 75179 173 205 32 21
75455 2627 75243 149 212 63 9
75555 4074 75363 165 192 27 22
75577 2077 75284 240 293 53 4
75646 1787 75528 68 118 50 50
75687 518 75603 28 84 56 56
75704 4718 74530 524 1174 650 43
75734 4138 74562 200 1172 972 920
75741 4510 75596 94 145 51 21
75762 1904 74113 389 1649 1260 17
75809 1433 75690 93 119 26 15
75837 3309 75650 165 187 22 21
75839 2440 75635 163 204 41 13
75895 784 74182 455 1713 1258 1150
75902 3806 75366 414 536 122 89
75925 1541 75861 46 64 18 18
75998 3432 58327 408 17671 17263 28
76078 4343 64391 79 11687 11608 11608
76244 1351 65015 183 11229 11046 11037
76288 3312 76111 148 177 29 28
76316 3460 63342 523 12974 12451 4
76348 421 62163 422 14185 13763 13675
76391 190 76062 286 329 43 6
76469 2164 75959 343 510 167 21
76476 2740 76423 44 53 9 9
76505 1470 76294 154 211 57 52
76505 4014 76352 67 153 86 86
76581 4929 76131 75 450 375 375
76633 801 75981 424 652 228 16
76682 3784 76282 315 400 85 7
76866 3467 76419 259 447 188 163
77011 3105 76755 179 256 77 1
77015 292 76650 246 365 119 2
77086 4550 76628 419 458 39 6
77227 4065 76566 540 661 121 10
77254 3903 76280 340 974 634 508
77295 3012 76813 327 482 155 51
77326 2773 77203 83 123 40 30
77355 1359 76010 439 1345 906 0
77375 250 76797 227 578 351 290
77398 4280 77053 279 345 66 8
77432 732 77000 365 432 67 11
77507 2279 77431 68 76 8 8
77514 2839 77133 167 381 214 9
77585 2386 77342 199 243 44 16
77619 1988 77600 4 19 15 15
77661 2748 77573 67 88 21 13
77712 4464 77163 318 549 231 198
77738 1172 77320 297 418 121 7
77825 3253 76791 409 1034 625 2
77848 598 77817 22 31 9 9
77870 4994 77853 16 17 1 1
77962 133 77624 299 338 39 14
77962 757 77820 124 142 18 7
77963 1589 77659 266 304 38 3
78005 2837 77750 152 255 103 78
78091 3174 78000 72 91 19 19
78097 51 77893 76 204 128 128
78143 1580 77834 200 309 109 37
78157 2849 78054 47 103 56 56
78162 2777 78060 90 102 12 11
78172 3909 77949 180 223 43 14
78198 1642 78001 188 197 9 5
78303 3413 76906 363 1397 1034 8
78412 1903 78276 72 136 64 64
78468 766 77691 548 777 229 0
78478 351 78413 55 65 10 10
78523 663 78463 44 60 16 16
78536 3567 78511 23 25 2 2
78564 4688 78352 74 212 138 138
78582 2258 78048 419 534 115 71
78590 470 78521 53 69 16 16
78640 3224 78325 223 315 92 10
78716 640 77702 590 1014 424 11
78792 1722 78502 209 290 81 30
78823 2478 77230 483 1593 1110 19
78856 3748 78613 133 243 110 68
78888 4287 78868 11 20 9 9
78913 4017 78603 210 310 100 52
78981 3539 78237 613 744 131 26
79024 3906 79005 15 19 4 4
79031 4977 78657 339 374 35 3
79058 3491 79024 33 34 1 1
79177 4160 78268 388 909 521 477
79201 4439 78859 221 342 121 18
79226 1640 79138 52 88 36 36
79241 2389 78981 140 260 120 64
79270 690 79200 68 70 2 2
79301 460 79224 55 77 22 22
79379 4262 78865 408 514 106 28
79415 3071 79353 58 62 4 4
79460 956 78765 521 695 174 26
79464 2516 78927 206 537 331 40
79471 2121 78846 487 625 138 9
79535 3038 79121 349 414 65 25
79566 3712 78195 509 1371 862 4
79615 2426 78806 503 809 306 38
79777 397 79728 43 49 6 6
79802 829 79790 11 12 1 1
79820 3687 79623 153 197 44 3
79831 4484 79610 190 221 31 0
79882 3319 79714 123 168 45 15
79887 3092 79831 42 56 14 1
79933 3612 79729 173 204 31 13
79961 4620 79678 235 283 48 9
79997 2637 79578 339 419 80 24
80009 546 79345 148 664 516 3
80093 1803 65893 162 14200 14038 19
80192 4850 79502 527 690 163 31
80279 2965 80119 141 160 19 17
80314 4503 79587 382 727 345 225
80326 2283 80283 8 43 35 35
80402 3764 80307 57 95 38 38
80431 4359 65416 424 15015 14591 61
80443 3659 80345 68 98 30 30
80443 2853 80134 192 309 117 64
80454 1756 80311 114 143 29 16
80481 3825 80028 282 453 171 4
80485 41 80037 391 448 57 7
80516 776 80220 155 296 141 18
80554 3328 80380 144 174 30 21
80674 1059 80577 78 97 19 18
80700 1543 80541 111 159 48 14
80735 919 80543 149 192 43 20
80740 2866 80152 397 588 191 29
80741 1005 80671 61 70 9 9
80767 364 70949 79 9818 9739 9739
80774 4154 69746 263 11028 10765 47
80831 2032 80780 25 51 26 26
80848 3424 80696 105 152 47 45
80923 170 80721 121 202 81 21
80984 4370 80485 415 499 84 32
81025 1680 80816 175 209 34 11
81074 287 80717 301 357 56 37
81168 532 72364 139 8804 8665 3
81328 733 81248 50 80 30 16
81354 2417 73553 271 7801 7530 28
81357 542 72194 362 9163 8801 17
81390 4456 80721 513 669 156 54
81423 1990 81245 119 178 59 14
81470 3330 81416 25 54 29 29
81479 955 81073 311 406 95 2
81526 847 81422 96 104 8 2
81550 3681 81479 70 71 1 1
81561 3686 81360 76 201 125 125
81590 3702 81208 328 382 54 6
81592 748 81413 155 179 24 0
81661 2029 81492 90 169 79 28
81695 3193 81048 509 647 138 19
81704 372 81660 42 44 2 2
81830 1615 81767 38 63 25 25
81838 1529 81707 122 131 9 4
81857 3374 81664 179 193 14 5
81909 785 81726 118 183 65 39
81912 3219 81784 74 128 54 47
81964 1688 81369 360 595 235 27
82031 454 81962 44 69 25 25
82044 283 82003 39 41 2 2
82066 1691 81721 182 345 163 5
82076 3030 81615 363 461 98 31
82117 3735 82102 13 15 2 2
82145 4368 81878 166 267 101 1
82162 3283 81959 161 203 42 40
82210 1329 82116 62 94 32 30
82259 150 81925 291 334 43 0
82290 4696 81972 163 318 155 41
82290 1245 82247 39 43 4 4
82311 4244 82262 20 49 29 29
82322 339 81726 222 596 374 136
82335 1480 81501 569 834 265 83
82361 1342 82328 25 33 8 8
82363 189 81753 480 610 130 3
82399 476 82375 24 24 0 0
82456 2494 82372 34 84 50 50
82475 1781 82445 10 30 20 20
82479 4945 82427 50 52 2 2
82530 2171 82380 101 150 49 48
82543 166 82204 173 339 166 13
82650 2538 82619 27 31 4 4
82681 4901 82157 416 524 108 1
82718 4380 82510 165 208 43 34
82728 4227 82344 311 384 73 10
82752 2336 82418 195 334 139 131
82775 2552 82723 46 52 6 6
82782 859 81990 205 792 587 585
82922 3817 82767 105 155 50 49
82966 2144 82720 199 246 47 33
83001 1026 82291 548 710 162 4
83013 3995 82951 35 62 27 27
83053 185 82422 377 631 254 80
83065 2090 81901 349 1164 815 12
83078 4984 82953 101 125 24 9
83138 389 83109 18 29 11 11
83165 599 82920 225 245 20 3
83196 400 82456 528 740 212 1
83247 994 83115 117 132 15 1
83313 3391 83159 58 154 96 96
83321 988 83059 185 262 77 7
83348 3937 83230 109 118 9 3
83388 4133 83351 30 37 7 7
83440 3343 83204 209 236 27 0
83466 1847 83027 377 439 62 0
83625 3772 83402 165 223 58 46
83672 2617 83537 108 135 27 22
83679 4460 83097 359 582 223 156
83705 3316 83084 391 621 230 1
83742 1690 83714 14 28 14 14
83793 990 83735 48 58 10 10
83943 4645 83775 103 168 65 33
83985 4632 83331 490 654 164 2
83997 4508 83922 50 75 25 25
84026 2006 83792 176 234 58 8
84037 3857 84023 10 14 4 4
84132 3249 83397 73 735 662 662
84137 1583 83073 266 1064 798 6
84197 3195 84165 32 32 0 0
84251 1041 84052 108 199 91 7
84326 4015 84175 102 151 49 17
84350 2507 84143 152 207 55 10
84382 1662 84011 291 371 80 22
84387 1809 83240 482 1147 665 594
84426 3750 83920 257 506 249 2
84447 730 83955 402 492 90 43
84568 180 84224 231 344 113 41
84595 2353 84418 151 177 26 3
84605 1149 83987 398 618 220 51
84637 3761 84202 160 435 275 241
84681 3543 83087 75 1594 1519 1519
84684 913 84669 12 15 3 3
84721 2189 84388 254 333 79 0
84743 74 83121 369 1622 1253 277
84783 720 84475 268 308 40 11
84798 2388 84614 144 184 40 24
84808 1700 84139 343 669 326 7
84848 2577 83638 331 1210 879 2
84991 4082 84874 70 117 47 12
85040 2629 84854 73 186 113 113
85063 3720 83568 404 1495 1091 112
85071 758 74188 539 10883 10344 44
85097 3114 85001 49 96 47 47
85121 2374 84694 221 427 206 155
85223 2450 74835 314 10388 10074 7
85279 1316 85041 175 238 63 27
85286 271 75088 437 10198 9761 151
85297 4319 85079 182 218 36 19
85364 2737 84855 390 509 119 32
85364 3874 85189 166 175 9 8
85487 771 85428 48 59 11 11
85494 4470 85374 68 120 52 52
85501 114 85302 141 199 58 49
85545 2583 85078 336 467 131 59
85551 920 85081 322 470 148 41
85584 2338 85431 123 153 30 2
85596 105 85435 109 161 52 3
85663 1533 85537 78 126 48 48
85775 3528 85381 302 394 92 7
85843 2917 85628 182 215 33 22
85856 3350 85493 266 363 97 2
85909 381 85821 65 88 23 23
85938 375 85819 96 119 23 3
85982 1429 85830 120 152 32 12
86162 1377 76799 131 9363 9232 9202
86190 1912 86150 34 40 6 6
86301 1559 85878 326 423 97 14
86477 870 86444 30 33 3 3
86493 2350 86490 1 3 2 2
86515 4404 86160 313 355 42 6
86541 3814 86144 265 397 132 83
86545 3540 85964 457 581 124 19
86615 4448 86355 60 260 200 200
86630 4975 86449 124 181 57 34
86653 1434 86541 64 112 48 48
86658 4409 86648 4 10 6 6
86676 3210 80721 559 5955 5396 129
86680 1191 86469 159 211 52 50
86758 3550 86136 262 622 360 89
86792 2322 86626 115 166 51 5
86854 2513 86235 292 619 327 114
86903 1039 86657 150 246 96 2
86915 3039 86752 148 163 15 0
87022 3473 86717 274 305 31 4
87030 2971 86519 234 511 277 196
87051 3885 86314 388 737 349 12
87068 4724 86343 508 725 217 4
87166 4934 86949 176 217 41 0
87182 4526 87165 15 17 2 2
87188 1565 87141 16 47 31 31
87282 4913 86835 319 447 128 4
87349 1235 87001 258 348 90 22
87395 2768 86326 367 1069 702 10
87445 3789 87343 54 102 48 48
87466 4749 87065 381 401 20 16
87530 4677 87000 412 530 118 51
87559 2644 87114 382 445 63 8
87632 3107 87024 325 608 283 7
87688 1882 87028 336 660 324 64
87727 4917 87495 167 232 65 30
87785 895 87737 46 48 2 2
87808 2539 87648 51 160 109 109
87877 4267 87554 279 323 44 6
87928 4297 87381 335 547 212 1
87969 594 87956 1 13 12 12
87989 296 87808 125 181 56 47
88005 2045 87731 236 274 38 21
88019 4181 87761 65 258 193 193
88074 3680 87672 291 402 111 56
88094 181 87275 379 819 440 18
88194 1906 87992 143 202 59 14
88379 4066 88335 32 44 12 12
88509 304 88141 268 368 100 26
88524 1152 88023 399 501 102 4
88627 857 88266 328 361 33 10
88647 3221 88377 219 270 51 26
88716 2190 88314 319 402 83 66
88721 164 88545 151 176 25 10
88766 2650 88375 170 391 221 4
88812 3346 88586 206 226 20 1
88883 4358 88418 237 465 228 3
88892 722 88771 110 121 11 4
88909 2798 88794 99 115 16 9
88910 4691 88187 589 723 134 4
88992 2862 88590 164 402 238 233
89099 2421 89056 24 43 19 19
89105 3837 88987 93 118 25 21
89114 3060 89104 8 10 2 2
89144 4241 88517 297 627 330 41
89175 2278 89129 26 46 20 20
89184 1877 89037 123 147 24 14
89295 4952 88845 316 450 134 48
89335 2040 89279 39 56 17 17
89380 4818 88043 318 1337 1019 37
89399 3062 89110 217 289 72 66
89423 3803 89402 17 21 4 4
89428 4841 89304 112 124 12 4
89469 3116 89417 45 52 7 7
89478 3832 89019 386 459 73 10
89515 44 88622 520 893 373 6
89534 2445 89115 321 419 98 30
89548 2847 89483 59 65 6 6
89696 2692 87502 581 2194 1613 131
89697 2908 88454 72 1243 1171 1171
89818 4758 89714 45 104 59 59
89856 419 89350 263 506 243 120
89886 488 89665 179 221 42 30
89902 4286 89881 15 21 6 6
89921 1413 89839 54 82 28 28
89975 3074 88697 144 1278 1134 7
90005 2609 89748 233 257 24 10
90009 719 87993 306 2016 1710 1558
90017 3910 89828 163 189 26 9
90048 498 89763 139 285 146 6
90071 2252 89628 336 443 107 32
90107 4494 89441 491 666 175 94
90143 2974 90109 20 34 14 14
90162 3707 90055 58 107 49 49
90230 2348 90169 53 61 8 8
90291 1273 89817 379 474 95 2
90381 3931 88776 386 1605 1219 6
90383 4659 90068 228 315 87 40
90408 254 88831 400 1577 1177 31
90520 2293 90142 295 378 83 2
90618 1995 90265 270 353 83 18
90643 369 89342 315 1301 986 38
90653 789 87620 381 3033 2652 7
90682 1441 90616 55 66 11 11
90760 1560 90398 303 362 59 25
90772 4392 90616 138 156 18 3
90819 2308 89631 412 1188 776 26
90868 3104 90673 135 195 60 48
90905 2182 90681 70 224 154 154
90959 2060 90562 282 397 115 62
90982 3400 90918 44 64 20 5
91042 4593 90969 42 73 31 31
91157 892 90640 380 517 137 14
91158 1508 91143 3 15 12 12
91172 696 91108 40 64 24 24
91177 1669 91136 19 41 22 22
91284 4316 90773 306 511 205 96
91444 1167 91397 26 47 21 13
91465 567 91054 294 411 117 2
91495 2575 91476 11 19 8 8
91609 4206 91572 30 37 7 7
91643 3688 91383 148 260 112 90
91664 57 87435 558 4229 3671 6
91688 2567 91119 439 569 130 54
91748 81 91223 374 525 151 43
91767 1635 91752 1 15 14 14
91770 3517 91164 390 606 216 6
91781 2354 91347 271 434 163 7
91807 914 91655 114 152 38 36
91827 3264 91651 132 176 44 38
91906 3563 90983 581 923 342 118
91908 2936 91863 33 45 12 12
91929 1426 91909 20 20 0 0
91972 4537 91438 256 534 278 144
91982 4242 91244 283 738 455 6
92055 4290 91842 159 213 54 32
92176 2152 92118 54 58 4 4
92233 1306 92032 162 201 39 24
92301 448 92095 67 206 139 139
92318 1514 92078 201 240 39 5
92319 2069 91648 492 671 179 2
92333 4666 87894 372 4439 4067 9
92364 4600 92363 1 1 0 0
92400 1782 92286 51 114 63 63
92588 4702 92300 228 288 60 34
92613 457 92318 253 295 42 2
92664 4314 92557 50 107 57 57
92735 3809 92033 517 702 185 23
92746 3065 92190 321 556 235 191
92782 2014 92549 153 233 80 76
92788 4707 92719 58 69 11 4
92850 358 92666 140 184 44 25
92873 3157 92696 135 177 42 40
92888 38 92834 37 54 17 17
92931 2580 92248 392 683 291 4
92961 425 92846 84 115 31 28
93007 1136 92408 297 599 302 24
93034 2145 92967 65 67 2 2
93095 3684 92596 429 499 70 41
93119 4838 92401 491 718 227 0
93130 3808 93013 94 117 23 19
93158 2409 92784 322 374 52 8
93233 2835 93099 104 134 30 17
93295 3805 92993 140 302 162 138
93418 747 92692 381 726 345 77
93435 2151 93264 121 171 50 32
93439 48 93374 29 65 36 36
93452 4846 93272 94 180 86 33
93456 2800 93140 258 316 58 19
93496 782 92997 355 499 144 38
93504 653 93006 305 498 193 114
93512 4788 93182 170 330 160 75
93702 3255 93184 381 518 137 50
93723 336 93688 26 35 9 9
93764 4237 93697 57 67 10 10
93777 2833 93433 250 344 94 75
93829 819 93678 148 151 3 2
93853 2244 93536 207 317 110 18
93901 2019 93404 361 497 136 77
93934 376 93730 119 204 85 35
93966 4859 93414 365 552 187 26
94011 871 93665 181 346 165 55
94047 707 93939 88 108 20 3
94085 2383 94018 37 67 30 30
94133 3833 93061 453 1072 619 1
94147 3181 94130 13 17 4 4
94168 208 93511 261 657 396 345
94269 3202 93654 319 615 296 178
94274 355 94235 34 39 5 5
94286 3736 94179 76 107 31 29
94402 4832 94309 71 93 22 12
94417 2788 93010 398 1407 1009 968
94548 45 94257 254 291 37 18
94668 1910 94625 37 43 6 6
94674 1886 94205 343 469 126 21
94710 4802 94075 456 635 179 7
94739 1199 94477 188 262 74 6
94763 1843 94629 52 134 82 82
94783 3570 94658 53 125 72 72
94888 4114 94743 127 145 18 13
94905 2498 94443 341 462 121 5
94950 1643 94103 503 847 344 66
94971 4719 94541 250 430 180 8
95024 4451 94907 71 117 46 46
95105 4374 92678 75 2427 2352 2352
95112 2110 94852 192 260 68 2
95122 1099 94296 462 826 364 44
95179 4734 93161 211 2018 1807 19
95207 3590 94358 571 849 278 1
95294 1682 94954 319 340 21 18
95352 4379 95323 20 29 9 9
95413 3661 94533 538 880 342 207
95430 508 95364 66 66 0 0
95459 1655 95371 39 88 49 49
95471 3270 95194 153 277 124 2
95533 4735 93266 348 2267 1919 1791
95574 429 95504 45 70 25 25
95586 4366 95407 145 179 34 7
95696 3636 95121 432 575 143 12
95748 3794 95709 34 39 5 5
95755 4189 95163 523 592 69 17
95820 1036 95678 111 142 31 19
95832 1320 94373 76 1459 1383 1383
95903 4444 95848 55 55 0 0
95904 2784 95801 65 103 38 38
96048 548 95979 60 69 9 4
96086 1530 95655 333 431 98 61
96106 4768 96041 57 65 8 8
96175 3756 95989 118 186 68 13
96191 4148 95797 373 394 21 0
96211 2141 95945 150 266 116 103
96296 4713 95646 497 650 153 42
96329 4162 87972 411 8357 7946 48
96335 4777 87542 533 8793 8260 547
96452 4000 91227 402 5225 4823 25
96494 75 96277 188 217 29 15
96554 2306 96413 124 141 17 4
96615 1539 96127 372 488 116 39
96649 4306 96486 149 163 14 9
96650 2630 96086 97 564 467 423
96668 4001 96635 18 33 15 15
96789 4292 96610 163 179 16 6
96795 3801 88637 623 8158 7535 7296
96825 117 96311 423 514 91 19
96841 4951 96366 405 475 70 13
96872 3208 96582 220 290 70 0
96901 3016 96636 173 265 92 74
96949 129 96895 47 54 7 7
96998 1178 96743 146 255 109 3
97027 490 96747 70 280 210 210
97029 3509 96825 165 204 39 1
97074 3162 97000 45 74 29 29
97121 2490 96988 69 133 64 49
97210 2438 96728 318 482 164 29
97317 1659 97141 162 176 14 11
97355 54 96898 385 457 72 5
97363 3072 97326 33 37 4 4
97364 3242 97049 218 315 97 10
97419 1500 96842 467 577 110 0
97425 2727 97140 145 285 140 123
97492 2180 96754 256 738 482 79
97518 3450 97368 121 150 29 21
97590 4385 96889 341 701 360 3
97766 2277 97074 394 692 298 1
97786 2468 97764 21 22 1 1
97807 2169 97654 130 153 23 18
97815 3080 97743 43 72 29 13
97827 2200 97740 63 87 24 0
97836 2569 97806 20 30 10 10
97903 2209 97844 37 59 22 22
97915 3779 91746 77 6169 6092 6092
97995 489 91477 262 6518 6256 94
97998 4778 97529 381 469 88 9
98071 3333 98070 1 1 0 0
98076 4775 93880 185 4196 4011 69
98093 3334 97515 421 578 157 84
98099 3171 98077 22 22 0 0
98173 3611 98127 46 46 0 0
98181 3229 98041 60 140 80 80
98251 4922 97900 224 351 127 4
98356 273 97937 283 419 136 5
98382 1962 97869 327 513 186 46
98392 1440 98098 267 294 27 2
98437 277 98179 181 258 77 5
98482 3026 98393 59 89 30 0
98618 3203 98318 245 300 55 2
98621 83 98422 152 199 47 38
98644 3691 98258 292 386 94 1
98657 3418 97992 524 665 141 0
98661 2433 98454 192 207 15 3
98783 4905 98674 99 109 10 8
98808 3179 98616 150 192 42 29
98836 145 98791 27 45 18 18
98845 1621 98594 160 251 91 4
98852 3007 98559 162 293 131 8
98932 4692 98908 21 24 3 3
99013 2688 98687 251 326 75 19
99048 191 98439 464 609 145 28
99129 2641 98826 261 303 42 13
99133 3711 99094 39 39 0 0
99285 3549 98802 392 483 91 44
99382 482 98713 196 669 473 5
99383 1784 99366 17 17 0 0
99420 1815 99410 10 10 0 0
99536 4811 99027 396 509 113 29
99575 2702 99444 103 131 28 3
99632 1837 99585 32 47 15 15
99654 1315 99540 108 114 6 3
99669 1911 99656 13 13 0 0
99725 2071 99689 23 36 13 13
99732 3186 99588 131 144 13 1
99774 1985 99606 115 168 53 6
99809 3851 99633 137 176 39 37
99899 550 99503 242 396 154 30
99910 1391 99479 343 431 88 21
99912 2607 99399 329 513 184 23
99917 3429 99886 10 31 21 21
99979 4395 99593 66 386 320 320
