192 9355 7 136 185 49 0
346 4439 329 17 17 0 0
404 9197 346 29 58 29 29
506 7748 474 25 32 7 7
598 9867 557 40 41 1 0
655 4360 596 22 59 37 37
697 6436 571 29 126 97 97
800 6597 757 32 43 11 11
849 7992 779 27 70 43 43
1054 8624 986 23 68 45 38
1170 504 1099 69 71 2 0
1192 9122 422 36 770 734 705
1218 214 1006 144 212 68 62
1255 7970 805 36 450 414 414
1378 5631 1371 6 7 1 1
1645 9966 1372 32 273 241 241
1668 4248 1627 22 41 19 19
1952 4196 1433 192 519 327 236
2012 5655 1854 77 158 81 32
2058 7785 1990 67 68 1 0
2137 6534 2106 18 31 13 13
2386 1529 2377 9 9 0 0
2426 5915 1819 183 607 424 0
2474 4448 2303 141 171 30 17
2486 9936 2469 11 17 6 0
2523 1551 2456 45 67 22 4
2693 1423 2398 109 295 186 29
2721 8434 2670 27 51 24 24
2741 4039 2713 19 28 9 9
2959 9465 2882 76 77 1 0
2978 2463 2879 29 99 70 0
3078 6035 3057 21 21 0 0
3205 2392 2270 36 935 899 899
3422 7241 3283 118 139 21 0
3759 3683 3757 2 2 0 0
3795 1312 3759 18 36 18 18
3862 1622 3856 6 6 0 0
3974 995 2343 108 1631 1523 1259
4130 71 4084 23 46 23 23
4145 4140 4127 14 18 4 4
4242 1920 3938 122 304 182 37
4341 7355 4337 4 4 0 0
4471 5492 4468 3 3 0 0
4669 6673 4536 108 133 25 18
4700 7603 4600 99 100 1 0
4801 7038 3980 33 821 788 742
5210 8539 4987 192 223 31 16
5212 2734 5211 1 1 0 0
5297 2698 5284 12 13 1 1
5512 5668 5245 246 267 21 0
5520 1774 5220 175 300 125 0
5562 2502 5556 6 6 0 0
5656 838 5637 13 19 6 6
5696 886 5678 14 18 4 4
5914 3330 5900 14 14 0 0
6080 7346 5876 184 204 20 2
6132 4086 6108 20 24 4 4
6151 7058 5954 115 197 82 71
6236 509 6199 21 37 16 3
6277 235 6164 27 113 86 73
6327 4228 6304 17 23 6 6
6379 8703 6042 32 337 305 305
6428 9214 6377 26 51 25 3
6559 1165 6556 3 3 0 0
6623 1887 4633 34 1990 1956 1949
6710 5137 6451 158 259 101 80
6814 1756 6699 78 115 37 36
7054 6370 6611 211 443 232 0
7171 8223 7069 75 102 27 7
7237 5556 7103 32 134 102 102
7317 4995 7314 3 3 0 0
7352 4318 7332 20 20 0 0
7376 6327 7352 23 24 1 1
7448 7559 7430 18 18 0 0
7514 3593 7486 22 28 6 6
7940 8552 5010 35 2930 2895 2816
8015 6528 7974 29 41 12 1
8192 9739 6845 132 1347 1215 140
8386 7240 7735 35 651 616 616
8489 8216 8398 75 91 16 14
8526 1945 3607 156 4919 4763 0
8728 3161 8533 28 195 167 167
8839 7366 8809 26 30 4 4
9005 255 8905 22 100 78 25
9179 3179 9168 11 11 0 0
9200 1352 8624 34 576 542 529
9301 1535 9079 143 222 79 40
9331 4328 9320 11 11 0 0
9412 3627 9392 10 20 10 10
9475 4684 9328 82 147 65 53
9507 3767 9504 3 3 0 0
9527 904 9443 25 84 59 33
9686 8052 9580 69 106 37 21
9883 9534 9766 64 117 53 10
9904 7031 9892 12 12 0 0
9976 33 5369 208 4607 4399 0
10305 1138 10244 27 61 34 34
10595 3729 10482 88 113 25 11
10698 6970 10673 18 25 7 7
10873 5085 10868 5 5 0 0
10909 2328 10825 28 84 56 56
11342 6203 11330 12 12 0 0
11491 747 11111 150 380 230 7
11580 3516 11558 14 22 8 8
11685 564 11478 186 207 21 14
11764 6791 11395 188 369 181 0
11827 2248 11791 29 36 7 7
12153 131 12144 9 9 0 0
12169 3381 11963 182 206 24 7
12204 3182 12196 8 8 0 0
12342 6012 12330 12 12 0 0
12447 611 12342 101 105 4 1
12538 4283 12501 28 37 9 9
12551 400 12544 7 7 0 0
12620 4990 12600 20 20 0 0
12622 1251 12580 41 42 1 0
12703 2359 11774 137 929 792 0
12764 4061 11848 316 916 600 0
12855 7853 12837 9 18 9 9
13130 9518 12804 115 326 211 0
13178 8559 12946 31 232 201 201
13315 7886 13241 20 74 54 54
13341 1485 13235 25 106 81 81
13368 2529 13303 26 65 39 39
13516 746 13463 45 53 8 0
13531 202 13510 7 21 14 0
13872 1530 12710 86 1162 1076 1031
14076 7026 14058 18 18 0 0
14113 3446 14029 29 84 55 23
14301 3080 14219 77 82 5 4
14327 9973 14312 12 15 3 3
14342 4650 14319 14 23 9 9
14364 4326 14322 18 42 24 21
14431 7313 14219 32 212 180 37
14667 480 14654 11 13 2 2
14693 7436 14630 25 63 38 38
14731 2313 14624 93 107 14 5
15037 3484 14655 33 382 349 340
15104 5076 15064 20 40 20 20
15341 9927 14608 354 733 379 124
15440 7368 15424 10 16 6 6
15465 1675 14799 34 666 632 239
15559 3630 15545 14 14 0 0
15883 1526 15882 1 1 0 0
15902 714 12867 154 3035 2881 1727
16082 2284 15370 34 712 678 678
16165 6337 14085 135 2080 1945 0
16285 790 10706 36 5579 5543 5543
16359 6494 12013 36 4346 4310 4310
16577 8881 16500 68 77 9 7
16661 728 16654 7 7 0 0
16911 5594 16770 115 141 26 8
16968 3318 16948 20 20 0 0
17056 3619 17035 17 21 4 4
17585 3554 17501 19 84 65 65
17668 2497 17552 28 116 88 88
17792 9865 17437 225 355 130 0
17836 9993 17816 20 20 0 0
17871 3459 17864 7 7 0 0
17945 5592 17489 31 456 425 425
18082 6340 17968 68 114 46 17
18116 7275 17011 164 1105 941 196
18203 8208 18098 85 105 20 19
18389 7357 18143 167 246 79 31
18460 2382 18429 18 31 13 0
18544 5008 18469 22 75 53 53
18614 707 17082 122 1532 1410 0
18709 3315 18436 32 273 241 162
18729 3610 18655 19 74 55 55
18759 7624 18751 8 8 0 0
18769 533 18685 29 84 55 45
18828 8691 18821 7 7 0 0
18844 7775 18649 94 195 101 0
18912 6326 18900 12 12 0 0
19089 2117 19006 75 83 8 7
19388 632 19123 216 265 49 0
19531 2067 18991 121 540 419 340
19684 1654 15052 69 4632 4563 0
19814 8898 19791 17 23 6 6
19867 4941 19846 18 21 3 3
20023 29 16518 50 3505 3455 3436
20073 4647 14313 104 5760 5656 151
20232 3931 20228 4 4 0 0
20422 1133 20369 52 53 1 0
20456 7389 20450 6 6 0 0
20588 3820 20397 32 191 159 159
20745 3414 20728 17 17 0 0
20818 1176 20728 27 90 63 63
21121 8956 21107 10 14 4 4
21152 1457 20893 197 259 62 45
21269 5859 21261 4 8 4 4
21305 7258 21289 11 16 5 5
21318 3088 21300 12 18 6 6
21493 8599 21448 16 45 29 29
21538 5675 21514 15 24 9 9
21790 1907 21465 54 325 271 41
21892 3914 21884 6 8 2 2
21998 3226 21928 26 70 44 44
22167 8495 21413 35 754 719 698
22331 7102 22215 26 116 90 90
22665 4771 22575 89 90 1 0
22813 7187 19475 36 3338 3302 3302
22835 8993 22818 17 17 0 0
22876 1760 22801 27 75 48 13
22893 8522 22862 16 31 15 15
23144 3824 18358 158 4786 4628 1949
23235 8700 22986 200 249 49 26
23448 8790 23440 8 8 0 0
23521 2134 23505 11 16 5 5
23535 2710 23534 1 1 0 0
23757 9013 23605 81 152 71 0
23936 1779 23930 6 6 0 0
24133 8014 21383 36 2750 2714 2714
24258 8560 3372 37 20886 20849 20849
24303 9904 24271 25 32 7 7
24334 9108 22938 75 1396 1321 1246
24355 8551 24321 14 34 20 14
24382 4753 24377 5 5 0 0
24557 8500 24554 3 3 0 0
24813 4394 24803 10 10 0 0
25082 5481 5382 159 19700 19541 19332
25119 2595 25057 26 62 36 26
25165 185 25152 13 13 0 0
25216 7247 24888 150 328 178 0
25293 702 25208 24 85 61 61
25691 8584 25665 25 26 1 0
25987 2799 25917 18 70 52 32
26070 9299 24988 165 1082 917 658
26144 4336 26132 6 12 6 6
26184 7008 25938 107 246 139 133
26295 5962 26214 30 81 51 51
26312 849 26295 16 17 1 1
26394 9259 26189 147 205 58 30
26459 1072 26432 22 27 5 5
26683 7961 26679 4 4 0 0
26763 2473 26752 11 11 0 0
26788 4265 26326 176 462 286 0
26929 5769 26735 178 194 16 4
26959 4350 26876 29 83 54 54
27091 6323 25201 89 1890 1801 24
27129 3400 26985 100 144 44 8
27154 1542 27146 8 8 0 0
27185 3434 27158 14 27 13 13
27226 810 27167 23 59 36 36
27253 4113 27235 12 18 6 0
27316 6746 27251 25 65 40 26
27336 8105 27306 19 30 11 11
27395 7128 27320 25 75 50 17
27455 7747 27418 25 37 12 12
27484 842 27409 28 75 47 47
27636 6592 26538 49 1098 1049 1048
27700 7698 27297 125 403 278 258
27721 4654 27670 20 51 31 31
27747 4806 27664 25 83 58 58
27853 4357 27633 29 220 191 29
27889 4385 27669 35 220 185 185
27985 3885 6433 37 21552 21515 21515
28041 8663 28031 10 10 0 0
28217 6722 27036 94 1181 1087 875
28510 470 28419 88 91 3 2
28568 3467 7244 37 21324 21287 21238
28717 4042 28514 192 203 11 0
28830 4344 28766 35 64 29 29
29111 5135 8309 37 20802 20765 20756
29283 7701 29213 28 70 42 28
29303 5286 29186 115 117 2 1
29439 9144 29373 36 66 30 30
29614 1291 16284 37 13330 13293 13293
29727 315 16667 148 13060 12912 29
29755 5585 29730 25 25 0 0
29805 3613 29792 13 13 0 0
29808 3959 29804 2 4 2 2
29865 1403 29844 17 21 4 4
30038 3802 30022 16 16 0 0
30439 3436 30346 31 93 62 41
30802 6247 30516 178 286 108 49
30835 7569 30833 2 2 0 0
30904 9003 30897 7 7 0 0
31017 4485 30992 25 25 0 0
31125 1102 31036 80 89 9 8
31161 9468 31135 19 26 7 7
31222 616 31135 27 87 60 60
31358 4110 31325 27 33 6 0
31522 9285 31494 19 28 9 6
31653 8017 31585 27 68 41 41
31766 1955 31689 29 77 48 48
31800 1394 31786 14 14 0 0
32073 6731 32059 9 14 5 0
32092 3639 32080 7 12 5 5
32102 1212 32084 9 18 9 9
32112 8406 32100 9 12 3 3
32123 2278 32060 46 63 17 0
32150 8294 32140 10 10 0 0
32167 3091 32009 84 158 74 0
32173 745 32172 1 1 0 0
32197 4203 31589 35 608 573 412
32305 3201 31452 80 853 773 13
32345 1179 32340 5 5 0 0
32442 843 32427 11 15 4 4
32472 4391 32440 23 32 9 3
32562 9942 32529 18 33 15 4
32771 5513 32768 3 3 0 0
32935 7049 32934 1 1 0 0
32943 2333 32897 25 46 21 7
32962 9332 32946 12 16 4 4
33025 8346 33022 3 3 0 0
33047 7009 33024 11 23 12 12
33170 3205 17928 37 15242 15205 15169
33287 1428 32951 237 336 99 25
33388 3359 33373 10 15 5 5
33408 9668 33342 19 66 47 47
33481 6848 33458 11 23 12 12
33516 9235 33506 10 10 0 0
33676 5295 33649 15 27 12 12
33705 6056 33686 11 19 8 0
33842 5578 33431 62 411 349 337
33864 6332 33854 10 10 0 0
33925 6388 33325 32 600 568 568
34060 684 33336 33 724 691 691
34076 850 34055 15 21 6 6
34181 6412 34162 19 19 0 0
34423 7621 34420 3 3 0 0
34481 8878 34465 16 16 0 0
34516 8828 33628 107 888 781 0
34680 1080 34560 118 120 2 0
35055 7881 35022 16 33 17 17
35063 773 34894 140 169 29 23
35101 2063 35080 11 21 10 10
35219 839 35217 2 2 0 0
35235 1922 35198 25 37 12 8
35268 1453 35249 13 19 6 6
35502 3062 35436 34 66 32 32
35812 4662 35756 25 56 31 31
35898 6394 35741 146 157 11 4
36035 2003 35882 134 153 19 17
36207 3980 35851 28 356 328 269
36381 5052 36348 28 33 5 5
36418 9227 36162 33 256 223 220
36566 1469 36454 109 112 3 0
36779 9021 36738 24 41 17 14
36922 8698 36019 152 903 751 26
37060 1666 36490 84 570 486 433
37439 6686 37407 16 32 16 16
37490 8213 37432 37 58 21 8
37706 8142 37611 22 95 73 73
37743 8519 37621 22 122 100 100
37780 1985 37773 7 7 0 0
37804 6672 37779 23 25 2 2
37936 3518 37829 91 107 16 1
37975 2554 37921 22 54 32 32
38091 4116 37750 91 341 250 154
38163 257 37348 434 815 381 11
38167 3791 38161 3 6 3 3
38217 4830 38207 10 10 0 0
38349 7934 38331 17 18 1 1
38376 5384 38255 30 121 91 52
38485 7974 38458 16 27 11 11
38932 9361 38817 31 115 84 62
39081 8988 39050 15 31 16 16
39112 3474 39109 3 3 0 0
39205 2875 39196 9 9 0 0
39466 6649 37444 71 2022 1951 323
39502 3018 37221 147 2281 2134 1406
39534 2296 39517 17 17 0 0
39730 5034 39681 39 49 10 9
39762 5146 39747 9 15 6 6
39798 3869 39783 15 15 0 0
39852 6599 39813 18 39 21 17
39933 1112 39558 28 375 347 347
39962 6565 39729 28 233 205 205
39994 4658 39521 31 473 442 442
40116 4254 40108 8 8 0 0
40212 1734 40209 3 3 0 0
40348 97 40308 20 40 20 20
40381 1809 40328 32 53 21 21
40605 3893 40599 6 6 0 0
40678 3023 40646 19 32 13 13
40768 424 40764 2 4 2 2
40809 4278 40794 12 15 3 3
41072 7973 40415 323 657 334 0
41217 7842 40738 33 479 446 446
41276 8832 41252 24 24 0 0
41892 2835 41830 24 62 38 38
42025 3578 41598 99 427 328 295
42034 4895 42033 1 1 0 0
42079 1962 42075 4 4 0 0
42254 2716 41541 103 713 610 1
42369 7721 42340 24 29 5 5
42453 1565 42448 5 5 0 0
42601 1316 42054 152 547 395 104
42672 7583 42480 93 192 99 59
42768 3223 42693 60 75 15 5
42890 7290 42689 102 201 99 1
42915 1149 42913 2 2 0 0
42972 8645 42801 104 171 67 12
42993 7037 42960 20 33 13 13
43020 5303 43006 14 14 0 0
43136 5048 43041 32 95 63 60
43152 693 43139 13 13 0 0
43505 6707 43499 4 6 2 2
43551 3590 43538 12 13 1 1
43785 2096 43750 23 35 12 12
43835 8714 43818 14 17 3 3
43851 3364 42425 148 1426 1278 1277
44024 5415 42357 35 1667 1632 1567
44039 6576 44020 14 19 5 5
44205 5128 44105 30 100 70 70
44377 8511 44303 66 74 8 0
44460 8520 44402 26 58 32 32
44758 4850 44535 123 223 100 22
44788 9962 44769 19 19 0 0
44814 4492 44381 34 433 399 378
44856 5719 44666 34 190 156 149
45061 3108 45047 14 14 0 0
45131 4593 36740 172 8391 8219 98
45158 8244 44956 165 202 37 2
45396 9654 45391 5 5 0 0
45447 4981 45195 160 252 92 9
45479 3453 45459 18 20 2 2
45573 9187 45448 107 125 18 0
45650 9218 45359 113 291 178 0
45757 7544 45735 11 22 11 11
45897 2226 45096 150 801 651 224
45961 7632 45607 34 354 320 314
46051 7802 46000 29 51 22 22
46193 2218 46192 1 1 0 0
46212 1933 46194 18 18 0 0
46329 7661 46126 34 203 169 169
46541 4690 46435 97 106 9 5
46721 9183 46705 11 16 5 5
46910 3057 46857 28 53 25 25
46945 9812 46742 34 203 169 169
47034 5219 46993 21 41 20 20
47059 8990 47007 24 52 28 28
47083 5073 47070 13 13 0 0
47151 1159 47096 22 55 33 33
47313 7578 47020 195 293 98 40
47331 7851 47298 17 33 16 16
47337 91 46949 260 388 128 0
47404 1240 47041 33 363 330 330
47503 2960 47429 25 74 49 11
47543 9216 47499 23 44 21 21
47633 8647 47581 25 52 27 27
48003 5896 47946 33 57 24 0
48170 1260 47938 93 232 139 132
48224 4657 48189 15 35 20 12
48250 3557 48206 25 44 19 19
48279 3066 48193 75 86 11 0
48400 5224 48089 33 311 278 162
48465 1247 48333 129 132 3 0
48525 3618 48520 5 5 0 0
48595 221 48542 52 53 1 0
48610 7962 48400 108 210 102 1
48658 8318 48611 26 47 21 0
48691 9064 48260 32 431 399 399
48798 8379 48513 272 285 13 0
48824 8747 47868 114 956 842 0
48861 9988 38338 36 10523 10487 10487
48876 8172 48861 14 15 1 1
49021 2310 49011 6 10 4 4
49065 6737 49003 25 62 37 37
49104 7607 48942 106 162 56 1
49621 8696 49605 16 16 0 0
49717 3137 42312 140 7405 7265 7253
49771 9322 49760 6 11 5 0
49797 2881 43791 175 6006 5831 5811
50022 2636 50020 1 2 1 1
50222 7083 50055 119 167 48 4
50528 8672 50524 4 4 0 0
50663 4605 50662 1 1 0 0
50710 8249 50709 1 1 0 0
50715 4541 50502 33 213 180 177
50792 8985 50780 12 12 0 0
50817 1355 50779 24 38 14 14
50862 4353 49941 116 921 805 792
50951 3695 50947 4 4 0 0
51006 6664 50051 77 955 878 854
51067 6702 51039 15 28 13 13
51196 1763 50753 289 443 154 0
51290 1996 50499 98 791 693 19
51349 5500 51009 312 340 28 0
51496 8907 51436 28 60 32 9
51847 8570 51809 25 38 13 13
52000 1107 51822 137 178 41 26
52056 1701 52044 12 12 0 0
52088 1465 51979 24 109 85 57
52116 5980 51331 248 785 537 19
52558 5267 52550 5 8 3 3
52792 642 52676 110 116 6 0
52887 5110 52455 33 432 399 399
52953 2606 52928 18 25 7 7
53006 5551 52586 126 420 294 10
53008 4919 53006 1 2 1 1
53123 2671 53073 30 50 20 0
53606 7238 45513 218 8093 7875 7739
53748 9162 53732 13 16 3 0
53769 4641 53637 114 132 18 0
53815 6768 53764 21 51 30 30
53858 6139 53835 23 23 0 0
53917 151 53869 23 48 25 25
54239 630 54003 131 236 105 0
54581 6260 54542 14 39 25 25
54595 1632 54570 13 25 12 12
54721 6427 54702 19 19 0 0
54814 4432 53741 104 1073 969 0
54961 3189 54927 27 34 7 7
55208 6408 55148 32 60 28 0
55277 86 55018 198 259 61 6
55324 6479 55317 7 7 0 0
55330 8385 55328 2 2 0 0
55346 2919 55223 114 123 9 0
55363 464 55247 93 116 23 3
55666 3707 55593 24 73 49 20
55692 1074 55656 25 36 11 11
55886 3821 55862 19 24 5 5
55967 2594 55536 94 431 337 1
56022 6325 55730 112 292 180 178
56109 7125 56098 10 11 1 1
56166 8966 56149 17 17 0 0
56253 9849 55984 164 269 105 0
56337 4146 56304 19 33 14 14
56573 4331 56550 16 23 7 7
56588 5391 56522 55 66 11 10
56610 1198 56579 15 31 16 0
56634 5555 56621 11 13 2 2
56760 6423 56557 27 203 176 176
57139 5249 56986 137 153 16 0
57152 3288 57106 21 46 25 20
57216 5795 57188 27 28 1 0
57249 8070 57242 7 7 0 0
57320 9249 57251 62 69 7 0
57348 5759 57221 27 127 100 100
57367 8491 57332 18 35 17 17
57474 7079 57390 27 84 57 43
57747 7577 56433 151 1314 1163 0
57760 4859 56298 120 1462 1342 74
57826 3464 57728 97 98 1 0
57882 4643 57870 6 12 6 6
58024 7845 58009 15 15 0 0
58090 8135 57806 227 284 57 5
58241 7611 56565 60 1676 1616 1599
58297 4354 58223 30 74 44 19
58350 2614 58317 25 33 8 8
58497 9508 58412 75 85 10 1
58730 9517 57183 190 1547 1357 1340
58778 8654 58727 25 51 26 26
58784 5637 56201 110 2583 2473 2472
58809 8859 58684 89 125 36 25
58851 9787 58824 16 27 11 0
59127 5068 59019 32 108 76 76
59145 9582 59132 7 13 6 6
59196 4095 59072 34 124 90 56
59238 8854 57733 254 1505 1251 1203
59297 5288 59278 16 19 3 3
59310 1285 59241 57 69 12 0
59419 6825 59305 34 114 80 61
59501 764 59492 9 9 0 0
59636 4030 59499 69 137 68 16
59805 5673 59731 65 74 9 8
59827 980 59793 26 34 8 1
59845 3136 59758 65 87 22 1
60025 5852 60016 9 9 0 0
60116 9189 60109 7 7 0 0
60185 3671 60072 94 113 19 0
60268 3314 59980 91 288 197 154
60336 3368 59693 109 643 534 516
60349 3209 60327 12 22 10 10
60489 1606 60428 22 61 39 21
60679 8724 60556 108 123 15 9
60741 926 56073 102 4668 4566 74
60961 7183 59137 35 1824 1789 1730
61101 6555 61073 18 28 10 1
61497 8362 61496 1 1 0 0
61891 4759 61859 21 32 11 11
62079 1478 61930 114 149 35 23
62138 4805 62098 39 40 1 0
62149 8315 61682 74 467 393 107
62224 7781 62199 16 25 9 9
62307 3831 62182 30 125 95 82
62422 2627 62354 27 68 41 26
62593 9684 62577 8 16 8 8
62617 6176 62601 16 16 0 0
62684 6484 62629 32 55 23 22
62767 299 62735 28 32 4 3
62921 4390 62878 24 43 19 19
63076 6495 63030 29 46 17 17
63096 1679 63065 19 31 12 12
63235 5011 63110 97 125 28 4
63246 3910 63013 226 233 7 0
63305 3899 63278 24 27 3 3
63526 4115 63360 145 166 21 13
63545 7209 62519 33 1026 993 717
63617 1720 60745 35 2872 2837 2829
63790 3326 63698 53 92 39 13
63797 9373 63785 6 12 6 6
64151 686 64120 20 31 11 11
64390 6419 64375 15 15 0 0
64448 2609 49403 36 15045 15009 14967
64522 5905 64462 54 60 6 0
64689 4080 51513 122 13176 13054 51
64784 4082 64674 109 110 1 0
64865 8311 50837 230 14028 13798 13763
64922 7874 64685 219 237 18 5
65000 9386 64844 120 156 36 22
65014 6872 65010 4 4 0 0
65286 1094 65239 46 47 1 0
65308 6587 65295 8 13 5 5
65348 116 65153 151 195 44 1
65378 1439 65376 2 2 0 0
65395 1507 65333 26 62 36 32
65434 3742 65250 29 184 155 146
65639 9100 65431 168 208 40 38
65664 1516 65605 27 59 32 15
65864 231 56169 191 9695 9504 9054
65902 8417 65752 115 150 35 26
66011 3306 65961 31 50 19 19
66247 6734 66161 67 86 19 18
66279 6010 66241 17 38 21 21
66339 4415 66337 2 2 0 0
66499 3158 66497 2 2 0 0
66590 7861 66367 89 223 134 109
66621 440 66570 17 51 34 34
66642 5074 66641 1 1 0 0
66645 9170 66612 10 33 23 20
66803 8242 66335 284 468 184 62
66866 9995 66828 27 38 11 2
66941 7658 66621 261 320 59 1
67166 173 66946 112 220 108 0
67230 7844 67224 6 6 0 0
67239 8132 67117 28 122 94 72
67340 3958 67333 7 7 0 0
67416 9102 67411 3 5 2 2
67477 9173 67460 10 17 7 7
67546 3782 66575 34 971 937 937
67622 2983 66604 34 1018 984 975
67770 6429 67764 6 6 0 0
67871 4225 67731 133 140 7 1
67972 4705 67958 14 14 0 0
68041 1997 67807 29 234 205 200
68163 9393 68152 11 11 0 0
68176 3264 68102 69 74 5 4
68207 6334 68191 8 16 8 8
68307 6019 68195 31 112 81 81
68457 685 68409 25 48 23 0
68554 3261 68543 7 11 4 4
68586 3120 68515 55 71 16 15
68606 3443 68583 19 23 4 4
68634 5883 68502 31 132 101 53
68697 9949 68660 28 37 9 9
68822 8722 68804 17 18 1 1
69108 1018 68981 29 127 98 98
69717 2126 69573 124 144 20 11
69792 9840 69776 12 16 4 4
69916 7021 69589 208 327 119 23
70020 6567 69979 22 41 19 19
70311 1958 70186 29 125 96 96
70336 2424 70307 21 29 8 5
70455 101 70453 2 2 0 0
70516 2240 70386 100 130 30 29
70527 8563 70079 31 448 417 410
70561 2165 69999 130 562 432 76
70639 9885 70577 27 62 35 35
70829 9799 70708 94 121 27 26
70854 539 66811 35 4043 4008 3986
70945 1536 70890 22 55 33 33
71024 9821 70840 142 184 42 15
71140 3438 71007 113 133 20 18
71229 8948 71217 8 12 4 4
71374 9509 71371 3 3 0 0
71446 3020 61269 139 10177 10038 6
71526 9590 71497 21 29 8 8
71618 3039 71586 26 32 6 6
71950 1619 71805 135 145 10 9
72065 2815 71713 219 352 133 0
72075 2327 72069 6 6 0 0
72089 2302 71934 123 155 32 11
72106 199 72065 16 41 25 25
72203 6273 61938 181 10265 10084 10044
72465 6931 72457 8 8 0 0
72475 9336 71998 316 477 161 35
72620 2701 72610 10 10 0 0
72741 4660 72471 143 270 127 37
72959 2377 72852 102 107 5 4
72975 1232 72666 76 309 233 76
73062 5216 73051 8 11 3 3
73192 7365 73056 91 136 45 7
73206 6944 73103 102 103 1 0
73275 463 73240 21 35 14 14
73688 1582 73428 129 260 131 2
73875 5519 73819 30 56 26 26
74120 4062 73952 28 168 140 140
74206 9182 74191 15 15 0 0
74477 7738 74442 23 35 12 12
74586 216 74560 17 26 9 9
74854 8818 74839 15 15 0 0
74925 2847 74904 11 21 10 10
75030 278 74993 8 37 29 16
75054 2549 74857 129 197 68 12
75503 5357 75374 121 129 8 2
75713 6824 75707 6 6 0 0
75924 7681 75848 30 76 46 0
75988 7448 75679 258 309 51 21
76190 8581 76180 10 10 0 0
76280 1709 76183 88 97 9 8
76330 6386 76308 21 22 1 1
76390 3199 76358 31 32 1 1
76398 9980 76037 118 361 243 214
76433 930 76370 30 63 33 21
76558 1527 76182 73 376 303 20
76583 3659 73155 74 3428 3354 2690
76623 8767 76439 112 184 72 23
76863 8680 76824 27 39 12 0
76985 4022 76719 110 266 156 8
77023 5439 76996 14 27 13 13
77182 6878 76967 142 215 73 19
77405 1998 75760 35 1645 1610 1603
77505 1628 77470 26 35 9 9
77527 435 75565 158 1962 1804 1739
77635 841 77542 30 93 63 63
78024 3778 77939 28 85 57 57
78663 861 78627 21 36 15 15
78687 3500 78384 78 303 225 88
78926 1724 78850 29 76 47 13
78974 2106 78833 136 141 5 0
79031 9148 78923 103 108 5 4
79078 9294 79021 24 57 33 30
79217 88 79183 31 34 3 0
79460 7670 79441 14 19 5 5
79497 9421 68146 36 11351 11315 11315
79603 2820 79239 317 364 47 0
79663 1883 79469 138 194 56 55
79739 833 70260 36 9479 9443 9443
80026 1794 79792 164 234 70 4
80156 7779 80133 14 23 9 0
80173 3583 80085 61 88 27 1
80298 8686 80296 2 2 0 0
80356 48 80032 107 324 217 89
80375 5549 80334 18 41 23 23
80427 5982 80413 10 14 4 4
80655 4308 80566 30 89 59 50
80684 6661 80676 8 8 0 0
80962 7451 80929 21 33 12 12
81064 8565 80977 34 87 53 23
81125 5351 81119 6 6 0 0
81502 4939 81411 34 91 57 41
81647 2588 81640 4 7 3 3
81790 4663 81712 27 78 51 51
81895 6241 81881 14 14 0 0
82052 6615 81908 29 144 115 68
82124 9481 72314 155 9810 9655 13
82149 2075 82127 22 22 0 0
82173 6938 82163 10 10 0 0
82229 6978 82144 31 85 54 6
82295 7923 72619 36 9676 9640 9506
82446 2435 73713 36 8733 8697 8686
82490 4028 82488 2 2 0 0
82733 9657 82684 31 49 18 18
82877 5917 82708 33 169 136 94
83060 5176 83055 5 5 0 0
83408 1731 83310 26 98 72 72
83484 6635 83062 366 422 56 0
83608 5191 83350 31 258 227 216
83671 179 83645 12 26 14 14
83680 8285 83673 7 7 0 0
83700 8527 83637 19 63 44 35
83772 521 83769 3 3 0 0
83851 4763 83829 22 22 0 0
83993 5974 83658 88 335 247 246
84019 1966 84012 7 7 0 0
84143 6021 84140 3 3 0 0
84181 7192 84019 128 162 34 18
84541 8221 84539 2 2 0 0
84578 8953 83614 159 964 805 0
84658 4488 84615 25 43 18 18
84813 8731 84193 85 620 535 26
85135 5743 85062 34 73 39 33
85191 9723 85179 12 12 0 0
85206 4153 85155 27 51 24 10
85331 8951 85323 8 8 0 0
85474 3485 85298 130 176 46 0
85493 6949 84290 35 1203 1168 1165
85627 4076 85612 14 15 1 1
85643 4466 85628 12 15 3 0
85701 6141 85641 32 60 28 28
85804 2107 85786 12 18 6 6
85821 7555 85811 10 10 0 0
85868 9395 85832 22 36 14 5
85924 9537 77162 278 8762 8484 8392
86004 5045 85976 14 28 14 14
86026 4685 77913 260 8113 7853 7789
86139 6234 86070 20 69 49 35
86302 7424 86218 82 84 2 0
86358 9567 86346 5 12 7 4
86601 3048 86593 7 8 1 1
86716 5411 86571 103 145 42 0
86755 2455 86735 10 20 10 10
86949 5904 86882 66 67 1 0
86984 6619 86719 229 265 36 0
87047 6904 87023 14 24 10 10
87079 8229 86991 31 88 57 57
87149 4837 87104 25 45 20 20
87181 1699 82669 180 4512 4332 4316
87407 2164 87339 21 68 47 28
87436 1660 87373 19 63 44 44
87479 7964 87222 80 257 177 0
87650 467 87638 9 12 3 0
87676 7971 87646 14 30 16 16
87763 7521 87757 6 6 0 0
87832 3701 87243 148 589 441 0
87869 5498 84796 109 3073 2964 18
88047 9460 88015 32 32 0 0
88054 5619 88044 6 10 4 4
88193 4803 88041 30 152 122 37
88215 9798 88150 64 65 1 0
88220 1421 88204 11 16 5 0
88266 8447 88122 93 144 51 0
88537 5184 88506 19 31 12 12
88572 4111 88047 151 525 374 8
88793 6005 88589 140 204 64 20
88960 4758 88710 86 250 164 105
88967 2379 88821 29 146 117 113
89071 712 89026 23 45 22 22
89130 6817 89128 2 2 0 0
89316 3431 88993 92 323 231 157
89366 376 89033 131 333 202 39
89391 7530 89362 24 29 5 5
89577 5093 89450 78 127 49 34
89635 3681 89045 34 590 556 547
89742 2175 89635 105 107 2 1
89750 4380 89739 7 11 4 4
90000 4603 89987 8 13 5 5
90282 8732 88843 103 1439 1336 0
90886 420 20277 37 70609 70572 70572
90924 8332 21036 37 69888 69851 69851
90962 5715 22140 102 68822 68720 248
90984 6518 90966 17 18 1 1
91081 1120 90987 92 94 2 0
91159 5791 23500 85 67659 67574 4
91371 7064 25743 37 65628 65591 65591
91405 7848 24716 200 66689 66489 0
91501 831 91458 30 43 13 13
91943 5834 91942 1 1 0 0
91994 9281 91972 22 22 0 0
92106 8364 92095 11 11 0 0
92118 6437 92107 11 11 0 0
92150 2152 91677 48 473 425 224
92203 7339 92195 8 8 0 0
92220 2411 92207 13 13 0 0
92325 8188 92322 3 3 0 0
92393 3176 92273 103 120 17 5
92437 4589 92426 10 11 1 1
92504 3907 92033 35 471 436 361
92794 2395 92682 35 112 77 31
92827 2823 92782 22 45 23 23
92903 485 92902 1 1 0 0
92962 1206 92785 108 177 69 10
93212 9694 92917 140 295 155 142
93254 6525 93235 19 19 0 0
93292 8091 93202 27 90 63 59
93313 9699 93221 90 92 2 0
93509 1124 93508 1 1 0 0
93549 2500 93371 148 178 30 19
93882 3891 93874 8 8 0 0
94032 2232 30362 57 63670 63613 6
94138 1674 94112 21 26 5 5
94164 9871 94163 1 1 0 0
94391 5739 94191 35 200 165 160
94455 5797 32316 203 62139 61936 37
94469 3779 94456 13 13 0 0
94640 1178 94628 11 12 1 1
94687 3843 94685 2 2 0 0
94985 1461 94527 345 458 113 8
95105 4092 95028 72 77 5 4
95123 8766 95113 10 10 0 0
95205 3419 95122 57 83 26 2
95284 417 95237 25 47 22 22
95313 1117 95295 13 18 5 0
95464 8739 95462 2 2 0 0
95470 8155 94823 84 647 563 255
95674 7354 95659 15 15 0 0
95781 8590 95747 31 34 3 3
95811 1236 95741 69 70 1 0
95914 1130 95814 57 100 43 18
95969 5343 95152 153 817 664 54
96053 9453 95764 33 289 256 256
96067 6721 96064 3 3 0 0
96326 3125 96294 24 32 8 1
96346 1758 95987 288 359 71 9
96450 2612 96435 9 15 6 6
96717 5710 96638 30 79 49 49
96964 9306 96858 30 106 76 48
97279 1719 97100 176 179 3 0
97335 896 97259 52 76 24 0
97826 4478 97747 49 79 30 2
97881 7257 97857 15 24 9 0
97900 393 97800 28 100 72 46
97934 2342 97920 9 14 5 1
98006 9451 97161 102 845 743 17
98210 9786 98185 16 25 9 9
98274 2192 98130 104 144 40 15
98312 2324 98204 19 108 89 89
98665 8723 97784 115 881 766 739
98709 6463 98487 121 222 101 20
98793 7913 98741 22 52 30 30
99172 4949 99171 1 1 0 0
99350 5188 97201 36 2149 2113 2096
99367 3510 99345 16 22 6 6
99457 1564 99415 24 42 18 18
99671 6262 99668 3 3 0 0
