143 4176 40 101 103 2 0
148 1479 145 3 3 0 0
322 4753 278 29 44 15 9
374 4689 234 127 140 13 12
406 4959 187 157 219 62 0
457 2812 170 193 287 94 0
485 4207 126 165 359 194 0
628 763 319 59 309 250 209
683 3260 657 20 26 6 0
730 4827 583 96 147 51 0
812 4185 657 73 155 82 0
822 3109 748 73 74 1 0
992 1725 736 147 256 109 87
1014 3061 795 54 219 165 165
1104 4352 777 57 327 270 269
1357 169 1224 132 133 1 0
1396 3775 1358 38 38 0 0
1460 977 1279 143 181 38 34
1563 512 981 186 582 396 239
1648 1142 1144 466 504 38 24
1712 4512 1687 21 25 4 0
1753 3239 1265 398 488 90 23
1799 3721 1793 6 6 0 0
1823 3445 1656 158 167 9 0
1885 4910 1801 49 84 35 35
1951 2647 1555 370 396 26 9
2106 1846 1743 59 363 304 304
2170 3692 2081 42 89 47 46
2194 3872 2074 107 120 13 0
2389 2578 2249 139 140 1 0
2499 3280 2352 130 147 17 0
2604 2602 2112 358 492 134 0
2623 2529 2596 27 27 0 0
2638 3456 1546 340 1092 752 0
2707 4254 2695 12 12 0 0
2784 98 2738 45 46 1 0
2920 2298 2506 381 414 33 0
2937 1361 1120 291 1817 1526 1519
3130 106 3092 37 38 1 1
3162 4457 3107 43 55 12 12
3163 2079 3156 7 7 0 0
3184 162 2833 321 351 30 0
3335 2848 3178 145 157 12 0
3364 2576 3349 15 15 0 0
3378 1965 3377 1 1 0 0
3460 1051 3277 169 183 14 0
3464 3605 3442 22 22 0 0
3546 367 3205 202 341 139 0
3568 861 3552 16 16 0 0
3577 2155 3570 7 7 0 0
3646 2595 3587 39 59 20 20
3673 4446 3654 18 19 1 0
3761 1163 3666 68 95 27 0
3849 4461 3343 115 506 391 386
3873 2599 3842 23 31 8 8
3886 1337 3818 49 68 19 0
3947 1790 3185 183 762 579 577
3988 802 2996 186 992 806 0
4048 677 3885 50 163 113 104
4162 3841 4053 57 109 52 51
4162 572 3996 148 166 18 0
4215 967 4167 48 48 0 0
4393 4776 4378 15 15 0 0
4434 1442 4256 155 178 23 21
4540 2165 4318 57 222 165 151
4700 3777 4686 14 14 0 0
4752 1612 4725 27 27 0 0
4805 1017 4743 34 62 28 28
4880 4888 4269 303 611 308 166
5083 3342 4935 87 148 61 33
5087 96 4785 273 302 29 3
5270 4338 5139 104 131 27 17
5357 182 4392 197 965 768 159
5613 1706 5605 8 8 0 0
5646 4039 5065 395 581 186 23
5691 53 4728 162 963 801 13
5809 4751 5704 35 105 70 48
6232 4060 6099 132 133 1 0
6245 3613 6064 100 181 81 79
6296 22 4855 263 1441 1178 0
6311 2661 6166 143 145 2 0
6319 1684 6166 103 153 50 34
6669 3658 5670 380 999 619 0
6695 1088 6667 28 28 0 0
6872 2932 4311 156 2561 2405 2152
6971 1670 6470 313 501 188 66
7035 456 6835 53 200 147 102
7378 2212 7259 107 119 12 0
7415 3693 3786 287 3629 3342 0
7452 4430 7259 171 193 22 8
7514 232 7497 17 17 0 0
7770 3641 7630 86 140 54 0
7811 724 7722 88 89 1 0
7868 4257 7370 401 498 97 0
7981 2556 7974 7 7 0 0
8009 746 7932 76 77 1 0
8123 998 7724 194 399 205 0
8156 909 3832 500 4324 3824 0
8247 1343 8127 110 120 10 0
8336 3423 8005 280 331 51 23
8383 3991 7875 427 508 81 0
8448 2411 8439 9 9 0 0
8470 422 8466 4 4 0 0
8477 3535 8377 87 100 13 0
8521 3898 8298 109 223 114 112
8587 1708 7181 424 1406 982 0
8610 2589 8575 32 35 3 0
8744 4093 8702 34 42 8 7
8752 2332 7176 265 1576 1311 0
8913 1285 8832 80 81 1 0
8978 1431 8974 4 4 0 0
9184 1771 9121 40 63 23 0
9202 2977 9149 52 53 1 0
9288 1728 9281 7 7 0 0
9336 1284 9040 200 296 96 0
9640 3058 9475 148 165 17 0
9716 2566 9301 109 415 306 0
9873 3392 5295 340 4578 4238 0
9906 2689 7144 60 2762 2702 2693
10084 887 10068 16 16 0 0
10129 424 10115 14 14 0 0
10139 2981 9706 349 433 84 11
10140 3706 10030 106 110 4 1
10165 2677 9888 223 277 54 49
10326 2887 10037 223 289 66 5
10421 3519 10330 88 91 3 1
10477 4808 6355 409 4122 3713 0
10539 3920 9132 353 1407 1054 0
10721 1950 10696 24 25 1 0
10772 2318 10662 108 110 2 0
10824 1947 6150 61 4674 4613 4572
10842 4701 10799 34 43 9 9
10952 2911 10789 47 163 116 54
11025 2966 10831 192 194 2 0
11084 905 11072 12 12 0 0
11261 4178 10646 383 615 232 3
11290 2557 10763 221 527 306 214
11320 2001 11029 122 291 169 0
11346 2915 11276 59 70 11 0
11352 2479 11341 11 11 0 0
11372 3077 11001 331 371 40 8
11473 515 11466 7 7 0 0
11489 4618 11486 3 3 0 0
11510 50 11437 50 73 23 13
11530 95 11523 7 7 0 0
11616 4063 11253 258 363 105 9
11634 2435 11572 57 62 5 0
11692 2351 3265 289 8427 8138 0
11758 1333 6302 61 5456 5395 5373
12187 3948 11908 268 279 11 0
12210 4396 12207 3 3 0 0
12253 3356 12179 42 74 32 32
12290 2333 12241 36 49 13 0
12341 2236 12336 5 5 0 0
12349 4680 11840 254 509 255 134
12612 549 3467 61 9145 9084 7228
12646 3447 4411 61 8235 8174 6302
12882 3265 9438 319 3444 3125 3079
12882 1185 12685 166 197 31 10
12958 973 12894 41 64 23 23
12974 4626 12880 90 94 4 3
12999 4426 12964 25 35 10 0
13030 159 12727 258 303 45 20
13135 4245 12752 97 383 286 207
13223 2888 12845 258 378 120 88
13247 2272 13234 13 13 0 0
13267 3951 13241 26 26 0 0
13327 4106 13281 32 46 14 14
13344 1248 13218 46 126 80 4
13416 3754 13389 25 27 2 2
13479 79 13452 27 27 0 0
13614 2360 13264 287 350 63 4
13675 3492 12651 304 1024 720 0
13891 1165 13696 189 195 6 0
13912 2030 12835 350 1077 727 20
13930 1918 13862 65 68 3 0
13990 3922 13971 18 19 1 1
14023 2592 13956 26 67 41 35
14061 874 1906 352 12155 11803 0
14111 4579 14055 45 56 11 11
14241 3674 14034 176 207 31 0
14365 1650 13979 270 386 116 3
14395 1053 14234 122 161 39 8
14419 2317 14256 136 163 27 25
14458 2511 14287 169 171 2 0
14461 3125 14452 9 9 0 0
14545 2991 14349 86 196 110 0
14636 2324 14103 492 533 41 22
14726 3222 14373 205 353 148 89
14766 4806 14585 166 181 15 0
14905 3194 14195 247 710 463 420
14983 3035 14942 41 41 0 0
15214 3021 14934 250 280 30 7
15272 505 15247 25 25 0 0
15322 4003 15051 164 271 107 80
15445 3583 15433 12 12 0 0
15472 4667 14336 468 1136 668 391
15517 2763 15387 129 130 1 0
15527 4006 15521 6 6 0 0
15588 4327 15398 175 190 15 0
15607 1606 15606 1 1 0 0
15607 4733 14385 386 1222 836 535
15676 2085 15589 37 87 50 0
15812 4857 15594 213 218 5 0
15869 285 15620 241 249 8 0
15911 1934 15892 19 19 0 0
15912 3542 15385 115 527 412 388
15975 3433 15972 3 3 0 0
16056 2303 15050 519 1006 487 3
16131 2706 15418 346 713 367 68
16185 415 15433 60 752 692 674
16208 4397 16037 147 171 24 23
16221 4961 16066 127 155 28 26
16228 2194 14957 61 1271 1210 1187
16244 4930 16181 62 63 1 0
16384 2082 16369 15 15 0 0
16522 3716 16318 160 204 44 0
16597 295 4559 62 12038 11976 11798
16626 2218 16376 219 250 31 22
16650 4269 16366 59 284 225 0
16696 536 16626 59 70 11 1
16731 4867 16643 54 88 34 10
16758 491 5034 119 11724 11605 0
16811 2087 16643 125 168 43 0
16818 458 16677 129 141 12 0
16827 4058 16818 9 9 0 0
16957 4291 7748 62 9209 9147 9147
17001 293 16835 136 166 30 0
17111 4222 17077 34 34 0 0
17177 4792 17143 34 34 0 0
17205 3227 16960 181 245 64 30
17296 2422 17282 14 14 0 0
17351 3463 7817 410 9534 9124 724
17406 4300 6850 329 10556 10227 210
17427 3828 17373 45 54 9 0
17591 3446 17554 37 37 0 0
17659 15 17336 315 323 8 0
17681 322 8938 306 8743 8437 5
17693 4854 17527 164 166 2 0
17719 4055 17406 59 313 254 100
17781 674 17743 28 38 10 0
17857 432 17596 213 261 48 15
17898 4142 17600 160 298 138 94
17975 3389 17897 75 78 3 2
18153 1389 18028 48 125 77 8
18334 455 18325 9 9 0 0
18378 4573 17784 154 594 440 226
18521 4904 17740 387 781 394 186
18677 2957 18655 22 22 0 0
18749 1482 18589 143 160 17 0
18867 4192 18587 89 280 191 0
18872 3502 18859 13 13 0 0
18898 622 18880 18 18 0 0
18899 1645 18834 49 65 16 6
18942 1373 18477 239 465 226 0
18945 582 18913 32 32 0 0
19104 3949 18749 144 355 211 208
19136 2531 18483 60 653 593 585
19356 461 18991 348 365 17 0
19370 3055 19180 157 190 33 0
19468 4874 19368 81 100 19 0
19512 1992 18026 368 1486 1118 0
19777 2140 12012 491 7765 7274 33
19802 3276 19739 40 63 23 0
19875 4320 19746 86 129 43 42
19900 1522 19896 4 4 0 0
20240 4425 20205 25 35 10 3
20340 3983 3383 385 16957 16572 55
20493 1881 20093 181 400 219 0
20525 1271 20476 33 49 16 0
20531 2390 20126 101 405 304 0
20613 1458 20590 15 23 8 8
20712 2124 20291 297 421 124 108
20795 3360 20633 95 162 67 11
20826 3348 20790 29 36 7 6
20835 4914 20592 185 243 58 12
20914 27 20906 8 8 0 0
20933 1467 20634 54 299 245 239
21112 4911 21035 76 77 1 0
21269 1290 21235 21 34 13 12
21287 4665 21155 87 132 45 23
21355 3532 20373 256 982 726 617
21384 700 21305 60 79 19 0
21421 171 20807 399 614 215 0
21549 3861 21519 19 30 11 11
21567 3322 21454 83 113 30 0
21607 2982 20149 113 1458 1345 81
21892 3420 20562 426 1330 904 372
21932 2480 21658 109 274 165 77
22076 1753 21612 459 464 5 0
22086 174 21642 255 444 189 0
22116 3117 22064 29 52 23 23
22174 1449 22006 128 168 40 6
22305 938 22073 46 232 186 179
22467 2579 22277 138 190 52 0
22545 3719 22257 200 288 88 49
22553 2979 22233 174 320 146 125
22613 1970 20844 58 1769 1711 1710
22652 2754 21437 58 1215 1157 1143
22819 2310 22654 162 165 3 0
22994 1100 22981 13 13 0 0
23046 3894 22953 39 93 54 1
23143 1707 23098 44 45 1 0
23145 1395 22669 405 476 71 12
23191 2373 22951 127 240 113 0
23284 2913 21361 402 1923 1521 0
23359 1956 22903 121 456 335 0
23455 1511 23194 246 261 15 0
23495 603 21790 430 1705 1275 0
23601 2830 23486 114 115 1 0
23749 4423 23477 245 272 27 4
23754 1272 23679 53 75 22 11
23836 2255 22905 408 931 523 477
23884 581 23600 202 284 82 2
23921 3351 22891 408 1030 622 533
23992 740 20135 61 3857 3796 3769
24053 2416 16419 208 7634 7426 9
24121 4834 24081 34 40 6 6
24264 1350 23906 328 358 30 0
24379 1447 24026 263 353 90 4
24394 3624 24382 12 12 0 0
24554 112 24239 307 315 8 0
24586 597 10791 368 13795 13427 0
24649 1485 24600 18 49 31 12
24668 3819 24606 49 62 13 12
24720 4213 24108 265 612 347 245
24897 3231 24721 40 176 136 98
24923 2955 24906 17 17 0 0
24954 3212 24177 437 777 340 61
24975 1665 24858 83 117 34 22
25022 4902 17421 200 7601 7401 6959
25044 533 24762 91 282 191 162
25109 3578 25061 41 48 7 0
25218 2276 24862 50 356 306 299
25281 2995 25235 30 46 16 0
25295 2635 24653 341 642 301 16
25330 600 25131 158 199 41 3
25420 4490 25341 32 79 47 0
25500 4549 25351 67 149 82 0
25598 2042 25170 363 428 65 0
25611 3384 25230 51 381 330 101
25659 258 25367 215 292 77 55
25692 4773 25303 196 389 193 0
25893 1488 25719 171 174 3 0
25906 4485 25893 12 13 1 1
25935 2387 25903 30 32 2 2
26043 196 25535 461 508 47 0
26089 2738 26077 12 12 0 0
26133 4340 25990 142 143 1 0
26195 2616 25492 367 703 336 219
26300 1601 24609 321 1691 1370 164
26508 1230 26475 21 33 12 12
26537 936 25064 110 1473 1363 1319
26652 2261 26633 19 19 0 0
26779 2400 26747 32 32 0 0
26970 2805 26475 388 495 107 34
27007 3083 26913 93 94 1 0
27039 2326 26998 31 41 10 9
27051 4432 26528 138 523 385 173
27068 3031 26929 94 139 45 16
27094 4830 27092 2 2 0 0
27129 1504 26870 50 259 209 199
27175 3862 27156 19 19 0 0
27371 3209 25912 60 1459 1399 1365
27471 3768 27360 105 111 6 5
27758 3840 27655 89 103 14 11
27780 2 27310 385 470 85 0
27905 1867 27746 57 159 102 99
27936 4686 27805 128 131 3 0
28037 2168 27975 32 62 30 24
28327 3826 27889 344 438 94 41
28380 2515 27978 192 402 210 153
28402 4721 28002 361 400 39 0
28427 3728 28417 10 10 0 0
28515 475 28507 8 8 0 0
28625 2035 28619 6 6 0 0
28627 103 28102 173 525 352 0
28653 3653 28272 349 381 32 0
28692 4443 28556 132 136 4 2
28743 314 28400 291 343 52 3
28801 1224 28262 149 539 390 0
29151 3482 26187 86 2964 2878 1401
29212 683 28927 219 285 66 11
29391 586 29070 308 321 13 2
29526 1296 29309 175 217 42 16
29532 1182 29519 9 13 4 4
29556 2939 29551 5 5 0 0
29564 3236 29527 30 37 7 0
29637 4786 29614 23 23 0 0
29794 256 29750 31 44 13 0
29802 3864 29784 18 18 0 0
30006 1701 29722 239 284 45 8
30099 1348 29645 406 454 48 9
30129 2732 29863 46 266 220 191
30288 3414 30281 7 7 0 0
30291 4348 29026 286 1265 979 0
30372 3228 30206 133 166 33 0
30401 4187 29970 54 431 377 322
30489 399 30479 10 10 0 0
30616 2925 30225 127 391 264 50
30683 1540 30582 95 101 6 0
30708 1610 30704 4 4 0 0
30739 3870 30700 33 39 6 0
30779 1603 30778 1 1 0 0
30816 2716 30628 88 188 100 0
30942 976 30892 34 50 16 16
31020 4219 30742 201 278 77 0
31219 4887 29575 257 1644 1387 850
31322 4521 31151 138 171 33 0
31357 3294 31231 124 126 2 0
31386 4674 31072 50 314 264 29
31469 1352 31433 36 36 0 0
31560 4998 29752 98 1808 1710 1663
31575 777 31513 42 62 20 10
31729 3802 31561 165 168 3 0
31743 751 31732 11 11 0 0
31801 858 31381 398 420 22 0
31931 4233 31915 16 16 0 0
31932 629 31880 40 52 12 4
32149 1056 31954 159 195 36 17
32167 4750 31658 210 509 299 0
32205 4108 32160 28 45 17 8
32345 4644 32215 56 130 74 66
32373 3709 31737 210 636 426 0
32460 511 31769 285 691 406 64
32574 4522 32523 51 51 0 0
32709 3160 32685 23 24 1 1
32946 4896 14140 129 18806 18677 5598
32956 1651 32564 343 392 49 0
32991 4419 19877 138 13114 12976 0
33021 4159 32920 45 101 56 55
33057 42 31446 428 1611 1183 34
33104 1365 20104 327 13000 12673 237
33117 1328 33004 112 113 1 0
33368 865 33367 1 1 0 0
33414 3375 33175 178 239 61 0
33416 1916 21020 312 12396 12084 12038
33476 107 33006 345 470 125 10
33522 4590 33337 144 185 41 0
33556 1358 33248 272 308 36 0
33989 4574 33774 167 215 48 30
34036 176 33769 209 267 58 5
34070 3036 33997 53 73 20 17
34159 2219 31999 274 2160 1886 12
34178 412 34031 131 147 16 6
34313 843 29997 302 4316 4014 3905
34445 4373 34092 243 353 110 0
34677 4322 34398 239 279 40 0
34832 4534 34531 263 301 38 0
34856 1030 34686 95 170 75 53
34895 279 34880 15 15 0 0
35141 2024 35104 37 37 0 0
35448 449 35086 214 362 148 7
35504 3290 35222 222 282 60 26
35727 3654 35643 39 84 45 39
35754 834 35526 171 228 57 12
35877 4172 35515 321 362 41 0
35982 3372 35645 56 337 281 83
36039 1456 35746 281 293 12 0
36055 4431 35236 312 819 507 3
36163 3266 36064 68 99 31 26
36191 1255 36034 149 157 8 6
36279 1187 36263 16 16 0 0
36301 3019 36181 117 120 3 0
36352 2188 35397 211 955 744 31
36554 966 35995 455 559 104 0
36577 848 36354 173 223 50 0
36673 3883 36250 59 423 364 364
36715 4240 36380 61 335 274 267
36752 69 5021 216 31731 31515 0
36775 4234 36227 180 548 368 366
37031 1122 9876 63 27155 27092 27066
37095 1928 37085 10 10 0 0
37136 1161 37050 41 86 45 31
37332 3172 37309 23 23 0 0
37349 4878 37243 86 106 20 3
37375 4221 37103 55 272 217 110
37420 1531 8515 376 28905 28529 28331
37576 2643 37564 11 12 1 0
37597 924 37475 114 122 8 0
37613 4462 37366 157 247 90 10
37673 350 37581 59 92 33 33
37692 1266 37653 39 39 0 0
37797 4073 37731 32 66 34 23
37813 3923 37717 95 96 1 0
37850 2284 37844 6 6 0 0
37923 569 37812 78 111 33 2
38003 3929 37764 226 239 13 0
38046 0 37829 56 217 161 0
38198 3268 37722 57 476 419 410
38329 324 37753 272 576 304 24
38357 756 38238 103 119 16 0
38378 4821 38272 105 106 1 0
38446 18 38439 7 7 0 0
38484 3184 38448 32 36 4 4
38573 4884 38406 42 167 125 118
38727 4796 38527 70 200 130 0
38833 1469 38403 376 430 54 0
38859 1156 38828 30 31 1 0
38884 1757 38610 234 274 40 12
38960 805 38187 436 773 337 12
39016 3326 38592 197 424 227 2
39093 3217 39055 38 38 0 0
39154 2890 38420 195 734 539 60
39430 2297 39386 44 44 0 0
39516 138 38108 544 1408 864 271
39641 4132 39478 155 163 8 0
39689 1888 39654 35 35 0 0
39691 2724 38676 269 1015 746 26
39787 4873 39436 250 351 101 5
39816 3900 39184 202 632 430 32
39835 1823 39692 141 143 2 0
40162 755 39901 226 261 35 26
40201 4923 40131 38 70 32 32
40249 1202 39590 293 659 366 0
40268 1629 39739 185 529 344 0
40303 2895 40239 43 64 21 11
40464 898 40293 142 171 29 0
40482 137 40319 103 163 60 33
40558 2581 40340 192 218 26 0
40591 2065 40522 48 69 21 0
40599 1015 40588 11 11 0 0
40701 3858 40693 8 8 0 0
40901 4329 40891 10 10 0 0
40914 2313 40805 35 109 74 73
41008 3199 40536 364 472 108 0
41149 335 41123 26 26 0 0
41191 2770 41129 35 62 27 27
41394 3363 41326 46 68 22 15
41414 1872 40665 272 749 477 24
41434 486 41275 133 159 26 24
41559 2102 41513 45 46 1 0
41640 2439 41620 20 20 0 0
41659 463 41654 5 5 0 0
41683 3272 41030 452 653 201 58
41709 1477 39565 62 2144 2082 77
41882 2226 41744 137 138 1 0
41887 19 41880 7 7 0 0
41935 3314 39730 62 2205 2143 2108
41989 4604 41984 5 5 0 0
42025 4321 42015 10 10 0 0
42031 2953 42008 23 23 0 0
42127 2432 41843 151 284 133 0
42142 58 39657 282 2485 2203 2156
42311 1829 10929 209 31382 31173 205
42357 1014 41215 238 1142 904 9
42375 540 12152 63 30223 30160 30160
42379 699 10344 340 32035 31695 0
42579 3063 12266 178 30313 30135 30133
42651 4007 13617 135 29034 28899 28846
42679 2157 42358 190 321 131 18
42770 1581 42637 100 133 33 15
42795 2673 42734 40 61 21 8
42833 391 42591 140 242 102 0
42838 2789 42832 6 6 0 0
42856 4153 42702 150 154 4 0
43105 543 42908 160 197 37 0
43144 2544 43128 16 16 0 0
43161 2960 43111 33 50 17 0
43179 794 14318 346 28861 28515 28180
43230 3925 42586 505 644 139 0
43374 4009 43316 57 58 1 0
43514 4116 43510 4 4 0 0
43521 2109 43295 45 226 181 117
43525 2181 43515 10 10 0 0
43538 1474 43466 71 72 1 0
43621 216 43597 22 24 2 2
43687 605 43403 119 284 165 146
43783 2016 43659 66 124 58 9
43889 1940 43746 46 143 97 88
43995 4110 43796 187 199 12 0
44493 3850 44467 26 26 0 0
44546 4642 44165 280 381 101 0
44597 611 43396 58 1201 1143 1143
44631 4059 42969 501 1662 1161 0
44725 1632 44724 1 1 0 0
44818 4164 44574 162 244 82 0
44955 3697 44922 33 33 0 0
45069 2553 44814 154 255 101 74
45132 2902 44631 439 501 62 0
45166 3526 45161 5 5 0 0
45281 3453 45065 206 216 10 2
45296 1037 44986 154 310 156 57
45303 4493 44783 253 520 267 59
45457 1503 45435 22 22 0 0
45785 4115 45598 163 187 24 11
45800 1382 45637 145 163 18 15
45827 2263 45798 26 29 3 3
45961 1849 44965 252 996 744 0
45968 3167 45596 330 372 42 0
46161 3087 46048 51 113 62 31
46174 1283 43639 269 2535 2266 2229
46305 1746 46133 139 172 33 0
46464 3505 43590 367 2874 2507 0
46552 2736 45955 382 597 215 0
46559 2764 46391 47 168 121 50
46596 2280 46547 29 49 20 19
46617 4418 46390 160 227 67 0
46667 2550 46254 376 413 37 13
46881 3512 46292 161 589 428 0
46999 2810 46982 11 17 6 6
47066 1408 46457 274 609 335 314
47200 2059 47013 136 187 51 0
47249 2813 46551 397 698 301 2
47309 1562 47281 27 28 1 1
47346 3795 47287 35 59 24 23
47476 2047 47420 44 56 12 12
47493 1619 47045 399 448 49 0
47575 4622 47478 96 97 1 0
47619 3191 47491 82 128 46 25
47621 4025 47601 20 20 0 0
47678 792 47522 106 156 50 0
47712 2656 47703 9 9 0 0
47843 1825 47840 3 3 0 0
47885 3095 46494 413 1391 978 295
47926 1190 47833 91 93 2 0
47977 4117 47938 39 39 0 0
48217 516 48060 133 157 24 23
48313 2912 48107 191 206 15 0
48349 3844 48007 275 342 67 0
48423 573 47888 57 535 478 462
48613 3323 48609 4 4 0 0
48759 93 48622 127 137 10 0
48775 193 48209 335 566 231 95
48819 390 48751 43 68 25 25
48897 2167 48815 49 82 33 32
48934 4243 48894 36 40 4 4
49117 253 49102 15 15 0 0
49191 3953 49158 32 33 1 0
49243 2638 49202 36 41 5 5
49259 2858 49252 7 7 0 0
49503 276 49400 86 103 17 16
49673 73 49151 292 522 230 73
49820 3128 49724 52 96 44 33
49913 4183 49880 33 33 0 0
50022 1751 46501 239 3521 3282 0
50182 2571 50126 55 56 1 0
50183 2765 45740 397 4443 4046 0
50419 121 49802 263 617 354 3
50483 2632 50436 30 47 17 17
50529 727 47160 460 3369 2909 8
50551 1860 50437 100 114 14 0
50582 3989 50560 21 22 1 0
50614 4784 50585 28 29 1 0
50677 2402 49462 506 1215 709 0
50819 4339 50278 140 541 401 0
50853 3307 50299 157 554 397 0
50921 882 50098 259 823 564 0
51017 4282 51007 10 10 0 0
51067 1102 49651 212 1416 1204 1170
51262 3963 51122 112 140 28 0
51279 2444 51221 34 58 24 24
51301 2475 51229 38 72 34 34
51347 3710 51122 78 225 147 54
51436 2545 45011 90 6425 6335 0
51572 4779 51445 91 127 36 0
51588 1832 44871 243 6717 6474 6457
51605 4140 51216 327 389 62 0
51757 4285 51640 62 117 55 43
51781 2704 51765 16 16 0 0
51796 3698 51759 34 37 3 0
51862 4968 51558 269 304 35 15
51888 4982 51745 38 143 105 13
51926 1822 51638 165 288 123 7
52107 754 18552 114 33555 33441 0
52135 1401 51836 292 299 7 0
52353 30 52090 176 263 87 16
52382 385 52357 25 25 0 0
52409 4266 52271 87 138 51 3
52437 1078 52310 74 127 53 0
52521 4518 52400 49 121 72 10
52821 2828 52166 492 655 163 0
52843 3726 52842 1 1 0 0
53183 1976 22368 350 30815 30465 0
53315 4833 53133 177 182 5 0
53476 3406 53361 44 115 71 0
53544 3143 52470 561 1074 513 193
53589 2796 53384 184 205 21 17
53632 2820 24848 280 28784 28504 28260
53699 928 53280 280 419 139 5
53788 3516 53735 44 53 9 9
53813 373 53802 11 11 0 0
53945 1237 53889 34 56 22 0
53958 1914 53852 73 106 33 20
53997 2633 53927 38 70 32 32
54044 1108 54036 8 8 0 0
54140 2111 54135 5 5 0 0
54239 781 54197 32 42 10 10
54251 3966 54165 85 86 1 0
54541 704 54445 34 96 62 0
54598 4112 54321 257 277 20 0
54692 2823 54689 3 3 0 0
54694 3122 54672 21 22 1 0
54745 3240 53788 362 957 595 1
54759 2203 54611 126 148 22 2
54933 1571 54543 248 390 142 103
55002 2684 54976 26 26 0 0
55156 3422 55138 18 18 0 0
55205 1570 55009 153 196 43 21
55365 2808 55294 39 71 32 9
55424 3617 54836 313 588 275 34
55517 3576 55190 209 327 118 0
55558 1798 54999 262 559 297 0
55654 2491 55474 178 180 2 0
55736 2013 55613 120 123 3 0
55849 4722 55817 32 32 0 0
55892 2339 55288 148 604 456 406
55906 793 55619 237 287 50 4
55912 4848 55888 19 24 5 5
55953 3155 55879 39 74 35 28
56091 1770 55995 39 96 57 57
56207 1761 54453 331 1754 1423 28
56260 3437 55987 261 273 12 0
56335 4547 56076 97 259 162 0
56356 1225 56092 246 264 18 0
56484 851 55525 347 959 612 46
56579 4941 56460 52 119 67 55
56623 2474 56469 137 154 17 16
56796 188 55317 185 1479 1294 8
57141 1169 54197 235 2944 2709 0
57164 4191 56682 308 482 174 0
57199 4972 56919 193 280 87 11
57209 1064 57038 75 171 96 0
57332 4694 56577 395 755 360 3
57608 4166 57367 52 241 189 189
57632 1880 57574 39 58 19 10
57654 445 57060 279 594 315 236
57681 1933 57471 192 210 18 10
57800 59 57791 9 9 0 0
57881 3667 57377 359 504 145 6
57936 268 57739 138 197 59 0
58016 2628 57932 83 84 1 0
58061 35 57851 58 210 152 122
58175 814 56900 59 1275 1216 1142
58192 270 58157 33 35 2 2
58214 2125 58050 154 164 10 3
58224 1534 57647 233 577 344 235
58297 3281 58212 51 85 34 33
58369 3893 58303 49 66 17 5
58441 91 58354 40 87 47 16
58474 3972 58367 45 107 62 62
58580 2945 58476 103 104 1 0
58807 854 58542 213 265 52 39
58914 2792 58733 176 181 5 0
58935 1176 58297 234 638 404 1
58943 832 58837 34 106 72 72
58960 2512 58907 34 53 19 8
59068 4760 59005 39 63 24 24
59209 2719 59048 133 161 28 27
59243 3671 58770 394 473 79 0
59351 4307 59173 73 178 105 39
59438 4985 58633 148 805 657 0
59457 612 58704 253 753 500 7
59649 2129 58075 76 1574 1498 1497
59697 4270 59318 103 379 276 11
59821 2041 58620 106 1201 1095 1094
59904 2243 59831 72 73 1 0
59931 2135 59315 185 616 431 428
60090 4466 60078 11 12 1 0
60106 84 56266 61 3840 3779 3713
60200 4664 60112 57 88 31 8
60342 657 60080 248 262 14 0
60389 1817 60215 142 174 32 0
60416 3137 60398 18 18 0 0
60501 4258 60487 13 14 1 0
60661 1506 60467 58 194 136 105
60732 4427 56915 411 3817 3406 0
60737 3230 60726 10 11 1 0
60762 1549 60270 323 492 169 75
60827 4092 60050 174 777 603 20
60993 592 58769 147 2224 2077 2059
60993 1738 60839 79 154 75 23
61042 207 60873 147 169 22 0
61140 2489 60763 182 377 195 0
61286 2874 61065 53 221 168 145
61327 2721 61305 22 22 0 0
61365 2473 60929 277 436 159 89
61374 4184 61237 128 137 9 7
61449 2224 61076 182 373 191 189
61966 1937 61033 384 933 549 254
61972 2934 61763 190 209 19 0
62092 1981 61299 354 793 439 116
62145 4382 61563 244 582 338 97
62224 3251 61927 276 297 21 4
62266 3527 62262 4 4 0 0
62342 1024 62323 19 19 0 0
62377 3955 62311 40 66 26 0
62392 4064 62335 42 57 15 15
62450 680 62423 27 27 0 0
62476 2429 61664 354 812 458 0
62503 2614 61864 163 639 476 8
62520 1112 62492 28 28 0 0
62533 2527 62376 133 157 24 2
62664 2744 61885 54 779 725 697
62697 774 62530 122 167 45 0
62913 2264 62169 55 744 689 687
62952 2177 62350 216 602 386 348
62997 33 62707 215 290 75 3
63004 4077 62983 18 21 3 3
63042 152 62993 44 49 5 5
63062 4842 62894 152 168 16 15
63089 371 62260 173 829 656 0
63162 496 63129 31 33 2 2
63329 1676 63320 9 9 0 0
63386 4717 63164 172 222 50 0
63455 2499 63262 178 193 15 0
63484 29 61944 281 1540 1259 0
63508 4586 63507 1 1 0 0
63530 3313 63474 44 56 12 11
63724 4703 62880 133 844 711 710
63785 2430 61988 351 1797 1446 0
63813 124 63778 27 35 8 8
63913 2951 63890 23 23 0 0
64215 703 63995 190 220 30 0
64231 142 63849 150 382 232 0
64357 4500 64024 171 333 162 98
64393 205 64266 126 127 1 0
64670 1795 64222 56 448 392 376
64745 2470 63804 73 941 868 867
64794 2207 64734 33 60 27 0
65071 1750 61828 460 3243 2783 377
65160 3635 65066 47 94 47 47
65275 984 64736 284 539 255 0
65312 272 65179 87 133 46 0
65471 4511 65366 57 105 48 5
65599 2291 65236 166 363 197 0
65676 1268 65642 33 34 1 0
65793 3441 65764 26 29 3 0
65870 2615 65846 24 24 0 0
65998 2003 65970 26 28 2 1
66053 2679 62518 390 3535 3145 3
66153 2039 66105 40 48 8 0
66205 3852 66150 45 55 10 4
66314 970 66170 120 144 24 23
66366 4700 66204 137 162 25 2
66409 2130 66160 182 249 67 65
66484 4349 66355 109 129 20 0
66523 570 66423 82 100 18 0
66678 366 66464 59 214 155 111
66818 3607 66552 257 266 9 6
66999 4524 66658 288 341 53 0
67022 2304 66854 51 168 117 90
67074 3766 66925 146 149 3 0
67112 837 67001 49 111 62 47
67330 741 67285 39 45 6 1
67440 2508 66999 408 441 33 1
67483 647 67225 186 258 72 0
67495 4801 67494 1 1 0 0
67516 1703 67219 221 297 76 5
67654 609 67650 4 4 0 0
67746 1774 67338 172 408 236 4
67942 3690 67457 388 485 97 27
67944 891 67265 199 679 480 0
67971 1410 67924 28 47 19 2
67994 3014 67979 15 15 0 0
68015 2067 67796 217 219 2 0
68116 361 67266 238 850 612 510
68132 2287 68020 76 112 36 26
68158 510 67909 218 249 31 0
68311 4882 68274 29 37 8 8
68576 544 68146 242 430 188 0
68668 2363 68162 218 506 288 282
68700 132 66625 313 2075 1762 21
68889 2205 68872 10 17 7 7
69011 2899 68972 38 39 1 1
69028 2975 68717 218 311 93 68
69093 299 68714 315 379 64 17
69155 1067 68871 182 284 102 0
69293 4087 69286 7 7 0 0
69394 2938 69344 30 50 20 3
69440 1720 69316 97 124 27 0
69659 119 69631 27 28 1 0
69683 1383 69467 146 216 70 7
69718 1312 69682 34 36 2 2
69837 1697 69319 268 518 250 3
70012 3884 69741 257 271 14 0
70120 4118 69080 507 1040 533 5
70316 3823 70307 9 9 0 0
70356 996 70325 28 31 3 3
70403 4506 70199 137 204 67 23
70492 3029 70466 18 26 8 3
70561 2537 70545 16 16 0 0
70644 1003 70409 46 235 189 189
70715 1885 70631 57 84 27 26
70744 4304 70632 103 112 9 2
70751 3237 70351 234 400 166 22
70861 3261 70082 261 779 518 0
70889 4028 70873 16 16 0 0
70942 3827 70784 116 158 42 4
71077 1563 70997 79 80 1 0
71187 1567 70594 232 593 361 349
71212 1079 71193 19 19 0 0
71226 3393 70181 54 1045 991 964
71241 1427 71203 28 38 10 10
71323 1409 70604 54 719 665 638
71329 4129 71301 28 28 0 0
71350 3790 71069 231 281 50 31
71383 2216 70285 161 1098 937 892
71440 252 70825 318 615 297 0
71453 186 70860 57 593 536 536
71608 1375 69541 189 2067 1878 268
71624 3094 71572 33 52 19 19
71749 4612 71686 61 63 2 0
71797 3996 71362 152 435 283 282
71824 517 69758 413 2066 1653 9
71896 3300 63921 463 7975 7512 0
71937 2903 64150 297 7787 7490 244
71981 638 71753 154 228 74 72
72019 628 68099 60 3920 3860 3839
72082 49 71967 104 115 11 0
72137 1206 72123 14 14 0 0
72287 2885 72181 60 106 46 20
72445 407 72350 91 95 4 0
72543 3049 72242 58 301 243 243
72617 2611 72498 90 119 29 27
72630 4542 70936 362 1694 1332 1182
72704 2299 72563 131 141 10 0
72721 3773 72638 80 83 3 0
72734 4981 72702 23 32 9 9
72839 1993 72685 128 154 26 0
72846 2733 72827 19 19 0 0
72937 4898 72411 172 526 354 133
73002 1317 72971 31 31 0 0
73161 4856 73096 42 65 23 23
73383 1578 73359 24 24 0 0
73449 2092 72747 156 702 546 296
73588 1423 73466 112 122 10 0
73685 502 73675 10 10 0 0
73753 2183 73748 5 5 0 0
73858 1300 73829 29 29 0 0
74069 1006 74005 41 64 23 23
74137 234 73473 422 664 242 189
74141 2927 73017 255 1124 869 697
74266 2879 74060 128 206 78 38
74397 2519 74207 175 190 15 0
74562 459 74537 25 25 0 0
74739 894 74634 97 105 8 7
74746 3358 74655 85 91 6 4
74846 353 74830 15 16 1 0
74889 2613 74489 372 400 28 8
74978 1883 74943 33 35 2 1
75013 1807 74882 122 131 9 0
75015 1489 74978 36 37 1 0
75052 4624 74883 139 169 30 0
75102 2174 74860 180 242 62 0
75104 1170 74552 467 552 85 11
75118 3090 75097 15 21 6 6
75203 3588 75144 54 59 5 0
75273 529 75267 6 6 0 0
75301 183 74874 155 427 272 50
75327 3365 75303 23 24 1 0
75433 2627 75243 149 190 41 0
75587 2918 74396 422 1191 769 0
75631 518 75603 28 28 0 0
75678 2077 75284 240 394 154 18
75691 4510 75596 94 95 1 0
75716 56 59780 138 15936 15798 15705
75784 1433 75690 93 94 1 0
75814 2440 75635 163 179 16 0
75869 3309 75650 165 219 54 13
75942 4900 61145 192 14797 14605 54
75951 1541 75861 46 90 44 43
76007 981 61706 339 14301 13962 32
76081 1424 65605 148 10476 10328 0
76101 566 63634 99 12467 12368 12349
76170 436 62860 207 13310 13103 13092
76276 3312 76111 148 165 17 0
76317 3431 66017 293 10300 10007 0
76473 1470 76294 154 179 25 24
76501 2740 76423 44 78 34 8
76563 971 68201 390 8362 7972 5
77105 4550 76628 419 477 58 3
77183 3012 76813 327 370 43 17
77307 2773 77203 83 104 21 20
77394 2949 68050 391 9344 8953 109
77536 732 77000 365 536 171 13
77548 2386 77342 199 206 7 0
77604 1988 77600 4 4 0 0
77665 2748 77573 67 92 25 18
77844 598 77817 22 27 5 5
77869 4994 77853 16 16 0 0
77913 2837 77750 152 163 11 10
77962 757 77820 124 142 18 17
78020 133 77624 299 396 97 0
78055 1589 77659 266 396 130 0
78149 2849 78054 47 95 48 2
78151 2777 78060 90 91 1 0
78187 1580 77834 200 353 153 80
78191 1642 78001 188 190 2 0
78299 3909 77949 180 350 170 72
78381 2088 61491 369 16890 16521 3
78468 351 78413 55 55 0 0
78513 663 78463 44 50 6 6
78549 3567 78511 23 38 15 3
78622 470 78521 53 101 48 48
78688 3224 78325 223 363 140 8
78716 1722 78502 209 214 5 0
78881 4287 78868 11 13 2 2
79022 3906 79005 15 17 2 2
79033 4977 78657 339 376 37 10
79059 3491 79024 33 35 2 0
79100 499 63743 525 15357 14832 0
79125 4017 78603 210 522 312 12
79257 1640 79138 52 119 67 51
79329 460 79224 55 105 50 12
79485 3038 79121 349 364 15 2
79556 4439 78859 221 697 476 0
79685 3071 79353 58 332 274 273
79777 397 79728 43 49 6 6
79801 829 79790 11 11 0 0
79819 4484 79610 190 209 19 0
79898 3092 79831 42 67 25 0
79936 3612 79729 173 207 34 12
79972 2637 79578 339 394 55 9
80066 2121 78846 487 1220 733 2
80156 850 67055 62 13101 13039 13006
80180 1116 66657 136 13523 13387 13328
80291 2283 80283 8 8 0 0
80373 2965 80119 141 254 113 91
80457 1756 80311 114 146 32 0
80514 3764 80307 57 207 150 67
80535 3328 80380 144 155 11 9
80612 745 67864 314 12748 12434 12417
80653 1543 80541 111 112 1 0
80656 1059 80577 78 79 1 0
80759 2866 80152 397 607 210 29
80808 3424 80696 105 112 7 6
80818 2032 80780 25 38 13 0
81008 1680 80816 175 192 17 0
81148 919 80543 149 605 456 6
81299 733 81248 50 51 1 0
81441 3330 81416 25 25 0 0
81519 847 81422 96 97 1 0
81587 1005 80671 61 916 855 568
81596 748 81413 155 183 28 0
81631 3702 81208 328 423 95 0
81702 372 81660 42 42 0 0
81842 1529 81707 122 135 13 0
81866 1615 81767 38 99 61 52
81991 3219 81784 74 207 133 111
82012 454 81962 44 50 6 2
82053 283 82003 39 50 11 10
82115 3735 82102 13 13 0 0
82179 1329 82116 62 63 1 0
82216 3283 81959 161 257 96 37
82284 4244 82262 20 22 2 2
82319 1245 82247 39 72 33 33
82353 1342 82328 25 25 0 0
82399 476 82375 24 24 0 0
82429 3374 81664 179 765 586 39
82436 2494 82372 34 64 30 30
82455 1781 82445 10 10 0 0
82534 2171 82380 101 154 53 50
82608 4945 82427 50 181 131 131
82646 2538 82619 27 27 0 0
82649 150 81925 291 724 433 360
82737 3193 81048 509 1689 1180 549
82784 2552 82723 46 61 15 15
82896 4227 82344 311 552 241 15
82930 4368 81878 166 1052 886 0
83011 3995 82951 35 60 25 6
83096 4984 82953 101 143 42 0
83127 389 83109 18 18 0 0
83184 599 82920 225 264 39 11
83265 988 83059 185 206 21 0
83381 4133 83351 30 30 0 0
83408 3937 83230 109 178 69 68
83506 3343 83204 209 302 93 0
83677 2617 83537 108 140 32 0
83728 1690 83714 14 14 0 0
83856 990 83735 48 121 73 42
84033 3857 84023 10 10 0 0
84062 4508 83922 50 140 90 69
84214 3195 84165 32 49 17 17
84316 1041 84052 108 264 156 5
84331 2507 84143 152 188 36 0
84365 1847 83027 377 1338 961 0
84634 180 84224 231 410 179 108
84681 913 84669 12 12 0 0
84722 4645 83775 103 947 844 821
84753 4015 84175 102 578 476 0
84760 2388 84614 144 146 2 0
84799 994 83115 117 1684 1567 0
84864 2189 84388 254 476 222 26
84950 4082 84874 70 76 6 0
85011 3391 83159 58 1852 1794 1794
85054 3114 85001 49 53 4 4
85169 2006 83792 176 1377 1201 0
85263 4319 85079 182 184 2 0
85446 114 85302 141 144 3 0
85549 771 85428 48 121 73 62
85587 2338 85431 123 156 33 0
85613 920 85081 322 532 210 32
85667 105 85435 109 232 123 26
85688 4460 83097 359 2591 2232 1726
85860 1026 82291 548 3569 3021 606
85927 375 85819 96 108 12 0
85955 1429 85830 120 125 5 1
86074 785 81726 118 4348 4230 13
86190 1912 86150 34 40 6 6
86366 1662 84011 291 2355 2064 0
86481 730 83955 402 2526 2124 2090
86491 2350 86490 1 1 0 0
86511 870 86444 30 67 37 0
86567 4404 86160 313 407 94 31
86653 4409 86648 4 5 1 0
86690 4975 86449 124 241 117 104
86744 2322 86626 115 118 3 0
86765 1191 86469 159 296 137 116
86901 3540 85964 457 937 480 1
86920 3039 86752 148 168 20 19
87029 3473 86717 274 312 38 7
87157 1565 87141 16 16 0 0
87180 4526 87165 15 15 0 0
87185 4934 86949 176 236 60 7
87517 1235 87001 258 516 258 0
87625 2644 87114 382 511 129 72
87655 3789 87343 54 312 258 254
87671 4917 87495 167 176 9 3
87794 895 87737 46 57 11 11
87881 4267 87554 279 327 48 5
87957 594 87956 1 1 0 0
88047 3680 87672 291 375 84 58
88076 2539 87648 51 428 377 330
88139 1906 87992 143 147 4 0
88197 2045 87731 236 466 230 46
88333 1039 86657 150 1676 1526 1454
88367 4066 88335 32 32 0 0
88418 304 88141 268 277 9 4
88506 4913 86835 319 1671 1352 0
88720 164 88545 151 175 24 0
88885 3346 88586 206 299 93 0
88915 722 88771 110 144 34 0
89080 2421 89056 24 24 0 0
89102 3837 88987 93 115 22 9
89112 3060 89104 8 8 0 0
89162 1877 89037 123 125 2 0
89181 2278 89129 26 52 26 10
89200 4724 86343 508 2857 2349 42
89329 4952 88845 316 484 168 7
89336 2040 89279 39 57 18 4
89419 3803 89402 17 17 0 0
89472 3116 89417 45 55 10 10
89781 4758 89714 45 67 22 7
89829 857 88266 328 1563 1235 1207
89896 4286 89881 15 15 0 0
89915 2650 88375 170 1540 1370 0
89946 1413 89839 54 107 53 36
89986 2609 89748 233 238 5 2
90031 2190 88314 319 1717 1398 1378
90129 2974 90109 20 20 0 0
90193 3707 90055 58 138 80 75
90238 2348 90169 53 69 16 16
90365 2798 88794 99 1571 1472 1314
90399 2252 89628 336 771 435 48
90599 2847 89483 59 1116 1057 1017
90708 1560 90398 303 310 7 0
90765 4392 90616 138 149 11 0
90835 1441 90616 55 219 164 164
90862 3104 90673 135 189 54 36
90963 3400 90918 44 45 1 0
91011 4593 90969 42 42 0 0
91135 4448 86355 60 4780 4720 4580
91146 1508 91143 3 3 0 0
91156 1669 91136 19 20 1 0
91168 696 91108 40 60 20 14
91309 3814 86144 265 5165 4900 4790
91424 1167 91397 26 27 1 0
91469 4749 87065 381 4404 4023 25
91487 2575 91476 11 11 0 0
91602 4206 91572 30 30 0 0
91736 3688 91383 148 353 205 171
91753 1635 91752 1 1 0 0
91801 914 91655 114 146 32 29
91812 3264 91651 132 161 29 0
91905 2936 91863 33 42 9 9
91929 1426 91909 20 20 0 0
92018 4290 91842 159 176 17 15
92032 4358 88418 237 3614 3377 0
92096 2862 88590 164 3506 3342 3340
92163 3910 89828 163 2335 2172 2163
92223 2152 92118 54 105 51 46
92318 1306 92032 162 286 124 1
92341 1782 92286 51 55 4 4
92364 4600 92363 1 1 0 0
92365 1514 92078 201 287 86 2
92617 457 92318 253 299 46 1
92619 4702 92300 228 319 91 66
92670 4314 92557 50 113 63 17
92778 4707 92719 58 59 1 0
92808 358 92666 140 142 2 0
92879 38 92834 37 45 8 0
92958 425 92846 84 112 28 22
92983 3157 92696 135 287 152 42
93070 4691 88187 589 4883 4294 35
93189 3808 93013 94 176 82 5
93226 2835 93099 104 127 23 20
93386 2151 93264 121 122 1 0
93411 2800 93140 258 271 13 6
93425 48 93374 29 51 22 10
93487 4846 93272 94 215 121 16
93716 336 93688 26 28 2 2
93726 2409 92784 322 942 620 0
93866 376 93730 119 136 17 11
93956 653 93006 305 950 645 627
94027 819 93678 148 349 201 0
94036 707 93939 88 97 9 0
94074 2383 94018 37 56 19 19
94143 3181 94130 13 13 0 0
94278 355 94235 34 43 9 9
94298 782 92997 355 1301 946 491
94397 4832 94309 71 88 17 0
94457 3736 94179 76 278 202 0
94662 1910 94625 37 37 0 0
94701 1199 94477 188 224 36 3
94749 1843 94629 52 120 68 67
94817 3570 94658 53 159 106 106
94860 4237 93697 57 1163 1106 1106
94878 4114 94743 127 135 8 7
95049 3805 92993 140 2056 1916 1902
95343 4379 95323 20 20 0 0
95401 871 93665 181 1736 1555 1487
95436 1655 95371 39 65 26 0
95552 429 95504 45 48 3 3
95592 1886 94205 343 1387 1044 8
95687 4366 95407 145 280 135 0
95757 3794 95709 34 48 14 0
95790 1036 95678 111 112 1 0
95916 4444 95848 55 68 13 13
96047 548 95979 60 68 8 0
96099 1530 95655 333 444 111 79
96121 3756 95989 118 132 14 12
96204 4713 95646 497 558 61 0
96268 4768 96041 57 227 170 164
96288 2141 95945 150 343 193 135
96304 1273 89817 379 6487 6108 0
96541 567 91054 294 5487 5193 0
96653 4001 96635 18 18 0 0
96735 4788 93182 170 3553 3383 3248
96822 45 94257 254 2565 2311 2308
96950 2306 96413 124 537 413 410
97044 129 96895 47 149 102 102
97080 3162 97000 45 80 35 10
97171 1178 96743 146 428 282 0
97319 1659 97141 162 178 16 15
97359 3072 97326 33 33 0 0
97486 2490 96988 69 498 429 334
97491 3450 97368 121 123 2 0
97605 1539 96127 372 1478 1106 572
97786 2468 97764 21 22 1 1
97799 3080 97743 43 56 13 0
97805 2169 97654 130 151 21 19
97821 2200 97740 63 81 18 0
97839 2569 97806 20 33 13 0
97891 2209 97844 37 47 10 10
97976 4778 97529 381 447 66 0
98071 3333 98070 1 1 0 0
98099 3171 98077 22 22 0 0
98203 3611 98127 46 76 30 19
98462 3026 98393 59 69 10 0
98630 83 98422 152 208 56 41
98670 2433 98454 192 216 24 0
98703 3229 98041 60 662 602 602
98818 145 98791 27 27 0 0
98859 4905 98674 99 185 86 0
98929 4692 98908 21 21 0 0
99017 2688 98687 251 330 79 0
99133 3711 99094 39 39 0 0
99252 3179 98616 150 636 486 461
99343 1621 98594 160 749 589 0
99383 1784 99366 17 17 0 0
99397 3549 98802 392 595 203 81
99420 1815 99410 10 10 0 0
99608 2702 99444 103 164 61 4
99655 1837 99585 32 70 38 0
99660 1315 99540 108 120 12 10
99674 1911 99656 13 18 5 0
99722 3186 99588 131 134 3 0
99730 2071 99689 23 41 18 7
99896 3429 99886 10 10 0 0
99954 1391 99479 343 475 132 0
99959 1985 99606 115 353 238 0
