143 4176 40 101 103 2 0
148 1479 145 3 3 0 0
307 4753 278 29 29 0 0
335 4207 126 165 209 44 0
346 4959 187 157 159 2 0
362 4689 234 127 128 1 0
365 2812 170 193 195 2 0
414 763 319 59 95 36 17
430 110 200 177 230 53 1
437 4372 67 276 370 94 0
677 3260 657 20 20 0 0
716 4827 583 96 133 37 0
731 4185 657 73 74 1 0
822 3109 748 73 74 1 0
835 4352 777 57 58 1 0
877 1709 463 327 414 87 39
892 1725 736 147 156 9 3
905 3061 795 54 110 56 0
1042 4193 235 519 807 288 196
1104 2176 701 251 403 152 0
1181 512 981 186 200 14 0
1227 100 1101 67 126 59 4
1357 169 1224 132 133 1 0
1361 3594 750 430 611 181 17
1396 3775 1358 38 38 0 0
1402 2922 874 260 528 268 32
1429 977 1279 143 150 7 6
1486 1361 1120 291 366 75 62
1501 2366 1411 69 90 21 19
1556 3573 621 74 935 861 421
1632 1142 1144 466 488 22 16
1682 3239 1265 398 417 19 0
1708 4512 1687 21 21 0 0
1799 3721 1793 6 6 0 0
1816 3445 1656 158 160 2 0
1869 4910 1801 49 68 19 19
1877 1846 1743 59 134 75 27
1919 554 1144 422 775 353 193
1944 2647 1555 370 389 19 2
1984 3456 1546 340 438 98 1
2110 1674 1697 167 413 246 134
2136 3692 2081 42 55 13 0
2184 3872 2074 107 110 3 0
2203 4868 1883 281 320 39 0
2279 4123 285 230 1994 1764 243
2343 874 1906 352 437 85 0
2366 1313 2300 66 66 0 0
2389 2578 2249 139 140 1 0
2458 3344 1874 271 584 313 0
2476 2602 2112 358 364 6 0
2484 3280 2352 130 132 2 0
2548 3349 1236 294 1312 1018 71
2624 2529 2596 27 28 1 0
2707 4254 2695 12 12 0 0
2784 98 2738 45 46 1 0
2801 1345 828 185 1973 1788 1753
2811 693 2287 426 524 98 0
2844 4912 726 531 2118 1587 6
2876 1890 642 280 2234 1954 1843
2916 2298 2506 381 410 29 0
2988 646 2881 70 107 37 0
3130 106 3092 37 38 1 0
3158 4457 3107 43 51 8 8
3161 251 1071 441 2090 1649 1606
3163 2079 3156 7 7 0 0
3168 162 2833 321 335 14 0
3194 2851 2976 156 218 62 0
3245 802 2996 186 249 63 0
3324 2848 3178 145 146 1 0
3364 2576 3349 15 15 0 0
3378 1965 3377 1 1 0 0
3434 1452 2057 746 1377 631 420
3436 367 3205 202 231 29 0
3454 1051 3277 169 177 8 0
3465 3605 3442 22 23 1 0
3493 1790 3185 183 308 125 107
3536 549 3467 61 69 8 0
3554 4461 3343 115 211 96 36
3568 861 3552 16 16 0 0
3577 2155 3570 7 7 0 0
3626 2595 3587 39 39 0 0
3673 4446 3654 18 19 1 0
3683 2351 3265 289 418 129 0
3735 1163 3666 68 69 1 0
3802 3983 3383 385 419 34 0
3866 2599 3842 23 24 1 0
3871 1337 3818 49 53 4 0
3926 4962 3211 426 715 289 75
3948 3973 2994 384 954 570 0
3988 1820 3214 325 774 449 0
3998 677 3885 50 113 63 42
4056 2148 2777 600 1279 679 28
4112 3841 4053 57 59 2 0
4146 572 3996 148 150 2 0
4171 3693 3786 287 385 98 0
4216 967 4167 48 49 1 0
4330 3126 3423 351 907 556 0
4393 4776 4378 15 15 0 0
4395 2165 4318 57 77 20 12
4428 1442 4256 155 172 17 11
4495 3447 4411 61 84 23 21
4552 1096 4198 174 354 180 4
4554 2932 4311 156 243 87 52
4585 4888 4269 303 316 13 4
4599 909 3832 500 767 267 0
4638 182 4392 197 246 49 37
4672 295 4559 62 113 51 9
4700 3777 4686 14 14 0 0
4752 1612 4725 27 27 0 0
4777 1017 4743 34 34 0 0
4897 1889 4347 257 550 293 0
4912 53 4728 162 184 22 0
4988 68 4609 341 379 38 7
4995 4909 3432 630 1563 933 3
5071 96 4785 273 286 13 0
5078 3342 4935 87 143 56 41
5164 491 5034 119 130 11 0
5211 22 4855 263 356 93 0
5246 4338 5139 104 107 3 0
5488 4039 5065 395 423 28 0
5502 69 5021 216 481 265 0
5585 1925 5267 121 318 197 195
5613 1706 5605 8 8 0 0
5651 1899 5098 282 553 271 0
5677 3392 5295 340 382 42 0
5732 1919 4877 421 855 434 135
5760 4751 5704 35 56 21 0
5914 1794 4373 533 1541 1008 0
5994 3286 5399 72 595 523 516
6113 3658 5670 380 443 63 0
6131 1394 5536 440 595 155 53
6151 3394 4620 475 1531 1056 0
6217 1947 6150 61 67 6 2
6233 3613 6064 100 169 69 68
6258 4060 6099 132 159 27 26
6297 1684 6166 103 131 28 23
6311 2661 6166 143 145 2 0
6369 1333 6302 61 67 6 0
6431 4279 3593 74 2838 2764 202
6470 4122 5692 502 778 276 0
6489 2804 6409 71 80 9 1
6567 929 6105 275 462 187 178
6665 1205 3345 549 3320 2771 0
6674 927 4862 415 1812 1397 36
6683 2418 4374 186 2309 2123 2058
6695 1088 6667 28 28 0 0
6778 3190 6496 182 282 100 0
6812 1670 6470 313 342 29 1
6837 4808 6355 409 482 73 0
6907 456 6835 53 72 19 0
7083 4809 6505 467 578 111 0
7123 987 5682 167 1441 1274 58
7152 32 6023 349 1129 780 0
7213 2689 7144 60 69 9 9
7288 4300 6850 329 438 109 36
7330 3940 4807 503 2523 2020 0
7337 872 7213 66 124 58 12
7341 4391 1080 204 6261 6057 0
7377 2212 7259 107 118 11 0
7434 4430 7259 171 175 4 0
7457 1177 6751 548 706 158 0
7477 2332 7176 265 301 36 0
7514 232 7497 17 17 0 0
7576 2816 7367 126 209 83 68
7640 245 3122 365 4518 4153 3800
7677 1708 7181 424 496 72 0
7723 3641 7630 86 93 7 0
7785 4257 7370 401 415 14 0
7811 724 7722 88 89 1 0
7870 725 7130 466 740 274 0
7913 4291 7748 62 165 103 85
7979 998 7724 194 255 61 0
7981 2556 7974 7 7 0 0
8009 746 7932 76 77 1 0
8070 2863 7794 240 276 36 0
8082 2103 7343 491 739 248 0
8130 3411 7628 199 502 303 14
8238 1343 8127 110 111 1 0
8277 2590 8054 65 223 158 148
8294 3423 8005 280 289 9 5
8344 3991 7875 427 469 42 0
8353 3463 7817 410 536 126 9
8434 523 7322 485 1112 627 20
8448 2411 8439 9 9 0 0
8458 3898 8298 109 160 51 50
8465 3535 8377 87 88 1 0
8467 1217 8042 67 425 358 357
8470 422 8466 4 4 0 0
8534 2323 7924 244 610 366 0
8576 1608 8080 69 496 427 425
8607 2589 8575 32 32 0 0
8743 4093 8702 34 41 7 6
8768 2054 7783 323 985 662 131
8858 1200 7744 169 1114 945 0
8890 1257 8408 291 482 191 146
8913 1285 8832 80 81 1 0
8938 1531 8515 376 423 47 20
8978 1431 8974 4 4 0 0
9129 762 8923 66 206 140 140
9161 1771 9121 40 40 0 0
9202 2977 9149 52 53 1 0
9272 1284 9040 200 232 32 0
9288 1728 9281 7 7 0 0
9288 322 8938 306 350 44 0
9309 3979 8353 72 956 884 859
9347 3141 8061 212 1286 1074 344
9413 2566 9301 109 112 3 0
9425 1240 4046 578 5379 4801 0
9483 3717 8544 317 939 622 0
9490 3920 9132 353 358 5 0
9534 2725 8934 429 600 171 140
9598 2843 9401 68 197 129 18
9640 3058 9475 148 165 17 14
9793 3234 7686 125 2107 1982 0
9850 899 9180 350 670 320 0
9857 3265 9438 319 419 100 56
9884 20 9499 329 385 56 45
9892 3725 9655 188 237 49 0
9993 4217 9425 485 568 83 0
10010 1122 9876 63 134 71 64
10018 1900 8284 335 1734 1399 0
10043 2691 8815 248 1228 980 0
10065 2981 9706 349 359 10 0
10084 887 10068 16 16 0 0
10129 424 10115 14 14 0 0
10137 3706 10030 106 107 1 0
10145 2677 9888 223 257 34 32
10270 2887 10037 223 233 10 0
10335 222 8163 155 2172 2017 1983
10368 4607 8412 330 1956 1626 672
10419 3519 10330 88 89 1 0
10452 4469 7835 502 2617 2115 0
10469 3465 8091 419 2378 1959 0
10541 3438 9862 557 679 122 0
10623 3943 10268 298 355 57 3
10624 1384 10080 424 544 120 5
10721 1950 10696 24 25 1 0
10739 699 10344 340 395 55 0
10774 2318 10662 108 112 4 0
10833 4701 10799 34 34 0 0
10841 2911 10789 47 52 5 1
10843 658 4468 382 6375 5993 3052
10917 1528 8872 250 2045 1795 0
10996 2557 10763 221 233 12 1
11006 4706 9398 201 1608 1407 17
11025 2966 10831 192 194 2 0
11041 4530 8862 356 2179 1823 1641
11084 905 11072 12 12 0 0
11116 4178 10646 383 470 87 8
11169 2001 11029 122 140 18 0
11177 1829 10929 209 248 39 0
11217 597 10791 368 426 58 0
11247 4021 9756 239 1491 1252 1212
11336 3077 11001 331 335 4 0
11338 2915 11276 59 62 3 1
11352 2479 11341 11 11 0 0
11473 515 11466 7 7 0 0
11489 4618 11486 3 3 0 0
11500 50 11437 50 63 13 13
11513 4063 11253 258 260 2 0
11530 95 11523 7 7 0 0
11628 519 9373 76 2255 2179 2162
11630 2435 11572 57 58 1 0
11651 1724 9300 195 2351 2156 0
11686 4501 11136 409 550 141 0
11704 2875 11218 470 486 16 0
11963 2742 9872 478 2091 1613 0
12140 4680 11840 254 300 46 16
12182 3948 11908 268 274 6 1
12210 4396 12207 3 3 0 0
12226 3356 12179 42 47 5 4
12235 540 12152 63 83 20 0
12278 2333 12241 36 37 1 0
12309 2225 11888 289 421 132 0
12341 2236 12336 5 5 0 0
12391 244 11988 348 403 55 0
12558 2140 12012 491 546 55 7
12569 3063 12266 178 303 125 15
12669 4094 11599 653 1070 417 61
12682 2574 12172 406 510 104 55
12693 1897 12313 238 380 142 138
12852 4245 12752 97 100 3 0
12880 1185 12685 166 195 29 0
12936 973 12894 41 42 1 1
12960 3492 12651 304 309 5 0
12971 4626 12880 90 91 1 0
12989 4426 12964 25 25 0 0
13007 159 12727 258 280 22 18
13099 4210 12512 302 587 285 60
13119 2888 12845 258 274 16 7
13120 2713 12369 464 751 287 93
13239 2030 12835 350 404 54 9
13247 2272 13234 13 13 0 0
13267 3951 13241 26 26 0 0
13295 1248 13218 46 77 31 4
13316 4106 13281 32 35 3 0
13415 3754 13389 25 26 1 0
13453 3051 12639 348 814 466 298
13479 79 13452 27 27 0 0
13530 1542 13126 310 404 94 41
13543 1639 13207 227 336 109 106
13587 2360 13264 287 323 36 0
13719 4253 13373 188 346 158 0
13767 2394 13600 137 167 30 2
13769 951 13501 183 268 85 47
13781 4007 13617 135 164 29 0
13869 4388 12606 510 1263 753 5
13891 1165 13696 189 195 6 4
13900 43 13760 127 140 13 0
13929 1918 13862 65 67 2 0
13982 2592 13956 26 26 0 0
13989 3922 13971 18 18 0 0
13991 2989 13678 290 313 23 0
14028 3604 13014 259 1014 755 642
14056 3878 12982 478 1074 596 0
14058 2707 13504 229 554 325 0
14103 4579 14055 45 48 3 2
14219 3792 13692 379 527 148 47
14223 3674 14034 176 189 13 0
14283 1650 13979 270 304 34 4
14295 4896 14140 129 155 26 23
14357 1053 14234 122 123 1 0
14401 2317 14256 136 145 9 0
14458 2511 14287 169 171 2 0
14461 3125 14452 9 9 0 0
14475 2991 14349 86 126 40 0
14561 4509 14298 67 263 196 73
14567 3194 14195 247 372 125 101
14604 2324 14103 492 501 9 1
14610 3222 14373 205 237 32 0
14734 794 14318 346 416 70 17
14754 4806 14585 166 169 3 0
14762 4272 11724 292 3038 2746 18
14806 1073 14061 229 745 516 0
14840 4733 14385 386 455 69 41
14846 4667 14336 468 510 42 0
14987 3035 14942 41 45 4 3
15018 2173 14700 313 318 5 0
15033 2194 14957 61 76 15 2
15097 3329 14120 267 977 710 40
15190 3021 14934 250 256 6 2
15233 4003 15051 164 182 18 16
15272 505 15247 25 25 0 0
15331 4204 15020 277 311 34 2
15368 3746 10053 258 5315 5057 1652
15379 4697 12134 141 3245 3104 2986
15426 804 15175 231 251 20 7
15445 3583 15433 12 12 0 0
15517 2763 15387 129 130 1 0
15527 4006 15521 6 6 0 0
15535 415 15433 60 102 42 38
15575 4327 15398 175 177 2 0
15580 3542 15385 115 195 80 0
15607 1606 15606 1 1 0 0
15628 2303 15050 519 578 59 0
15632 2085 15589 37 43 6 0
15667 2814 15326 189 341 152 6
15765 28 15421 147 344 197 155
15810 4857 15594 213 216 3 0
15842 2706 15418 346 424 78 9
15864 285 15620 241 244 3 0
15911 1934 15892 19 19 0 0
15921 3954 15358 382 563 181 123
15975 3433 15972 3 3 0 0
16009 318 15304 317 705 388 277
16079 52 15513 200 566 366 5
16191 4397 16037 147 154 7 6
16195 4961 16066 127 129 2 0
16244 4930 16181 62 63 1 0
16287 1061 15663 216 624 408 387
16313 4584 16113 192 200 8 5
16384 2082 16369 15 15 0 0
16388 2859 11766 470 4622 4152 0
16421 2898 12476 191 3945 3754 0
16479 3716 16318 160 161 1 0
16490 4269 16366 59 124 65 60
16558 340 15279 556 1279 723 305
16614 2218 16376 219 238 19 15
16624 3603 12778 163 3846 3683 0
16656 2416 16419 208 237 29 0
16686 536 16626 59 60 1 0
16698 2355 16367 276 331 55 0
16741 4867 16643 54 98 44 44
16769 2087 16643 125 126 1 0
16809 458 16677 129 132 3 0
16827 4058 16818 9 9 0 0
16857 3068 15093 76 1764 1688 1675
16869 4211 13684 185 3185 3000 2875
16910 3220 16473 337 437 100 0
16973 293 16835 136 138 2 0
17050 1140 15714 122 1336 1214 1183
17105 2506 15307 283 1798 1515 1463
17111 4222 17077 34 34 0 0
17124 3097 15398 237 1726 1489 1441
17157 3227 16960 181 197 16 10
17180 4792 17143 34 37 3 0
17296 2422 17282 14 14 0 0
17326 4897 13800 514 3526 3012 0
17420 3828 17373 45 47 2 0
17431 1027 17114 216 317 101 0
17478 2683 17201 164 277 113 0
17499 4055 17406 59 93 34 34
17540 1848 16542 447 998 551 0
17591 3446 17554 37 37 0 0
17621 4408 17314 248 307 59 0
17655 15 17336 315 319 4 0
17672 4902 17421 200 251 51 31
17693 4854 17527 164 166 2 0
17731 1902 16140 628 1591 963 39
17772 674 17743 28 29 1 1
17805 4142 17600 160 205 45 43
17811 432 17596 213 215 2 0
17811 765 17399 227 412 185 0
17943 4107 17197 327 746 419 49
17961 4573 17784 154 177 23 22
17973 3389 17897 75 76 1 0
18000 3718 17787 123 213 90 0
18051 1850 17713 190 338 148 99
18076 1389 18028 48 48 0 0
18140 4986 17846 128 294 166 1
18196 4904 17740 387 456 69 25
18334 455 18325 9 9 0 0
18368 4631 16606 308 1762 1454 93
18468 1992 18026 368 442 74 0
18554 2531 18483 60 71 11 4
18658 3299 18008 333 650 317 12
18677 2957 18655 22 22 0 0
18729 4192 18587 89 142 53 0
18737 1482 18589 143 148 5 0
18751 1373 18477 239 274 35 0
18809 754 18552 114 257 143 0
18822 2705 18460 192 362 170 5
18872 3502 18859 13 13 0 0
18875 4963 18803 65 72 7 7
18883 1645 18834 49 49 0 0
18895 3949 18749 144 146 2 0
18899 622 18880 18 19 1 0
18945 582 18913 32 32 0 0
19137 2889 18084 541 1053 512 0
19141 2709 19070 68 71 3 0
19285 1278 17402 478 1883 1405 19
19338 3055 19180 157 158 1 0
19380 1001 19278 64 102 38 36
19415 461 18991 348 424 76 0
19450 4874 19368 81 82 1 0
19476 4072 19022 334 454 120 0
19504 2393 18679 395 825 430 143
19709 1752 19259 336 450 114 16
19763 1568 19190 507 573 66 6
19780 3276 19739 40 41 1 0
19847 4320 19746 86 101 15 0
19867 4995 19385 326 482 156 23
19900 1522 19896 4 4 0 0
20033 3327 19475 506 558 52 2
20071 4419 19877 138 194 56 0
20231 4425 20205 25 26 1 0
20252 2390 20126 101 126 25 0
20309 1881 20093 181 216 35 0
20325 740 20135 61 190 129 63
20361 2982 20149 113 212 99 1
20450 2142 19604 475 846 371 131
20507 1365 20104 327 403 76 20
20509 1271 20476 33 33 0 0
20537 2967 18331 153 2206 2053 0
20600 4558 20484 71 116 45 26
20601 2124 20291 297 310 13 6
20605 1458 20590 15 15 0 0
20651 3532 20373 256 278 22 7
20700 1467 20634 54 66 12 11
20740 3360 20633 95 107 12 6
20793 4914 20592 185 201 16 9
20819 3348 20790 29 29 0 0
20896 4810 20216 207 680 473 335
20912 1970 20844 58 68 10 9
20914 27 20906 8 8 0 0
20947 654 20662 69 285 216 209
21034 3420 20562 426 472 46 0
21112 4911 21035 76 77 1 0
21152 588 20352 396 800 404 0
21233 171 20807 399 426 27 8
21244 4665 21155 87 89 2 0
21256 1290 21235 21 21 0 0
21291 4076 20371 141 920 779 0
21366 700 21305 60 61 1 0
21367 1916 21020 312 347 35 16
21480 2265 21141 182 339 157 0
21541 3861 21519 19 22 3 0
21545 3322 21454 83 91 8 0
21571 2754 21437 58 134 76 60
21601 1958 18013 554 3588 3034 976
21656 3475 21054 486 602 116 0
21665 1842 21277 233 388 155 0
21684 1031 20089 288 1595 1307 1285
21760 4186 21257 203 503 300 0
21782 2913 21361 402 421 19 0
21791 2480 21658 109 133 24 16
21875 3410 20428 160 1447 1287 672
21875 211 21582 222 293 71 0
21917 174 21642 255 275 20 15
21990 1131 19807 421 2183 1762 0
22077 1753 21612 459 465 6 0
22094 3117 22064 29 30 1 0
22098 2861 19248 497 2850 2353 0
22135 1449 22006 128 129 1 0
22157 938 22073 46 84 38 22
22234 603 21790 430 444 14 0
22261 879 19068 291 3193 2902 2774
22412 2979 22233 174 179 5 2
22453 2579 22277 138 176 38 0
22475 3719 22257 200 218 18 7
22670 2749 22518 150 152 2 0
22675 3788 19450 573 3225 2652 4
22675 1071 22570 71 105 34 24
22721 1607 22192 406 529 123 0
22786 1976 22368 350 418 68 0
22794 4062 5266 329 17528 17199 18
22819 2310 22654 162 165 3 0
22825 1363 22644 113 181 68 55
22910 2753 20519 514 2391 1877 0
22994 1100 22981 13 13 0 0
22997 3894 22953 39 44 5 4
23031 1956 22903 121 128 7 0
23035 3584 22729 267 306 39 0
23049 835 5265 373 17784 17411 0
23088 1395 22669 405 419 14 7
23103 2373 22951 127 152 25 0
23143 1707 23098 44 45 1 0
23146 3917 22941 68 205 137 95
23281 2562 23027 133 254 121 117
23417 3351 22891 408 526 118 0
23438 2175 6894 249 16544 16295 0
23443 1511 23194 246 249 3 0
23468 2255 22905 408 563 155 116
23484 1968 23337 105 147 42 0
23560 280 12720 77 10840 10763 10703
23582 3763 7793 500 15789 15289 1860
23601 2830 23486 114 115 1 0
23695 3022 13429 161 10266 10105 0
23730 4423 23477 245 253 8 4
23733 1272 23679 53 54 1 0
23775 912 11783 410 11992 11582 0
23805 581 23600 202 205 3 0
23842 1874 14089 307 9753 9446 0
23891 4970 23451 404 440 36 0
23961 1723 19033 291 4928 4637 28
24050 1084 15987 672 8063 7391 205
24096 1243 23831 253 265 12 5
24122 4834 24081 34 41 7 6
24132 1975 22033 91 2099 2008 0
24200 1022 20662 613 3538 2925 52
24272 1350 23906 328 366 38 0
24290 1576 21600 339 2690 2351 0
24340 1447 24026 263 314 51 0
24394 3624 24382 12 12 0 0
24415 2229 22786 77 1629 1552 1522
24421 4213 24108 265 313 48 0
24484 3050 23254 159 1230 1071 0
24551 112 24239 307 312 5 0
24618 1485 24600 18 18 0 0
24656 3819 24606 49 50 1 0
24659 3212 24177 437 482 45 15
24725 3705 12305 262 12420 12158 11065
24774 2399 24496 226 278 52 0
24804 3231 24721 40 83 43 43
24864 533 24762 91 102 11 10
24915 2276 24862 50 53 3 3
24917 197 24464 224 453 229 0
24924 2955 24906 17 18 1 0
24944 1665 24858 83 86 3 2
25031 1601 24609 321 422 101 60
25032 2635 24653 341 379 38 7
25063 4383 22821 509 2242 1733 0
25103 3578 25061 41 42 1 0
25219 936 25064 110 155 45 34
25268 2995 25235 30 33 3 0
25299 3384 25230 51 69 18 0
25315 600 25131 158 184 26 5
25375 4490 25341 32 34 2 0
25387 2820 24848 280 539 259 201
25436 4549 25351 67 85 18 0
25511 568 24448 637 1063 426 5
25534 4773 25303 196 231 35 0
25556 2042 25170 363 386 23 0
25569 1297 25369 174 200 26 0
25600 258 25367 215 233 18 13
25645 2311 25243 127 402 275 194
25663 812 24604 71 1059 988 957
25704 742 24605 384 1099 715 20
25748 4414 25482 182 266 84 8
25876 2025 25740 69 136 67 66
25886 2616 25492 367 394 27 13
25893 1488 25719 171 174 3 0
25899 1656 25773 72 126 54 37
25905 4485 25893 12 12 0 0
25933 2387 25903 30 30 0 0
25946 1462 25622 201 324 123 0
25970 526 25729 129 241 112 20
26002 3209 25912 60 90 30 14
26054 196 25535 461 519 58 0
26089 2738 26077 12 12 0 0
26133 4340 25990 142 143 1 0
26283 3482 26187 86 96 10 5
26495 4103 25852 399 643 244 125
26496 1230 26475 21 21 0 0
26549 2865 25927 313 622 309 0
26652 2261 26633 19 19 0 0
26660 2755 24548 356 2112 1756 0
26686 4432 26528 138 158 20 18
26739 4022 26394 287 345 58 7
26746 557 26595 123 151 28 11
26758 685 26007 474 751 277 152
26779 2400 26747 32 32 0 0
26847 1972 26049 410 798 388 0
26925 1504 26870 50 55 5 5
26929 2805 26475 388 454 66 21
27007 3083 26913 93 94 1 0
27029 2326 26998 31 31 0 0
27031 3031 26929 94 102 8 7
27094 4830 27092 2 2 0 0
27175 3862 27156 19 19 0 0
27191 4870 26717 187 474 287 59
27280 4401 26713 452 567 115 3
27336 1512 27092 144 244 100 37
27466 3768 27360 105 106 1 0
27485 305 26861 180 624 444 430
27525 3976 26923 401 602 201 7
27578 1861 26897 473 681 208 51
27615 3046 26062 412 1553 1141 5
27662 1227 26924 568 738 170 28
27699 4247 26897 164 802 638 589
27714 2 27310 385 404 19 0
27716 3335 27052 559 664 105 0
27777 3840 27655 89 122 33 24
27787 3073 27121 417 666 249 0
27840 1867 27746 57 94 37 0
27946 4686 27805 128 141 13 1
28008 2168 27975 32 33 1 0
28032 4601 27590 304 442 138 110
28044 856 24815 176 3229 3053 3041
28078 4616 2900 248 25178 24930 0
28123 4675 26980 257 1143 886 761
28248 3826 27889 344 359 15 11
28250 3274 28072 139 178 39 22
28282 2515 27978 192 304 112 101
28299 4337 5139 206 23160 22954 0
28337 103 28102 173 235 62 0
28368 4721 28002 361 366 5 0
28427 3728 28417 10 10 0 0
28431 950 27640 365 791 426 99
28455 1224 28262 149 193 44 0
28515 475 28507 8 8 0 0
28533 1472 28032 395 501 106 13
28571 1731 28343 153 228 75 0
28625 2035 28619 6 6 0 0
28636 3653 28272 349 364 15 0
28690 4443 28556 132 134 2 0
28694 314 28400 291 294 3 0
28863 23 28443 386 420 34 0
28917 8 28271 413 646 233 0
28985 613 28752 150 233 83 12
29066 2376 28705 71 361 290 281
29162 683 28927 219 235 16 7
29324 317 28707 396 617 221 21
29374 4348 29026 286 348 62 0
29383 586 29070 308 313 5 2
29422 1457 28711 152 711 559 324
29519 1296 29309 175 210 35 33
29528 1182 29519 9 9 0 0
29554 4646 28954 224 600 376 0
29556 2939 29551 5 5 0 0
29558 3800 29118 280 440 160 65
29563 3236 29527 30 36 6 0
29600 2855 29219 261 381 120 11
29637 4786 29614 23 23 0 0
29669 749 28459 309 1210 901 0
29781 256 29750 31 31 0 0
29802 3864 29784 18 18 0 0
29921 4998 29752 98 169 71 70
29927 2732 29863 46 64 18 0
29930 4887 29575 257 355 98 26
29965 1701 29722 239 243 4 0
30031 4187 29970 54 61 7 7
30062 1348 29645 406 417 11 0
30156 4615 29299 379 857 478 0
30273 1129 30020 64 253 189 156
30288 3414 30281 7 7 0 0
30328 3816 29671 266 657 391 0
30335 843 29997 302 338 36 0
30340 3228 30206 133 134 1 0
30355 2925 30225 127 130 3 0
30388 3871 30179 68 209 141 98
30450 1793 30028 224 422 198 35
30489 399 30479 10 10 0 0
30511 625 29878 206 633 427 6
30528 2559 29680 247 848 601 4
30636 4839 29870 311 766 455 0
30679 1540 30582 95 97 2 0
30708 1610 30704 4 4 0 0
30732 2716 30628 88 104 16 0
30734 3870 30700 33 34 1 0
30779 1603 30778 1 1 0 0
30822 4399 29730 313 1092 779 730
30914 255 30654 206 260 54 33
30941 976 30892 34 49 15 0
30969 4411 30017 499 952 453 0
30999 4219 30742 201 257 56 0
31072 702 30873 179 199 20 0
31080 4252 30540 412 540 128 13
31124 4674 31072 50 52 2 1
31125 2068 30530 169 595 426 0
31291 4521 31151 138 140 2 0
31357 3294 31231 124 126 2 0
31357 4051 29835 355 1522 1167 0
31462 2337 31177 278 285 7 0
31469 1352 31433 36 36 0 0
31555 777 31513 42 42 0 0
31629 2485 31084 357 545 188 16
31665 332 31211 345 454 109 0
31721 681 28409 75 3312 3237 2692
31732 3802 31561 165 171 6 0
31743 751 31732 11 11 0 0
31808 858 31381 398 427 29 0
31889 4750 31658 210 231 21 0
31930 629 31880 40 50 10 10
31931 4233 31915 16 16 0 0
31966 42 31446 428 520 92 17
31973 3709 31737 210 236 26 0
32023 3536 31763 179 260 81 0
32038 4435 31942 64 96 32 32
32097 511 31769 285 328 43 21
32118 1056 31954 159 164 5 0
32195 4108 32160 28 35 7 7
32281 2219 31999 274 282 8 0
32313 1356 31224 580 1089 509 5
32318 4644 32215 56 103 47 22
32382 3992 31597 183 785 602 599
32507 4613 28140 508 4367 3859 0
32515 1740 28397 461 4118 3657 0
32542 2172 32370 154 172 18 0
32574 4522 32523 51 51 0 0
32612 2687 31656 372 956 584 5
32708 3160 32685 23 23 0 0
32764 564 30999 413 1765 1352 372
32809 1054 31538 440 1271 831 813
32825 4489 32385 356 440 84 32
32892 633 29254 329 3638 3309 0
32913 1651 32564 343 349 6 0
32926 3933 29539 332 3387 3055 0
32965 4159 32920 45 45 0 0
32996 3462 32660 281 336 55 0
33005 3924 4870 502 28135 27633 0
33111 4893 5766 201 27345 27144 1056
33115 3562 29044 343 4071 3728 0
33118 1328 33004 112 114 2 0
33137 2695 6082 227 27055 26828 0
33299 1997 33081 158 218 60 57
33361 3375 33175 178 186 8 0
33368 865 33367 1 1 0 0
33395 1492 6760 335 26635 26300 0
33408 107 33006 345 402 57 0
33505 4590 33337 144 168 24 0
33528 1358 33248 272 280 8 3
33592 3362 9390 392 24202 23810 192
33674 1435 33410 194 264 70 0
33744 4987 5536 595 28208 27613 27316
33804 3730 10927 230 22877 22647 22554
33943 4574 33774 167 169 2 1
34010 176 33769 209 241 32 0
34050 3036 33997 53 53 0 0
34164 2036 34001 75 163 88 87
34173 412 34031 131 142 11 9
34220 1788 33586 342 634 292 0
34259 2266 34162 74 97 23 12
34338 1622 33858 172 480 308 0
34348 1858 33898 374 450 76 7
34396 4373 34092 243 304 61 0
34397 2296 33864 265 533 268 36
34545 4916 13698 222 20847 20625 20532
34645 4322 34398 239 247 8 0
34788 1030 34686 95 102 7 0
34793 1020 13908 458 20885 20427 0
34803 2361 34369 312 434 122 0
34804 4534 34531 263 273 10 0
34895 279 34880 15 15 0 0
34955 778 34633 187 322 135 0
34964 679 34427 296 537 241 0
35003 3622 34637 295 366 71 9
35141 2024 35104 37 37 0 0
35165 4715 16151 280 19014 18734 0
35173 2285 15694 229 19479 19250 149
35250 636 19015 314 16235 15921 52
35267 923 34954 293 313 20 11
35320 449 35086 214 234 20 0
35471 3290 35222 222 249 27 0
35531 4826 22262 78 13269 13191 13101
35543 4988 35250 227 293 66 14
35595 4431 35236 312 359 47 0
35622 1713 21071 281 14551 14270 11
35658 2188 35397 211 261 50 10
35682 3654 35643 39 39 0 0
35701 3372 35645 56 56 0 0
35707 834 35526 171 181 10 6
35845 4172 35515 321 330 9 3
35937 2211 35733 185 204 19 0
35940 1786 35385 215 555 340 323
36032 1456 35746 281 286 5 0
36099 2161 35627 360 472 112 61
36115 1128 35753 249 362 113 0
36138 3266 36064 68 74 6 0
36164 1218 35406 578 758 180 33
36174 555 35623 310 551 241 0
36185 1255 36034 149 151 2 0
36279 1187 36263 16 16 0 0
36284 3381 36175 69 109 40 0
36300 3019 36181 117 119 2 0
36346 2663 35780 345 566 221 0
36349 626 36041 189 308 119 87
36393 3883 36250 59 143 84 74
36426 4234 36227 180 199 19 16
36468 966 35995 455 473 18 0
36525 4240 36380 61 145 84 2
36557 848 36354 173 203 30 0
36589 2288 36442 103 147 44 0
36681 1341 36387 73 294 221 221
36688 798 36062 265 626 361 0
36863 1555 22707 334 14156 13822 21
36984 3873 24824 464 12160 11696 0
37012 2751 27626 177 9386 9209 0
37084 85 36457 511 627 116 0
37091 1161 37050 41 41 0 0
37095 1928 37085 10 10 0 0
37119 4119 36312 569 807 238 159
37168 4221 37103 55 65 10 2
37271 2778 37041 66 230 164 155
37332 3172 37309 23 23 0 0
37349 4878 37243 86 106 20 18
37480 4529 37127 304 353 49 0
37527 2484 37024 436 503 67 3
37531 4462 37366 157 165 8 0
37576 2643 37564 11 12 1 0
37593 924 37475 114 118 4 0
37597 1932 37204 260 393 133 0
37622 3485 37073 178 549 371 96
37653 350 37581 59 72 13 13
37668 4671 37381 130 287 157 0
37693 1266 37653 39 40 1 1
37765 4073 37731 32 34 2 2
37813 3923 37717 95 96 1 0
37829 4578 37248 463 581 118 40
37848 3268 37722 57 126 69 52
37850 2284 37844 6 6 0 0
37893 569 37812 78 81 3 0
37965 0 37829 56 136 80 1
37995 3929 37764 226 231 5 0
38070 324 37753 272 317 45 0
38112 3902 37017 460 1095 635 0
38138 4943 37688 313 450 137 0
38184 2413 37835 217 349 132 0
38243 786 9170 564 29073 28509 23877
38343 756 38238 103 105 2 0
38378 4821 38272 105 106 1 0
38383 440 38163 89 220 131 0
38446 18 38439 7 7 0 0
38480 3184 38448 32 32 0 0
38489 4884 38406 42 83 41 18
38531 2166 38193 296 338 42 0
38598 4796 38527 70 71 1 0
38632 805 38187 436 445 9 0
38706 2890 38420 195 286 91 3
38712 138 38108 544 604 60 5
38795 1469 38403 376 392 16 0
38824 3326 38592 197 232 35 7
38848 4047 14819 225 24029 23804 20088
38859 1156 38828 30 31 1 0
38873 4589 38573 280 300 20 0
38889 1757 38610 234 279 45 0
38987 2724 38676 269 311 42 0
38991 4424 38649 293 342 49 1
39027 2242 38843 114 184 70 69
39093 3217 39055 38 38 0 0
39095 154 38406 264 689 425 166
39301 881 38728 274 573 299 262
39381 4455 37699 568 1682 1114 16
39422 3900 39184 202 238 36 11
39430 2297 39386 44 44 0 0
39527 2811 39226 71 301 230 197
39561 3860 39273 74 288 214 212
39625 2541 39478 134 147 13 0
39635 4132 39478 155 157 2 0
39637 1477 39565 62 72 10 8
39689 1888 39654 35 35 0 0
39710 4873 39436 250 274 24 0
39809 3314 39730 62 79 17 0
39835 1823 39692 141 143 2 0
39850 3085 36366 479 3484 3005 0
39896 1202 39590 293 306 13 0
39989 1629 39739 185 250 65 0
40049 58 39657 282 392 110 33
40130 755 39901 226 229 3 0
40143 4158 36622 483 3521 3038 0
40173 4923 40131 38 42 4 0
40202 3824 39806 270 396 126 91
40257 1604 40106 109 151 42 0
40261 4804 39956 257 305 48 0
40301 2895 40239 43 62 19 0
40331 1799 39699 465 632 167 27
40370 1402 32365 133 8005 7872 0
40427 137 40319 103 108 5 1
40452 898 40293 142 159 17 0
40518 1490 40138 323 380 57 0
40546 2581 40340 192 206 14 0
40549 1422 23219 228 17330 17102 13553
40571 2065 40522 48 49 1 0
40599 1015 40588 11 11 0 0
40614 342 39424 510 1190 680 0
40668 3371 40256 76 412 336 115
40701 3858 40693 8 8 0 0
40718 2249 40580 75 138 63 56
40774 2091 40702 65 72 7 0
40810 4623 40415 232 395 163 103
40830 1242 40503 242 327 85 63
40865 2313 40805 35 60 25 0
40901 4329 40891 10 10 0 0
40932 3199 40536 364 396 32 0
40962 1872 40665 272 297 25 0
41120 1696 37207 267 3913 3646 3580
41149 335 41123 26 26 0 0
41174 2770 41129 35 45 10 0
41189 3853 37870 521 3319 2798 0
41254 2094 34576 78 6678 6600 3788
41275 2228 40815 328 460 132 0
41372 3363 41326 46 46 0 0
41409 486 41275 133 134 1 0
41420 1318 41047 179 373 194 31
41451 2371 39251 78 2200 2122 2122
41500 3875 40714 517 786 269 0
41517 1014 41215 238 302 64 0
41558 2102 41513 45 45 0 0
41560 3272 41030 452 530 78 3
41640 2439 41620 20 20 0 0
41659 463 41654 5 5 0 0
41724 47 41125 348 599 251 138
41820 4729 41420 388 400 12 0
41874 926 38644 465 3230 2765 348
41887 19 41880 7 7 0 0
41888 3679 41464 391 424 33 0
41891 2226 41744 137 147 10 8
41924 2379 41567 337 357 20 0
41989 4604 41984 5 5 0 0
42005 4819 41618 75 387 312 23
42010 645 41676 255 334 79 42
42025 4321 42015 10 10 0 0
42032 2953 42008 23 24 1 0
42039 2432 41843 151 196 45 0
42181 1216 41995 136 186 50 38
42359 3629 42285 68 74 6 6
42433 3396 42129 195 304 109 0
42489 2994 42357 68 132 64 22
42554 2157 42358 190 196 6 3
42556 3081 41955 304 601 297 293
42620 341 3131 449 39489 39040 0
42734 391 42591 140 143 3 0
42748 1581 42637 100 111 11 0
42774 2673 42734 40 40 0 0
42838 2789 42832 6 6 0 0
42853 4153 42702 150 151 1 0
43052 839 42338 603 714 111 0
43070 543 42908 160 162 2 0
43071 3357 42587 404 484 80 23
43081 3341 42837 73 244 171 66
43144 2544 43128 16 16 0 0
43159 2960 43111 33 48 15 10
43193 3925 42586 505 607 102 0
43198 3854 42718 283 480 197 146
43238 4173 42499 334 739 405 0
43312 1739 43214 71 98 27 25
43339 662 42869 401 470 69 23
43341 2109 43295 45 46 1 0
43353 1677 42934 320 419 99 26
43374 4009 43316 57 58 1 0
43514 4116 43510 4 4 0 0
43525 2181 43515 10 10 0 0
43529 611 43396 58 133 75 0
43538 1474 43466 71 72 1 0
43550 605 43403 119 147 28 0
43598 4059 42969 501 629 128 0
43621 216 43597 22 24 2 2
43726 2016 43659 66 67 1 0
43792 1940 43746 46 46 0 0
43879 4331 43048 293 831 538 24
43920 1768 43455 177 465 288 35
43934 1265 43570 129 364 235 0
43988 4110 43796 187 192 5 0
44029 1283 43639 269 390 121 117
44042 3505 43590 367 452 85 0
44156 1898 42750 394 1406 1012 0
44185 3484 43576 411 609 198 13
44261 2801 44079 77 182 105 22
44286 4925 43471 371 815 444 426
44320 4205 44167 77 153 76 54
44467 4642 44165 280 302 22 0
44493 3850 44467 26 26 0 0
44517 2414 44124 350 393 43 0
44534 3815 44218 175 316 141 120
44601 333 44489 63 112 49 49
44665 2782 44594 63 71 8 6
44706 668 44062 520 644 124 12
44725 1632 44724 1 1 0 0
44753 4164 44574 162 179 17 0
44802 1368 44493 195 309 114 0
44822 4013 8723 368 36099 35731 0
44955 3697 44922 33 33 0 0
44988 2553 44814 154 174 20 19
45084 2902 44631 439 453 14 0
45097 4493 44783 253 314 61 1
45117 1832 44871 243 246 3 1
45153 1203 44790 238 363 125 66
45154 1037 44986 154 168 14 0
45166 3526 45161 5 5 0 0
45169 2545 45011 90 158 68 0
45247 1145 45167 77 80 3 3
45284 3453 45065 206 219 13 0
45290 1849 44965 252 325 73 0
45303 4980 45050 187 253 66 3
45310 473 8634 534 36676 36142 0
45457 1503 45435 22 22 0 0
45461 2011 45112 295 349 54 43
45648 4041 45450 118 198 80 28
45660 2246 45322 239 338 99 31
45664 3785 11701 79 33963 33884 33406
45770 4115 45598 163 172 9 0
45784 1382 45637 145 147 2 0
45793 1450 45300 437 493 56 0
45811 652 44936 681 875 194 0
45824 2263 45798 26 26 0 0
45831 922 45347 384 484 100 24
45901 3845 45670 109 231 122 0
45941 4869 45404 214 537 323 0
45948 3167 45596 330 352 22 0
45953 1698 45541 371 412 41 0
45987 4918 45735 110 252 142 140
46087 1663 45948 118 139 21 0
46107 3087 46048 51 59 8 0
46183 2765 45740 397 443 46 0
46223 1598 14891 413 31332 30919 31
46237 300 46161 66 76 10 9
46305 1746 46133 139 172 33 0
46353 3820 45915 367 438 71 27
46358 1984 46094 256 264 8 0
46377 2736 45955 382 422 40 0
46412 769 11628 650 34784 34134 0
46454 2764 46391 47 63 16 0
46463 1634 15650 374 30813 30439 34
46472 2133 46192 147 280 133 0
46490 3512 46292 161 198 37 0
46557 4418 46390 160 167 7 0
46587 2280 46547 29 40 11 3
46662 1839 15889 399 30773 30374 33
46662 2550 46254 376 408 32 0
46745 1751 46501 239 244 5 0
46751 1408 46457 274 294 20 17
46971 3095 46494 413 477 64 0
46993 2810 46982 11 11 0 0
47023 2813 46551 397 472 75 0
47157 2059 47013 136 144 8 0
47308 1562 47281 27 27 0 0
47322 3795 47287 35 35 0 0
47382 2022 46586 574 796 222 2
47413 4035 46544 426 869 443 0
47436 823 46398 123 1038 915 0
47453 1619 47045 399 408 9 0
47476 2047 47420 44 56 12 12
47516 1249 47336 130 180 50 0
47575 3191 47491 82 84 2 0
47576 4622 47478 96 98 2 0
47621 4025 47601 20 20 0 0
47623 1019 46945 529 678 149 0
47631 792 47522 106 109 3 0
47672 2916 46972 405 700 295 0
47698 727 47160 460 538 78 0
47712 2656 47703 9 9 0 0
47843 1825 47840 3 3 0 0
47860 4656 47301 178 559 381 13
47926 1190 47833 91 93 2 0
47933 200 47422 72 511 439 395
47977 4117 47938 39 39 0 0
48054 573 47888 57 166 109 90
48089 3807 47740 210 349 139 0
48194 516 48060 133 134 1 0
48303 3844 48007 275 296 21 0
48304 2912 48107 191 197 6 0
48341 2234 47875 383 466 83 16
48370 4580 47808 200 562 362 2
48439 1291 48146 266 293 27 0
48541 1229 48053 390 488 98 0
48576 193 48209 335 367 32 20
48613 3323 48609 4 4 0 0
48644 2122 47939 455 705 250 8
48750 93 48622 127 128 1 0
48780 2305 48075 139 705 566 531
48806 390 48751 43 55 12 0
48865 2167 48815 49 50 1 0
48931 4243 48894 36 37 1 0
48938 4091 48867 69 71 2 0
49022 2802 48370 371 652 281 0
49036 160 47744 476 1292 816 5
49055 184 48359 215 696 481 423
49091 649 48315 531 776 245 100
49117 253 49102 15 15 0 0
49141 187 46393 175 2748 2573 825
49191 3953 49158 32 33 1 0
49238 2638 49202 36 36 0 0
49259 2858 49252 7 7 0 0
49452 73 49151 292 301 9 0
49488 276 49400 86 88 2 0
49505 2380 49055 320 450 130 10
49534 682 48349 564 1185 621 0
49655 3796 49092 401 563 162 53
49782 3128 49724 52 58 6 0
49824 2286 49062 492 762 270 151
49889 1102 49651 212 238 26 25
49913 4183 49880 33 33 0 0
49992 4993 49770 138 222 84 0
50023 343 49945 65 78 13 8
50029 650 49618 244 411 167 0
50050 2402 49462 506 588 82 0
50080 121 49802 263 278 15 0
50165 3285 48705 316 1460 1144 939
50182 2571 50126 55 56 1 0
50328 447 49887 294 441 147 90
50367 2160 50139 193 228 35 7
50387 882 50098 259 289 30 0
50407 4545 50187 181 220 39 0
50458 4230 50253 184 205 21 1
50461 4339 50278 140 183 43 0
50467 2632 50436 30 31 1 0
50489 3307 50299 157 190 33 0
50538 1860 50437 100 101 1 0
50581 3989 50560 21 21 0 0
50614 4784 50585 28 29 1 0
50628 1210 49969 171 659 488 244
50632 4672 50339 112 293 181 161
50720 1957 50387 259 333 74 0
50752 4990 50361 252 391 139 1
50791 4075 50366 394 425 31 2
50938 3037 50562 182 376 194 193
51017 4282 51007 10 10 0 0
51020 3373 50865 63 155 92 79
51102 4835 50622 371 480 109 0
51135 1194 50646 424 489 65 0
51148 4797 50808 272 340 68 25
51199 3602 51060 63 139 76 52
51236 3710 51122 78 114 36 35
51240 3963 51122 112 118 6 4
51271 2444 51221 34 50 16 16
51279 2475 51229 38 50 12 12
51366 1181 50459 419 907 488 0
51388 306 47427 193 3961 3768 55
51413 26 50717 361 696 335 4
51421 2923 48711 380 2710 2330 0
51505 2113 49110 532 2395 1863 0
51523 1004 17813 79 33710 33631 33610
51558 4779 51445 91 113 22 0
51562 4140 51216 327 346 19 1
51571 4052 15828 293 35743 35450 275
51675 464 51374 172 301 129 0
51689 4817 18843 269 32846 32577 57
51700 1502 50413 286 1287 1001 954
51734 4285 51640 62 94 32 23
51781 2704 51765 16 16 0 0
51785 4982 51745 38 40 2 0
51807 3698 51759 34 48 14 0
51830 4968 51558 269 272 3 0
51856 1822 51638 165 218 53 0
52131 1401 51836 292 295 3 0
52292 30 52090 176 202 26 6
52365 4266 52271 87 94 7 3
52382 385 52357 25 25 0 0
52385 1078 52310 74 75 1 0
52399 1075 23175 463 29224 28761 0
52449 4518 52400 49 49 0 0
52519 2384 23436 457 29083 28626 0
52602 1444 51812 543 790 247 2
52615 3557 52074 202 541 339 83
52675 2828 52166 492 509 17 0
52783 218 52290 461 493 32 3
52843 3726 52842 1 1 0 0
52957 3306 52360 309 597 288 280
52967 1657 52828 118 139 21 2
53067 3143 52470 561 597 36 0
53071 1758 52606 283 465 182 0
53234 1212 52533 470 701 231 183
53320 4833 53133 177 187 10 5
53361 3297 52568 487 793 306 10
53430 3406 53361 44 69 25 1
53458 219 52815 514 643 129 3
53578 928 53280 280 298 18 0
53583 2796 53384 184 199 15 13
53741 615 53420 260 321 61 0
53786 3516 53735 44 51 7 7
53813 373 53802 11 11 0 0
53923 1237 53889 34 34 0 0
53944 1914 53852 73 92 19 17
53968 2633 53927 38 41 3 0
54044 1108 54036 8 8 0 0
54140 2111 54135 5 5 0 0
54155 3440 53422 579 733 154 9
54197 2929 53229 175 968 793 6
54221 1421 54089 109 132 23 5
54225 1120 53830 342 395 53 0
54230 781 54197 32 33 1 1
54251 3966 54165 85 86 1 0
54256 3240 53788 362 468 106 0
54414 3632 54231 71 183 112 61
54435 1169 54197 235 238 3 0
54501 704 54445 34 56 22 0
54516 3879 53573 367 943 576 98
54607 4112 54321 257 286 29 0
54692 2823 54689 3 3 0 0
54694 3122 54672 21 22 1 0
54740 2203 54611 126 129 3 0
54772 1681 53631 455 1141 686 0
54801 1571 54543 248 258 10 5
54807 4303 54307 321 500 179 0
54819 1761 54453 331 366 35 0
54844 1692 54723 64 121 57 35
54881 2495 54448 309 433 124 0
55002 2684 54976 26 26 0 0
55016 233 54514 416 502 86 0
55043 1228 52263 510 2780 2270 817
55107 1785 54912 171 195 24 0
55156 3422 55138 18 18 0 0
55172 1570 55009 153 163 10 7
55191 3617 54836 313 355 42 22
55199 2594 55083 106 116 10 0
55319 4738 53980 207 1339 1132 21
55339 2808 55294 39 45 6 0
55368 1798 54999 262 369 107 0
55405 3576 55190 209 215 6 2
55423 1390 54880 423 543 120 0
55509 5 55271 68 238 170 170
55521 4568 53839 386 1682 1296 0
55552 2339 55288 148 264 116 96
55592 188 55317 185 275 90 0
55655 2491 55474 178 181 3 0
55655 302 54267 292 1388 1096 26
55734 4040 55527 74 207 133 129
55735 2013 55613 120 122 2 0
55849 4722 55817 32 32 0 0
55884 2997 52437 183 3447 3264 0
55897 793 55619 237 278 41 12
55904 4458 55138 402 766 364 35
55908 4848 55888 19 20 1 0
55923 3155 55879 39 44 5 0
55951 851 55525 347 426 79 36
56034 1770 55995 39 39 0 0
56048 307 55773 237 275 38 0
56105 4708 52728 211 3377 3166 3064
56150 616 55721 347 429 82 1
56219 4547 56076 97 143 46 0
56284 3437 55987 261 297 36 0
56342 1225 56092 246 250 4 0
56384 4595 52847 505 3537 3032 0
56387 84 56266 61 121 60 19
56403 2158 55947 330 456 126 5
56477 3913 56094 288 383 95 55
56503 4603 55908 150 595 445 0
56530 4941 56460 52 70 18 18
56584 2522 56268 292 316 24 0
56607 2474 56469 137 138 1 0
56665 247 55993 375 672 297 207
56790 2743 56699 64 91 27 1
56805 3876 56559 177 246 69 8
56949 2973 54695 78 2254 2176 2143
57008 814 56900 59 108 49 0
57015 4191 56682 308 333 25 0
57066 4694 56577 395 489 94 0
57114 1064 57038 75 76 1 0
57115 4972 56919 193 196 3 0
57151 4714 53843 345 3308 2963 2913
57351 3946 55603 78 1748 1670 1282
57360 4427 56915 411 445 34 0
57395 445 57060 279 335 56 33
57442 2463 57263 68 179 111 50
57480 4166 57367 52 113 61 31
57613 1880 57574 39 39 0 0
57654 1355 57214 88 440 352 39
57672 1933 57471 192 201 9 0
57765 3667 57377 359 388 29 0
57800 59 57791 9 9 0 0
57883 268 57739 138 144 6 1
57930 2187 57370 410 560 150 0
57937 35 57851 58 86 28 25
57938 1534 57647 233 291 58 26
58008 2634 57630 256 378 122 6
58010 1550 57883 70 127 57 57
58017 2628 57932 83 85 2 0
58102 3704 57618 123 484 361 0
58154 2129 58075 76 79 3 2
58190 270 58157 33 33 0 0
58205 2125 58050 154 155 1 0
58260 2072 57326 315 934 619 0
58263 3281 58212 51 51 0 0
58359 3893 58303 49 56 7 5
58382 2269 57412 360 970 610 168
58403 91 58354 40 49 9 0
58436 3972 58367 45 69 24 22
58541 1176 58297 234 244 10 0
58580 2945 58476 103 104 1 0
58760 854 58542 213 218 5 0
58782 404 58587 68 195 127 102
58788 2041 58620 106 168 62 33
58842 4985 58633 148 209 61 0
58893 832 58837 34 56 22 19
58915 67 57888 350 1027 677 611
58920 2792 58733 176 187 11 0
58950 2512 58907 34 43 9 9
58977 612 58704 253 273 20 0
59007 592 58769 147 238 91 37
59044 4760 59005 39 39 0 0
59134 4296 58715 213 419 206 165
59182 2719 59048 133 134 1 0
59220 3671 58770 394 450 56 0
59241 3397 57419 519 1822 1303 81
59244 3478 58740 279 504 225 0
59253 4307 59173 73 80 7 5
59292 2860 58103 264 1189 925 0
59444 4270 59318 103 126 23 2
59522 2135 59315 185 207 22 19
59604 4787 58394 245 1210 965 0
59662 2844 59336 309 326 17 0
59846 4200 56177 304 3669 3365 0
59860 3355 59442 369 418 49 0
59872 1157 58700 352 1172 820 795
59904 2243 59831 72 73 1 0
60016 1267 56942 473 3074 2601 49
60028 56 59780 138 248 110 0
60029 4890 59035 433 994 561 466
60090 4466 60078 11 12 1 0
60096 4921 59523 492 573 81 0
60170 4664 60112 57 58 1 0
60192 2248 59865 266 327 61 0
60298 4092 60050 174 248 74 0
60341 657 60080 248 261 13 0
60356 2678 57440 354 2916 2562 0
60369 1817 60215 142 154 12 6
60385 113 59528 389 857 468 45
60416 3137 60398 18 18 0 0
60501 4258 60487 13 14 1 0
60570 1506 60467 58 103 45 24
60587 4800 60193 148 394 246 193
60618 1549 60270 323 348 25 0
60631 3501 60171 376 460 84 0
60737 3230 60726 10 11 1 0
60800 1516 60398 329 402 73 0
60846 715 59319 290 1527 1237 16
60923 644 58527 294 2396 2102 2092
60934 1738 60839 79 95 16 12
60969 2489 60763 182 206 24 0
61014 157 60764 223 250 27 0
61022 207 60873 147 149 2 0
61040 1577 60737 227 303 76 0
61141 2874 61065 53 76 23 22
61149 808 58915 399 2234 1835 1717
61178 562 59872 304 1306 1002 827
61220 2473 60929 277 291 14 6
61292 2224 61076 182 216 34 32
61319 4587 61165 134 154 20 18
61327 2721 61305 22 22 0 0
61359 4900 61145 192 214 22 0
61373 4184 61237 128 136 8 7
61427 430 60953 165 474 309 3
61506 1937 61033 384 473 89 79
61578 3664 60924 375 654 279 0
61680 4437 61229 288 451 163 0
61714 1981 61299 354 415 61 21
61720 3666 58045 514 3675 3161 0
61850 4382 61563 244 287 43 10
61919 2088 61491 369 428 59 0
61943 2744 61885 54 58 4 3
61957 2934 61763 190 194 4 0
62015 3627 61254 416 761 345 4
62024 2429 61664 354 360 6 0
62026 1605 61290 440 736 296 107
62062 981 61706 339 356 17 0
62068 2614 61864 163 204 41 0
62082 1558 61549 223 533 310 0
62128 1627 61619 72 509 437 341
62211 3251 61927 276 284 8 0
62261 2264 62169 55 92 37 31
62266 3527 62262 4 4 0 0
62284 29 61944 281 340 59 0
62334 1750 61828 460 506 46 0
62342 1024 62323 19 19 0 0
62365 3955 62311 40 54 14 0
62379 4064 62335 42 44 2 2
62435 2430 61988 351 447 96 0
62450 680 62423 27 27 0 0
62465 371 62260 173 205 32 0
62510 2527 62376 133 134 1 0
62520 1112 62492 28 28 0 0
62596 2177 62350 216 246 30 16
62630 2651 61349 493 1281 788 5
62655 2162 61859 355 796 441 0
62662 774 62530 122 132 10 0
62775 1091 62435 220 340 120 1
62825 1160 61397 181 1428 1247 759
62843 3625 62561 207 282 75 39
62884 36 62484 357 400 43 0
62893 541 62756 74 137 63 1
62933 2679 62518 390 415 25 3
62991 33 62707 215 284 69 0
62999 4906 62468 460 531 71 0
63001 4077 62983 18 18 0 0
63044 152 62993 44 51 7 7
63059 4842 62894 152 165 13 10
63156 4703 62880 133 276 143 81
63161 496 63129 31 32 1 0
63263 436 62860 207 403 196 6
63329 1676 63320 9 9 0 0
63363 4717 63164 172 199 27 0
63394 2396 62799 328 595 267 0
63426 16 61049 426 2377 1951 75
63447 2499 63262 178 185 7 0
63508 4586 63507 1 1 0 0
63518 3313 63474 44 44 0 0
63745 566 63634 99 111 12 0
63804 3024 63442 315 362 47 6
63805 124 63778 27 27 0 0
63837 3020 60405 119 3432 3313 0
63879 2470 63804 73 75 2 1
63913 2951 63890 23 23 0 0
64002 142 63849 150 153 3 0
64050 72 63374 359 676 317 256
64082 2185 63431 219 651 432 29
64188 703 63995 190 193 3 0
64226 4500 64024 171 202 31 30
64294 1795 64222 56 72 16 9
64394 205 64266 126 128 2 0
64432 499 63743 525 689 164 0
64534 3300 63921 463 613 150 0
64543 2903 64150 297 393 96 30
64619 1596 64113 452 506 54 0
64687 2897 64604 66 83 17 16
64701 1103 64011 308 690 382 0
64711 238 64167 172 544 372 368
64732 2807 64037 431 695 264 5
64758 4479 63998 162 760 598 565
64768 2207 64734 33 34 1 0
64783 3646 64020 144 763 619 0
64905 472 64812 69 93 24 24
64917 99 64147 215 770 555 0
64980 2648 64456 471 524 53 0
65038 984 64736 284 302 18 0
65064 13 64206 76 858 782 781
65113 3635 65066 47 47 0 0
65151 493 64960 143 191 48 0
65181 1628 64797 334 384 50 8
65271 272 65179 87 92 5 0
65317 3531 65218 65 99 34 0
65406 2291 65236 166 170 4 0
65449 4511 65366 57 83 26 4
65563 2596 65249 210 314 104 0
65578 2002 65099 404 479 75 0
65598 2696 65261 148 337 189 0
65614 2896 65287 190 327 137 31
65621 1893 65447 167 174 7 0
65676 1268 65642 33 34 1 0
65693 890 65321 187 372 185 0
65770 1424 65605 148 165 17 0
65790 3441 65764 26 26 0 0
65853 3102 65423 385 430 45 0
65855 3054 65757 63 98 35 34
65871 2615 65846 24 25 1 0
65887 4924 65675 151 212 61 0
65993 4033 64449 183 1544 1361 539
65997 2003 65970 26 27 1 0
66046 4438 65422 411 624 213 0
66083 163 65346 197 737 540 0
66154 2039 66105 40 49 9 0
66197 3852 66150 45 47 2 0
66293 970 66170 120 123 3 0
66307 3159 66013 217 294 77 9
66347 2130 66160 182 187 5 0
66352 4700 66204 137 148 11 0
66386 3431 66017 293 369 76 0
66410 206 65865 389 545 156 133
66465 4349 66355 109 110 1 0
66506 570 66423 82 83 1 0
66524 366 66464 59 60 1 0
66538 687 66287 139 251 112 107
66702 2720 66592 63 110 47 29
66747 4249 66287 178 460 282 252
66812 3607 66552 257 260 3 0
66860 1641 65894 535 966 431 52
66929 2304 66854 51 75 24 7
66970 132 66625 313 345 32 0
66976 4524 66658 288 318 30 0
66985 876 66605 103 380 277 0
67031 1116 66657 136 374 238 218
67073 3766 66925 146 148 2 0
67074 837 67001 49 73 24 24
67114 4920 66515 223 599 376 0
67175 4050 66740 356 435 79 0
67177 850 67055 62 122 60 60
67236 1364 66886 66 350 284 274
67325 741 67285 39 40 1 0
67422 647 67225 186 197 11 0
67442 2508 66999 408 443 35 15
67462 1703 67219 221 243 22 9
67465 889 66435 543 1030 487 0
67495 4801 67494 1 1 0 0
67519 361 67266 238 253 15 6
67565 1774 67338 172 227 55 6
67635 891 67265 199 370 171 0
67654 609 67650 4 4 0 0
67668 3244 66587 209 1081 872 0
67674 3751 66856 437 818 381 189
67735 1830 66695 326 1040 714 29
67762 1063 67146 380 616 236 0
67785 345 67319 327 466 139 84
67854 3690 67457 388 397 9 6
67887 1438 67751 75 136 61 35
67953 1410 67924 28 29 1 0
67994 3014 67979 15 15 0 0
68015 2067 67796 217 219 2 0
68017 2375 66178 249 1839 1590 391
68038 3 67616 205 422 217 67
68078 1547 67916 68 162 94 56
68098 2287 68020 76 78 2 0
68133 510 67909 218 224 6 0
68161 628 68099 60 62 2 0
68198 745 67864 314 334 20 0
68304 4882 68274 29 30 1 0
68336 2510 67714 571 622 51 0
68383 2363 68162 218 221 3 0
68440 544 68146 242 294 52 0
68526 2949 68050 391 476 85 0
68615 2983 67970 452 645 193 0
68623 971 68201 390 422 32 7
68701 2497 67947 76 754 678 677
68713 3655 66640 361 2073 1712 173
68840 3665 66169 163 2671 2508 2507
68882 2205 68872 10 10 0 0
68889 2466 64935 388 3954 3566 0
68911 4248 68389 498 522 24 0
68980 2975 68717 218 263 45 37
68981 4598 68499 419 482 63 0
68994 3530 67997 266 997 731 0
69011 2899 68972 38 39 1 0
69032 299 68714 315 318 3 0
69039 4966 68944 69 95 26 8
69060 1067 68871 182 189 7 0
69081 2372 68260 389 821 432 0
69106 3353 66681 386 2425 2039 0
69254 4179 69017 192 237 45 23
69293 4087 69286 7 7 0 0
69333 1 68901 235 432 197 115
69355 2509 69124 77 231 154 134
69374 2938 69344 30 30 0 0
69416 1720 69316 97 100 3 0
69621 1697 69319 268 302 34 0
69633 729 69356 108 277 169 0
69638 1383 69467 146 171 25 0
69658 119 69631 27 27 0 0
69714 3247 69047 416 667 251 0
69716 1312 69682 34 34 0 0
69761 4118 69080 507 681 174 0
69850 1375 69541 189 309 120 56
69916 862 69433 168 483 315 9
69944 3642 69614 67 330 263 251
70021 3884 69741 257 280 23 0
70032 3211 69556 68 476 408 361
70059 11 69413 310 646 336 6
70128 2625 69479 190 649 459 0
70176 517 69758 413 418 5 0
70178 4449 69032 514 1146 632 0
70219 2572 69492 316 727 411 8
70237 3393 70181 54 56 2 0
70316 3823 70307 9 9 0 0
70359 996 70325 28 34 6 6
70385 4506 70199 137 186 49 0
70410 4676 70212 137 198 61 58
70435 3261 70082 261 353 92 0
70448 2216 70285 161 163 2 0
70486 3029 70466 18 20 2 0
70498 1003 70409 46 89 43 2
70561 2537 70545 16 16 0 0
70609 3237 70351 234 258 24 9
70690 1885 70631 57 59 2 0
70696 1409 70604 54 92 38 14
70730 1256 70073 422 657 235 0
70737 4304 70632 103 105 2 0
70839 1567 70594 232 245 13 0
70889 4028 70873 16 16 0 0
70902 3827 70784 116 118 2 0
70942 186 70860 57 82 25 5
70955 614 70860 63 95 32 32
70969 2514 70174 393 795 402 5
70989 1733 70409 275 580 305 0
71014 2038 70188 159 826 667 0
71077 1563 70997 79 80 1 0
71158 252 70825 318 333 15 0
71176 2500 69902 71 1274 1203 1162
71212 1079 71193 19 19 0 0
71220 4880 70420 264 800 536 2
71221 2120 69773 278 1448 1170 132
71231 1427 71203 28 28 0 0
71271 3387 69505 72 1766 1694 1663
71283 767 70527 356 756 400 170
71304 3790 71069 231 235 4 0
71329 4129 71301 28 28 0 0
71385 4542 70936 362 449 87 27
71528 3996 71362 152 166 14 13
71592 4265 69535 596 2057 1461 0
71614 3094 71572 33 42 9 3
71624 3769 70421 535 1203 668 15
71652 2524 70617 381 1035 654 640
71725 1876 70933 345 792 447 0
71748 4612 71686 61 62 1 0
71765 2900 71476 245 289 44 0
71828 3836 69673 512 2155 1643 44
71849 4599 71756 64 93 29 11
71909 638 71753 154 156 2 0
71920 1764 71331 507 589 82 0
71940 3379 71441 464 499 35 0
72073 49 71967 104 106 2 0
72085 1955 69934 387 2151 1764 0
72094 4465 69239 312 2855 2543 0
72113 2803 71299 157 814 657 530
72136 738 71531 373 605 232 0
72137 1206 72123 14 14 0 0
72190 347 69096 155 3094 2939 0
72243 2885 72181 60 62 2 0
72330 3049 72242 58 88 30 30
72446 407 72350 91 96 5 0
72486 3471 72018 350 468 118 20
72488 118 70726 293 1762 1469 26
72574 1766 71190 78 1384 1306 1108
72590 2611 72498 90 92 2 0
72601 1515 69134 358 3467 3109 0
72624 4505 72332 140 292 152 70
72624 4898 72411 172 213 41 0
72695 2299 72563 131 132 1 0
72695 3538 72377 177 318 141 0
72719 3773 72638 80 81 1 0
72726 4981 72702 23 24 1 0
72827 1993 72685 128 142 14 0
72846 2733 72827 19 19 0 0
72865 4386 72675 75 190 115 69
72906 2092 72747 156 159 3 0
73002 1317 72971 31 31 0 0
73124 3405 72906 207 218 11 1
73144 4856 73096 42 48 6 6
73194 2100 24727 521 48467 47946 0
73220 4663 72941 157 279 122 0
73330 2927 73017 255 313 58 12
73383 1578 73359 24 24 0 0
73386 3987 72776 217 610 393 30
73424 4104 72692 539 732 193 4
73571 4554 73096 394 475 81 12
73598 1423 73466 112 132 20 0
73685 502 73675 10 10 0 0
73729 3589 73426 241 303 62 0
73753 2183 73748 5 5 0 0
73841 1772 72991 478 850 372 0
73858 1300 73829 29 29 0 0
73918 234 73473 422 445 23 17
73983 1420 73612 252 371 119 0
74047 1006 74005 41 42 1 0
74144 3942 73614 372 530 158 21
74187 4376 26222 261 47965 47704 0
74210 761 74076 93 134 41 0
74226 2879 74060 128 166 38 0
74348 4745 73769 408 579 171 0
74349 4389 74085 157 264 107 14
74386 2519 74207 175 179 4 0
74412 4582 74124 143 288 145 96
74444 1135 74037 362 407 45 13
74490 3421 74208 173 282 109 0
74562 459 74537 25 25 0 0
74732 894 74634 97 98 1 0
74751 3358 74655 85 96 11 0
74808 87 74547 237 261 24 17
74849 353 74830 15 19 4 4
74891 2613 74489 372 402 30 16
74974 2918 74396 422 578 156 0
74976 1883 74943 33 33 0 0
75006 1807 74882 122 124 2 0
75015 501 74690 215 325 110 0
75015 1489 74978 36 37 1 0
75026 4624 74883 139 143 4 0
75051 2174 74860 180 191 11 0
75060 1170 74552 467 508 41 3
75107 784 74182 455 925 470 106
75112 3090 75097 15 15 0 0
75117 183 74874 155 243 88 0
75133 1804 74615 349 518 169 137
75199 3588 75144 54 55 1 0
75209 4699 75057 69 152 83 78
75273 529 75267 6 6 0 0
75301 2033 75089 70 212 142 142
75326 3365 75303 23 23 0 0
75337 3855 74396 288 941 653 0
75386 393 74514 426 872 446 71
75411 3112 75179 173 232 59 0
75421 2627 75243 149 178 29 0
75465 4693 74844 256 621 365 292
75535 1954 74655 73 880 807 796
75550 2077 75284 240 266 26 0
75604 1787 75528 68 76 8 8
75631 518 75603 28 28 0 0
75638 4074 75363 165 275 110 0
75691 4510 75596 94 95 1 0
75784 1433 75690 93 94 1 0
75810 2440 75635 163 175 12 0
75818 3309 75650 165 168 3 0
75840 4718 74530 524 1310 786 0
75844 3806 75366 414 478 64 56
75908 1541 75861 46 47 1 0
75915 4138 74562 200 1353 1153 1145
75945 1904 74113 389 1832 1443 0
76079 2729 28865 178 47214 47036 46984
76265 3312 76111 148 154 6 0
76345 2164 75959 343 386 43 0
76421 190 76062 286 359 73 25
76443 4014 76352 67 91 24 6
76467 2740 76423 44 44 0 0
76501 1470 76294 154 207 53 52
76578 4929 76131 75 447 372 337
76591 801 75981 424 610 186 16
76671 3784 76282 315 389 74 0
76871 3467 76419 259 452 193 127
76957 292 76650 246 307 61 0
77007 3105 76755 179 252 73 0
77051 4550 76628 419 423 4 0
77094 250 76797 227 297 70 10
77148 3012 76813 327 335 8 0
77183 4065 76566 540 617 77 0
77287 2773 77203 83 84 1 0
77350 4280 77053 279 297 18 0
77374 2839 77133 167 241 74 9
77395 732 77000 365 395 30 0
77523 4464 77163 318 360 42 23
77543 2386 77342 199 201 2 0
77604 1988 77600 4 4 0 0
77616 2279 77431 68 185 117 116
77642 2748 77573 67 69 2 0
77686 1172 77320 297 366 69 0
77730 3253 76791 409 939 530 0
77839 598 77817 22 22 0 0
77869 4994 77853 16 16 0 0
77909 2837 77750 152 159 7 0
77941 3413 76906 363 1035 672 0
77945 757 77820 124 125 1 0
77953 133 77624 299 329 30 0
77959 1589 77659 266 300 34 0
78077 1580 77834 200 243 43 41
78097 3174 78000 72 97 25 24
78117 2849 78054 47 63 16 3
78143 3909 77949 180 194 14 0
78151 2777 78060 90 91 1 0
78191 1642 78001 188 190 2 0
78207 51 77893 76 314 238 139
78419 766 77691 548 728 180 0
78444 1903 78276 72 168 96 65
78472 351 78413 55 59 4 0
78509 663 78463 44 46 2 0
78532 2258 78048 419 484 65 51
78535 3567 78511 23 24 1 0
78584 4688 78352 74 232 158 60
78587 470 78521 53 66 13 12
78604 3224 78325 223 279 56 1
78616 3903 76280 340 2336 1996 1928
78647 1359 76010 439 2637 2198 0
78697 640 77702 590 995 405 0
78716 1722 78502 209 214 5 0
78756 3748 78613 133 143 10 4
78817 1463 29009 420 49808 49388 46963
78863 4017 78603 210 260 50 0
78879 4287 78868 11 11 0 0
79005 4977 78657 339 348 9 5
79020 3906 79005 15 15 0 0
79058 3491 79024 33 34 1 0
79083 4439 78859 221 224 3 0
79117 3539 78237 613 880 267 0
79192 1640 79138 52 54 2 1
79218 2389 78981 140 237 97 40
79279 460 79224 55 55 0 0
79297 4262 78865 408 432 24 6
79312 690 79200 68 112 44 43
79364 2478 77230 483 2134 1651 4
79395 2121 78846 487 549 62 0
79429 3071 79353 58 76 18 18
79475 3038 79121 349 354 5 0
79534 2516 78927 206 607 401 0
79779 3687 79623 153 156 3 0
79801 829 79790 11 11 0 0
79804 4484 79610 190 194 4 0
79818 397 79728 43 90 47 43
79832 956 78765 521 1067 546 0
79874 3092 79831 42 43 1 0
79910 3319 79714 123 196 73 0
79928 2637 79578 339 350 11 0
79948 4620 79678 235 270 35 0
79983 3612 79729 173 254 81 51
80024 2426 78806 503 1218 715 30
80125 4850 79502 527 623 96 33
80230 4160 78268 388 1962 1574 1217
80267 2965 80119 141 148 7 5
80291 2283 80283 8 8 0 0
80302 546 79345 148 957 809 0
80333 3825 80028 282 305 23 0
80391 3764 80307 57 84 27 27
80395 2853 80134 192 261 69 15
80445 1756 80311 114 134 20 5
80476 3659 80345 68 131 63 19
80493 4503 79587 382 906 524 396
80501 41 80037 391 464 73 0
80503 776 80220 155 283 128 0
80534 3328 80380 144 154 10 0
80573 2866 80152 397 421 24 6
80654 1543 80541 111 113 2 0
80656 3712 78195 509 2461 1952 0
80657 1059 80577 78 80 2 0
80718 919 80543 149 175 26 0
80781 1005 80671 61 110 49 6
80802 3424 80696 105 106 1 0
80805 2032 80780 25 25 0 0
80929 1747 33538 244 47391 47147 47071
80983 170 80721 121 262 141 0
80993 1680 80816 175 177 2 0
81053 4370 80485 415 568 153 106
81074 287 80717 301 357 56 2
81190 1362 15148 474 66042 65568 0
81270 1648 37110 198 44160 43962 14
81299 733 81248 50 51 1 0
81426 4456 80721 513 705 192 26
81441 3330 81416 25 25 0 0
81461 1990 81245 119 216 97 0
81494 955 81073 311 421 110 0
81519 847 81422 96 97 1 0
81561 3702 81208 328 353 25 0
81571 748 81413 155 158 3 0
81613 3985 37967 295 43646 43351 43212
81619 3193 81048 509 571 62 0
81625 4394 34631 512 46994 46482 0
81682 2029 81492 90 190 100 0
81702 372 81660 42 42 0 0
81760 3681 81479 70 281 211 43
81817 1615 81767 38 50 12 12
81832 1529 81707 122 125 3 0
81869 3374 81664 179 205 26 19
81879 3219 81784 74 95 21 20
81893 785 81726 118 167 49 13
82006 454 81962 44 44 0 0
82030 3030 81615 363 415 52 11
82048 283 82003 39 45 6 4
82087 4368 81878 166 209 43 0
82115 3735 82102 13 13 0 0
82135 3283 81959 161 176 15 0
82176 1688 81369 360 807 447 0
82183 4696 81972 163 211 48 2
82188 1329 82116 62 72 10 0
82241 150 81925 291 316 25 13
82280 1480 81501 569 779 210 0
82282 4244 82262 20 20 0 0
82288 1245 82247 39 41 2 0
82346 189 81753 480 593 113 0
82347 339 81726 222 621 399 122
82353 1342 82328 25 25 0 0
82399 476 82375 24 24 0 0
82407 2494 82372 34 35 1 0
82455 1781 82445 10 10 0 0
82503 4945 82427 50 76 26 0
82510 2171 82380 101 130 29 28
82603 166 82204 173 399 226 0
82609 4901 82157 416 452 36 0
82646 2538 82619 27 27 0 0
82674 4227 82344 311 330 19 4
82683 4380 82510 165 173 8 0
82774 2552 82723 46 51 5 5
82858 2336 82418 195 440 245 146
82895 3817 82767 105 128 23 16
82899 1026 82291 548 608 60 0
82926 3686 81360 76 1566 1490 1430
82933 185 82422 377 511 134 82
82952 859 81990 205 962 757 751
82955 2144 82720 199 235 36 15
82992 3995 82951 35 41 6 5
83055 4984 82953 101 102 1 0
83083 400 82456 528 627 99 0
83127 389 83109 18 18 0 0
83159 599 82920 225 239 14 0
83166 1691 81721 182 1445 1263 0
83235 994 83115 117 120 3 0
83248 988 83059 185 189 4 0
83333 3391 83159 58 174 116 115
83346 3937 83230 109 116 7 6
83381 4133 83351 30 30 0 0
83416 3343 83204 209 212 3 0
83460 1847 83027 377 433 56 0
83590 3772 83402 165 188 23 0
83613 4460 83097 359 516 157 7
83657 2617 83537 108 120 12 0
83728 1690 83714 14 14 0 0
83785 990 83735 48 50 2 0
83896 4645 83775 103 121 18 9
83982 4632 83331 490 651 161 0
83988 3316 83084 391 904 513 225
84017 4508 83922 50 95 45 45
84033 3857 84023 10 10 0 0
84040 2006 83792 176 248 72 0
84166 3249 83397 73 769 696 687
84177 1041 84052 108 125 17 0
84197 3195 84165 32 32 0 0
84306 2507 84143 152 163 11 0
84332 4015 84175 102 157 55 0
84377 1662 84011 291 366 75 0
84447 730 83955 402 492 90 51
84468 3750 83920 257 548 291 0
84493 180 84224 231 269 38 4
84551 1809 83240 482 1311 829 662
84565 1583 83073 266 1492 1226 11
84634 2353 84418 151 216 65 0
84646 2189 84388 254 258 4 0
84654 1149 83987 398 667 269 54
84681 913 84669 12 12 0 0
84682 3761 84202 160 480 320 306
84745 720 84475 268 270 2 0
84752 3543 83087 75 1665 1590 1575
84760 2388 84614 144 146 2 0
84866 2577 83638 331 1228 897 0
84875 1700 84139 343 736 393 0
84946 4082 84874 70 72 2 0
84951 74 83121 369 1830 1461 584
84984 2629 84854 73 130 57 32
85051 3114 85001 49 50 1 0
85181 2090 81901 349 3280 2931 0
85264 4319 85079 182 185 3 0
85322 3720 83568 404 1754 1350 0
85403 2374 84694 221 709 488 445
85418 920 85081 322 337 15 0
85445 114 85302 141 143 2 0
85458 2737 84855 390 603 213 9
85481 3874 85189 166 292 126 3
85501 2583 85078 336 423 87 0
85534 771 85428 48 106 58 0
85547 105 85435 109 112 3 1
85556 2338 85431 123 125 2 0
85597 4470 85374 68 223 155 45
85734 3528 85381 302 353 51 0
85809 3350 85493 266 316 50 0
85841 2917 85628 182 213 31 0
85917 375 85819 96 98 2 0
85936 381 85821 65 115 50 21
85953 1429 85830 120 123 3 1
86091 1316 85041 175 1050 875 0
86189 1912 86150 34 39 5 0
86442 3540 85964 457 478 21 0
86454 4448 86355 60 99 39 37
86474 870 86444 30 30 0 0
86491 2350 86490 1 1 0 0
86492 4404 86160 313 332 19 9
86591 4975 86449 124 142 18 6
86594 3814 86144 265 450 185 63
86627 1434 86541 64 86 22 1
86641 1191 86469 159 172 13 6
86652 4409 86648 4 4 0 0
86680 3550 86136 262 544 282 44
86744 2322 86626 115 118 3 0
86790 2513 86235 292 555 263 0
86822 1039 86657 150 165 15 0
86890 1533 85537 78 1353 1275 562
86902 3039 86752 148 150 2 0
86917 3885 86314 388 603 215 0
86932 4724 86343 508 589 81 19
86994 3473 86717 274 277 3 0
87008 2971 86519 234 489 255 46
87136 4934 86949 176 187 11 0
87157 1565 87141 16 16 0 0
87167 4913 86835 319 332 13 0
87180 4526 87165 15 15 0 0
87271 1235 87001 258 270 12 0
87397 3107 87024 325 373 48 0
87413 2768 86326 367 1087 720 0
87470 3789 87343 54 127 73 9
87517 2644 87114 382 403 21 0
87536 4677 87000 412 536 124 18
87600 4749 87065 381 535 154 1
87671 1882 87028 336 643 307 5
87679 4917 87495 167 184 17 16
87760 2539 87648 51 112 61 61
87794 895 87737 46 57 11 2
87858 4267 87554 279 304 25 9
87867 4297 87381 335 486 151 0
87929 4181 87761 65 168 103 22
87957 594 87956 1 1 0 0
87971 2045 87731 236 240 4 0
88011 3680 87672 291 339 48 21
88053 296 87808 125 245 120 110
88119 181 87275 379 844 465 0
88138 1906 87992 143 146 3 0
88367 4066 88335 32 32 0 0
88413 304 88141 268 272 4 0
88497 1152 88023 399 474 75 0
88601 2650 88375 170 226 56 19
88664 857 88266 328 398 70 2
88672 3221 88377 219 295 76 28
88704 164 88545 151 159 8 0
88719 2190 88314 319 405 86 44
88831 3346 88586 206 245 39 0
88858 4358 88418 237 440 203 0
88863 2862 88590 164 273 109 88
88883 722 88771 110 112 2 0
88901 4691 88187 589 714 125 0
88956 2798 88794 99 162 63 22
89080 2421 89056 24 24 0 0
89089 3837 88987 93 102 9 0
89112 3060 89104 8 8 0 0
89155 2278 89129 26 26 0 0
89163 1877 89037 123 126 3 0
89222 4241 88517 297 705 408 0
89248 4952 88845 316 403 87 24
89319 2040 89279 39 40 1 0
89420 3803 89402 17 18 1 0
89466 3116 89417 45 49 4 4
89484 2445 89115 321 369 48 0
89487 3062 89110 217 377 160 3
89497 4818 88043 318 1454 1136 0
89519 4841 89304 112 215 103 78
89534 3832 89019 386 515 129 0
89549 2847 89483 59 66 7 7
89569 44 88622 520 947 427 0
89773 4758 89714 45 59 14 13
89796 419 89350 263 446 183 170
89864 488 89665 179 199 20 2
89896 4286 89881 15 15 0 0
89902 1413 89839 54 63 9 0
89967 2692 87502 581 2465 1884 100
89983 2609 89748 233 235 2 0
90016 3910 89828 163 188 25 8
90024 2252 89628 336 396 60 0
90078 4494 89441 491 637 146 109
90087 2908 88454 72 1633 1561 1449
90102 3074 88697 144 1405 1261 17
90129 2974 90109 20 20 0 0
90150 3707 90055 58 95 37 36
90219 719 87993 306 2226 1920 1781
90224 2348 90169 53 55 2 2
90243 1273 89817 379 426 47 0
90362 4659 90068 228 294 66 62
90389 498 89763 139 626 487 0
90484 2293 90142 295 342 47 0
90542 254 88831 400 1711 1311 0
90549 1995 90265 270 284 14 0
90683 1441 90616 55 67 12 9
90704 1560 90398 303 306 3 0
90755 4392 90616 138 139 1 0
90775 3931 88776 386 1999 1613 0
90821 3104 90673 135 148 13 0
90823 369 89342 315 1481 1166 0
90918 2182 90681 70 237 167 143
90963 3400 90918 44 45 1 0
91011 4593 90969 42 42 0 0
91020 2060 90562 282 458 176 0
91036 789 87620 381 3416 3035 0
91111 892 90640 380 471 91 0
91146 1508 91143 3 3 0 0
91148 696 91108 40 40 0 0
91156 1669 91136 19 20 1 0
91373 567 91054 294 319 25 0
91424 1167 91397 26 27 1 0
91468 2308 89631 412 1837 1425 0
91487 2575 91476 11 11 0 0
91559 3688 91383 148 176 28 0
91567 4316 90773 306 794 488 106
91602 4206 91572 30 30 0 0
91631 2567 91119 439 512 73 38
91634 81 91223 374 411 37 0
91688 3517 91164 390 524 134 0
91753 1635 91752 1 1 0 0
91772 914 91655 114 117 3 0
91795 3264 91651 132 144 12 0
91826 2354 91347 271 479 208 19
91884 3563 90983 581 901 320 61
91896 2936 91863 33 33 0 0
91923 4537 91438 256 485 229 130
91930 1426 91909 20 21 1 0
92003 4290 91842 159 161 2 0
92078 4242 91244 283 834 551 0
92175 2152 92118 54 57 3 3
92196 1306 92032 162 164 2 0
92230 2069 91648 492 582 90 0
92246 57 87435 558 4811 4253 0
92277 448 92095 67 182 115 94
92292 1514 92078 201 214 13 1
92323 4666 87894 372 4429 4057 0
92345 1782 92286 51 59 8 7
92364 4600 92363 1 1 0 0
92574 4702 92300 228 274 46 6
92607 457 92318 253 289 36 6
92607 4314 92557 50 50 0 0
92739 3065 92190 321 549 228 180
92778 4707 92719 58 59 1 0
92788 2014 92549 153 239 86 74
92808 358 92666 140 142 2 0
92836 2580 92248 392 588 196 0
92863 3157 92696 135 167 32 16
92871 38 92834 37 37 0 0
92883 3809 92033 517 850 333 52
92942 425 92846 84 96 12 0
93006 4374 92678 75 328 253 253
93038 1136 92408 297 630 333 22
93092 3684 92596 429 496 67 40
93120 2409 92784 322 336 14 0
93157 3808 93013 94 144 50 0
93231 2835 93099 104 132 28 0
93269 3805 92993 140 276 136 67
93373 653 93006 305 367 62 5
93383 4846 93272 94 111 17 0
93392 2151 93264 121 128 7 0
93402 2800 93140 258 262 4 0
93408 48 93374 29 34 5 2
93485 782 92997 355 488 133 2
93491 2145 92967 65 524 459 0
93501 4788 93182 170 319 149 120
93663 3255 93184 381 479 98 15
93714 336 93688 26 26 0 0
93752 2833 93433 250 319 69 59
93775 4237 93697 57 78 21 8
93809 4859 93414 365 395 30 0
93827 819 93678 148 149 1 0
93840 2019 93404 361 436 75 49
93855 376 93730 119 125 6 0
93874 2244 93536 207 338 131 0
93891 871 93665 181 226 45 0
93982 4838 92401 491 1581 1090 0
94028 707 93939 88 89 1 0
94066 2383 94018 37 48 11 5
94128 747 92692 381 1436 1055 26
94143 3181 94130 13 13 0 0
94269 355 94235 34 34 0 0
94276 3833 93061 453 1215 762 0
94284 3736 94179 76 105 29 0
94315 208 93511 261 804 543 540
94381 4832 94309 71 72 1 0
94562 45 94257 254 305 51 13
94602 1886 94205 343 397 54 0
94662 1910 94625 37 37 0 0
94674 1199 94477 188 197 9 1
94716 1843 94629 52 87 35 34
94722 3570 94658 53 64 11 10
94865 3202 93654 319 1211 892 272
94873 4114 94743 127 130 3 0
95001 2498 94443 341 558 217 0
95023 4719 94541 250 482 232 8
95039 4802 94075 456 964 508 0
95041 1643 94103 503 938 435 26
95047 2110 94852 192 195 3 0
95113 1099 94296 462 817 355 0
95142 4451 94907 71 235 164 164
95331 3661 94533 538 798 260 184
95346 4379 95323 20 23 3 3
95370 4734 93161 211 2209 1998 0
95406 3590 94358 571 1048 477 0
95411 1655 95371 39 40 1 0
95427 1682 94954 319 473 154 0
95547 2788 93010 398 2537 2139 2125
95549 429 95504 45 45 0 0
95554 4366 95407 145 147 2 0
95570 508 95364 66 206 140 100
95682 3636 95121 432 561 129 1
95744 3794 95709 34 35 1 0
95752 3270 95194 153 558 405 0
95764 4189 95163 523 601 78 0
95790 1036 95678 111 112 1 0
95871 2784 95801 65 70 5 5
95903 4444 95848 55 55 0 0
95994 1530 95655 333 339 6 1
96039 4735 93266 348 2773 2425 2369
96041 548 95979 60 62 2 0
96101 4768 96041 57 60 3 3
96108 3756 95989 118 119 1 0
96185 2141 95945 150 240 90 55
96186 4713 95646 497 540 43 0
96221 2630 96086 97 135 38 3
96229 4148 95797 373 432 59 0
96306 1320 94373 76 1933 1857 1857
96505 75 96277 188 228 40 9
96541 2306 96413 124 128 4 2
96572 1539 96127 372 445 73 12
96653 4001 96635 18 18 0 0
96673 4306 96486 149 187 38 0
96784 117 96311 423 473 50 0
96807 4292 96610 163 197 34 0
96845 3208 96582 220 263 43 15
96891 490 96747 70 144 74 61
96918 4951 96366 405 552 147 7
96931 3016 96636 173 295 122 74
96941 1178 96743 146 198 52 0
96979 129 96895 47 84 37 32
97049 3162 97000 45 49 4 4
97078 2490 96988 69 90 21 5
97084 2438 96728 318 356 38 0
97202 3509 96825 165 377 212 121
97296 3242 97049 218 247 29 0
97312 1659 97141 162 171 9 6
97338 1500 96842 467 496 29 0
97355 2727 97140 145 215 70 63
97359 3072 97326 33 33 0 0
97378 54 96898 385 480 95 44
97459 4385 96889 341 570 229 0
97490 3450 97368 121 122 1 0
97618 2180 96754 256 864 608 36
97771 2277 97074 394 697 303 0
97785 2169 97654 130 131 1 0
97785 2468 97764 21 21 0 0
97788 3080 97743 43 45 2 0
97804 2200 97740 63 64 1 0
97826 2569 97806 20 20 0 0
97881 2209 97844 37 37 0 0
97956 4778 97529 381 427 46 0
98054 3334 97515 421 539 118 48
98071 3333 98070 1 1 0 0
98099 3171 98077 22 22 0 0
98125 3229 98041 60 84 24 5
98173 3611 98127 46 46 0 0
98239 1962 97869 327 370 43 0
98241 4162 87972 411 10269 9858 0
98311 273 97937 283 374 91 0
98326 4922 97900 224 426 202 0
98430 4777 87542 533 10888 10355 512
98454 3026 98393 59 61 2 0
98560 4000 91227 402 7333 6931 0
98585 83 98422 152 163 11 9
98651 2433 98454 192 197 5 0
98677 1440 98098 267 579 312 2
98683 3418 97992 524 691 167 0
98791 3179 98616 150 175 25 19
98804 4905 98674 99 130 31 4
98818 145 98791 27 27 0 0
98838 1621 98594 160 244 84 0
98929 4692 98908 21 21 0 0
98944 2688 98687 251 257 6 0
99006 3801 88637 623 10369 9746 9286
99055 191 98439 464 616 152 0
99121 3007 98559 162 562 400 0
99138 3711 99094 39 44 5 4
99249 3549 98802 392 447 55 8
99383 1784 99366 17 17 0 0
99389 2641 98826 261 563 302 0
99420 1815 99410 10 10 0 0
99434 277 98179 181 1255 1074 182
99507 4811 99027 396 480 84 29
99548 2702 99444 103 104 1 0
99618 1837 99585 32 33 1 0
99649 1315 99540 108 109 1 0
99669 1911 99656 13 13 0 0
99712 2071 99689 23 23 0 0
99721 3186 99588 131 133 2 0
99766 1985 99606 115 160 45 0
99816 3851 99633 137 183 46 42
99886 1391 99479 343 407 64 17
99896 3429 99886 10 10 0 0
99902 550 99503 242 399 157 0
99929 2607 99399 329 530 201 8
99996 4395 99593 66 403 337 337
